surveys/q10_3/matrix_q10_3s7.txt
north:            -537.50
south:           -1267.50
east:             2691.00
west:              -93.00
rows:                 148
cols:                 278
null:              -999.0
[rows 0 to 37 of 148, columns 0 to 83 of 278]
74.6 68.2 75.5 80.0 84.3 81.6 75.1 85.6 89.3 81.1 79.6 75.7 66.5 65.9 70.3 63.1 62.2 63.9 62.9 67.0 70.3 69.4 63.3 67.6 75.1 73.6 78.6 83.2 71.9 75.8 80.1 66.9 63.2 70.9 73.8 78.8 -999.0 -999.0 -999.0 -999.0 77.2 78.3 82.7 84.6 80.8 80.3 77.1 82.3 85.5 89.4 95.2 86.3 83.7 89.1 89.4 90.9 90.4 89.2 89.6 80.7 77.2 73.8 68.4 69.3 71.8 71.3 68.6 67.0 76.3 67.1 63.9 65.0 63.7 51.0 45.4 48.3 49.0 51.7 49.8 59.4 66.6 62.1 46.1 49.3
74.6 69.3 75.1 80.0 83.4 81.4 76.4 85.6 89.8 81.1 79.7 75.8 67.6 66.3 69.3 70.0 60.8 63.9 60.3 67.2 69.9 69.7 63.1 67.8 75.4 73.7 78.8 83.3 72.4 75.7 80.3 67.1 61.1 71.1 68.3 77.2 -999.0 -999.0 -999.0 -999.0 77.2 82.3 83.6 84.6 81.4 81.7 75.6 82.2 85.0 89.5 95.9 86.4 83.0 88.9 90.0 91.2 90.7 89.3 89.2 80.6 76.6 75.5 67.9 69.1 72.2 71.1 69.9 68.2 76.0 66.9 63.9 65.0 63.6 51.1 45.4 48.2 48.5 51.6 49.3 60.9 66.9 61.9 48.4 50.2
74.7 72.2 75.6 78.7 84.6 84.0 78.6 86.0 88.9 81.7 79.6 77.4 71.5 71.3 75.8 80.3 79.3 75.0 77.9 73.5 72.2 71.4 68.9 67.8 75.2 76.0 82.6 84.6 72.3 77.4 80.8 68.9 65.0 76.1 92.9 107.6 -999.0 -999.0 -999.0 -999.0 77.2 85.8 82.7 84.5 83.1 81.8 78.8 83.9 87.6 93.3 98.4 89.1 82.5 91.4 92.2 92.7 92.4 90.2 89.0 82.2 78.4 78.2 71.3 68.8 73.4 69.7 70.0 70.0 76.7 65.9 66.2 67.6 64.8 55.7 49.2 48.2 51.2 55.7 51.7 60.5 65.2 62.2 54.5 70.6
74.7 81.6 80.5 78.9 84.0 84.7 79.7 85.7 89.6 81.4 85.4 84.6 92.2 88.8 93.3 92.7 97.1 90.4 97.5 90.3 91.7 84.5 85.5 78.0 75.5 78.3 83.4 84.8 75.4 77.9 80.4 71.5 65.7 87.0 101.3 108.8 -999.0 -999.0 -999.0 -999.0 77.2 111.3 82.1 85.8 84.9 82.0 79.3 83.7 89.6 96.5 99.3 91.6 86.2 91.3 96.2 95.1 92.8 91.4 91.3 83.3 76.3 78.4 73.3 68.9 72.8 70.6 72.5 70.5 77.7 66.9 67.8 69.2 64.4 52.8 47.7 49.7 48.2 55.4 50.4 61.2 65.0 62.2 87.1 98.9
74.7 83.5 81.5 78.9 84.1 84.8 80.1 85.7 89.5 81.4 84.4 84.9 88.8 89.6 89.7 93.1 93.5 91.0 93.5 90.9 87.8 103.5 76.2 97.5 102.3 96.0 100.4 -999.0 100.4 97.7 103.0 93.5 99.7 99.9 107.7 -999.0 -999.0 -999.0 -999.0 -999.0 -999.0 112.7 111.2 87.2 82.5 83.2 80.7 84.5 91.8 97.3 99.3 92.9 88.9 93.0 93.0 96.8 94.9 92.6 90.8 85.0 81.2 78.5 73.5 68.1 71.0 70.0 70.1 70.7 75.4 68.7 68.2 68.6 64.2 61.7 58.1 67.9 63.5 68.4 65.2 65.6 67.6 77.2 97.8 107.3
-999.0 -999.0 82.0 -999.0 84.0 -999.0 80.2 -999.0 89.6 -999.0 85.5 -999.0 92.5 -999.0 93.3 -999.0 97.1 -999.0 97.5 -999.0 91.7 104.7 75.5 98.4 97.2 96.8 97.1 -999.0 95.5 98.7 98.7 94.8 93.2 108.7 108.3 -999.0 -999.0 -999.0 -999.0 -999.0 -999.0 -999.0 105.5 97.4 97.7 94.7 78.4 91.7 92.4 101.6 95.7 93.2 89.3 94.9 92.6 96.5 92.2 91.5 90.6 87.1 80.7 80.5 77.6 68.5 71.0 73.8 69.3 77.3 77.2 101.6 79.2 80.8 81.4 86.8 83.2 88.1 86.9 89.0 83.7 85.1 85.3 93.7 102.8 114.5
-999.0 -999.0 -999.0 -999.0 -999.0 -999.0 -999.0 -999.0 -999.0 -999.0 -999.0 -999.0 -999.0 -999.0 -999.0 -999.0 -999.0 -999.0 -999.0 -999.0 -999.0 -999.0 -999.0 -999.0 102.4 -999.0 100.4 -999.0 100.4 -999.0 103.0 -999.0 99.9 109.4 -999.0 -999.0 -999.0 -999.0 -999.0 -999.0 -999.0 -999.0 111.3 99.1 94.4 115.8 117.7 113.4 92.3 116.0 96.4 113.7 89.0 95.2 93.8 95.9 93.9 96.2 92.8 87.9 84.9 103.1 74.9 80.1 82.9 95.6 92.1 104.8 103.3 117.5 109.6 104.8 103.0 104.9 93.3 103.0 105.9 104.4 105.3 103.7 102.7 110.6 110.1 118.6
-999.0 -999.0 -999.0 -999.0 -999.0 -999.0 -999.0 -999.0 -999.0 -999.0 -999.0 -999.0 -999.0 -999.0 -999.0 -999.0 -999.0 -999.0 -999.0 -999.0 -999.0 -999.0 -999.0 -999.0 -999.0 -999.0 -999.0 -999.0 -999.0 -999.0 -999.0 -999.0 -999.0 -999.0 -999.0 -999.0 -999.0 -999.0 -999.0 -999.0 -999.0 -999.0 -999.0 -999.0 97.8 116.5 110.2 114.2 92.4 118.2 95.7 114.7 89.0 120.5 121.3 95.9 122.8 121.4 122.4 122.6 122.7 123.3 120.7 119.5 111.3 116.9 118.6 118.4 108.3 122.5 119.9 116.2 121.2 118.7 105.9 118.6 119.0 123.4 118.3 117.1 115.6 118.1 120.3 123.1
-999.0 -999.0 -999.0 -999.0 -999.0 -999.0 -999.0 -999.0 -999.0 -999.0 -999.0 -999.0 -999.0 -999.0 -999.0 -999.0 -999.0 -999.0 -999.0 -999.0 -999.0 -999.0 -999.0 -999.0 -999.0 -999.0 -999.0 -999.0 -999.0 -999.0 -999.0 -999.0 -999.0 -999.0 -999.0 -999.0 -999.0 -999.0 -999.0 -999.0 -999.0 -999.0 -999.0 -999.0 -999.0 -999.0 117.8 -999.0 -999.0 -999.0 -999.0 -999.0 89.0 120.5 116.9 -999.0 118.9 123.2 118.7 122.4 122.3 123.6 122.2 122.3 123.1 123.5 122.0 123.0 120.1 126.3 124.9 120.8 124.8 123.3 123.6 123.3 122.2 123.7 125.6 123.7 122.7 124.2 125.9 126.1
77.0 75.9 77.1 75.4 76.3 78.3 78.8 77.8 -999.0 76.0 79.6 79.5 79.1 -999.0 77.2 -999.0 74.8 90.9 -999.0 94.0 78.0 -999.0 93.2 -999.0 103.1 -999.0 80.8 89.3 70.6 73.7 69.8 105.5 -999.0 -999.0 -999.0 -999.0 -999.0 -999.0 -999.0 113.9 -999.0 -999.0 -999.0 -999.0 -999.0 -999.0 -999.0 -999.0 -999.0 -999.0 -999.0 -999.0 -999.0 120.5 121.8 -999.0 122.9 123.5 122.9 122.3 123.0 123.5 123.9 126.1 121.9 124.6 121.1 122.1 123.6 123.2 124.8 122.0 124.4 124.5 129.3 124.5 126.4 125.5 124.1 125.8 125.7 125.3 125.0 126.0
76.2 75.7 77.2 75.5 76.3 78.3 78.2 77.8 77.5 76.1 79.0 79.2 78.9 72.9 76.8 74.3 74.2 88.9 76.0 90.9 78.0 72.4 88.5 72.2 103.1 68.4 78.0 85.8 70.6 72.0 69.2 100.0 67.2 66.1 65.0 69.4 67.5 67.5 87.6 107.4 69.0 71.8 71.7 98.3 94.0 -999.0 -999.0 116.3 -999.0 83.9 -999.0 78.5 74.2 120.8 122.0 -999.0 122.9 123.0 122.5 122.4 123.1 124.1 122.7 126.7 123.7 124.3 123.5 123.0 124.5 125.3 123.9 125.0 125.1 125.2 127.3 125.6 126.8 127.1 125.1 124.8 123.7 125.0 125.6 125.6
77.0 75.7 77.1 75.6 76.3 78.3 78.8 78.0 77.5 76.2 79.6 79.2 79.1 73.5 77.2 74.3 74.8 85.2 76.9 91.3 78.0 72.6 92.9 72.2 103.0 68.6 80.5 85.7 70.6 71.8 69.8 98.8 66.8 66.5 65.6 68.5 67.4 67.4 92.0 107.2 69.0 71.7 71.7 96.7 89.6 71.2 85.0 106.6 75.4 81.3 76.4 78.3 74.1 114.5 116.0 75.5 122.8 121.7 122.2 120.1 123.1 123.3 124.0 125.3 123.4 124.5 125.8 123.2 124.3 123.4 124.7 125.7 124.5 126.2 127.1 125.5 128.6 126.3 126.7 124.5 124.9 125.1 125.6 123.9
73.5 74.5 77.5 76.2 77.7 78.4 75.8 78.4 77.6 77.7 76.7 77.3 78.2 73.5 75.2 74.2 71.6 72.4 72.6 75.5 73.8 72.6 72.6 72.2 72.0 68.9 69.1 67.6 70.6 63.2 66.8 69.2 67.2 66.4 65.0 68.5 67.5 67.8 69.5 71.3 69.0 69.2 71.7 85.2 93.9 71.2 87.5 95.3 75.3 80.1 76.5 78.0 74.2 116.1 86.6 75.6 101.2 99.0 118.9 98.5 119.1 115.4 124.6 120.1 123.5 120.6 116.4 112.7 123.1 111.9 123.7 119.5 124.8 118.8 125.6 122.5 125.3 124.3 124.4 121.8 125.7 123.3 124.8 124.2
72.5 74.3 72.9 76.4 78.6 77.3 79.6 78.8 78.9 78.4 78.9 75.8 76.6 76.6 74.8 74.0 73.6 72.9 74.0 74.2 72.4 73.8 72.5 72.0 68.8 70.2 66.8 67.6 70.4 67.5 66.7 66.7 65.4 68.3 67.6 64.8 66.8 68.2 70.9 65.6 69.1 70.6 72.4 73.6 73.9 71.2 73.8 77.2 75.6 75.5 76.2 75.1 73.9 76.0 76.3 75.5 74.1 75.5 84.9 73.2 73.3 73.2 73.0 104.4 86.8 116.4 87.2 102.6 66.1 74.9 73.5 110.4 116.3 70.6 120.3 109.8 122.2 115.2 123.4 111.0 116.0 99.1 121.8 84.6
72.3 74.2 74.1 74.9 76.1 77.6 77.8 79.0 77.2 78.4 78.4 77.7 77.1 76.2 75.9 73.2 73.7 72.6 73.7 73.6 72.4 74.0 69.4 70.4 69.7 72.2 66.0 66.6 69.5 67.8 70.7 67.7 66.8 68.7 67.6 66.0 68.1 68.6 71.5 67.9 67.6 73.4 71.5 71.2 72.0 71.4 73.7 72.1 73.8 74.4 76.0 75.0 76.8 76.8 77.7 76.9 73.0 74.5 76.2 72.7 70.6 70.3 68.4 69.0 65.6 64.2 71.1 63.2 63.0 64.3 63.4 67.1 56.9 65.7 117.3 75.9 62.9 71.1 72.6 67.4 69.5 72.0 72.5 79.8
71.8 72.3 74.7 74.5 75.3 77.3 76.3 78.4 77.8 79.0 78.0 78.2 75.6 76.5 76.6 75.5 74.2 73.5 73.2 74.2 74.1 73.0 71.3 69.7 69.9 69.1 64.8 65.7 69.4 67.5 67.5 66.8 65.6 67.6 66.6 66.9 67.2 68.6 71.6 70.5 71.2 72.1 73.9 72.6 71.1 72.2 75.9 75.7 74.7 74.0 75.5 75.2 72.9 74.7 75.8 77.1 75.6 74.6 75.2 72.6 70.3 69.8 70.6 68.8 68.1 62.3 66.4 62.3 60.2 63.3 62.9 62.9 58.4 60.7 60.8 62.1 66.5 62.4 63.9 63.0 65.9 69.6 70.6 72.1
72.7 72.8 71.9 75.1 74.8 74.5 77.3 79.1 79.0 79.1 77.8 78.6 77.5 76.3 76.5 74.9 74.6 72.9 74.9 73.5 73.1 72.8 69.6 70.0 71.3 71.8 66.4 65.8 66.7 67.0 69.5 68.9 68.2 68.6 67.1 66.5 65.6 67.4 72.6 69.4 70.1 73.7 72.3 72.9 72.3 72.3 72.9 76.0 77.5 75.8 77.1 75.0 74.1 74.5 75.8 77.4 75.9 76.0 74.4 72.5 72.1 68.6 69.3 69.3 67.5 64.2 64.3 62.4 63.1 63.3 63.8 62.1 59.6 59.0 60.6 62.4 61.4 61.5 62.3 62.0 64.1 68.2 68.0 69.1
71.2 73.7 73.8 73.9 75.8 74.9 78.1 78.0 78.5 77.8 78.9 79.1 78.2 78.1 75.3 75.8 74.7 73.4 73.3 74.2 73.5 74.2 69.1 69.5 69.5 71.1 66.8 66.0 66.7 66.3 68.4 68.3 67.4 67.6 67.6 65.7 67.2 68.1 72.1 67.2 70.6 73.0 70.7 72.7 74.0 73.6 76.6 76.4 75.0 76.4 77.2 75.0 76.0 74.5 76.1 76.9 77.2 73.4 78.6 71.9 71.6 69.8 69.1 69.7 67.5 65.2 59.8 62.3 65.3 62.8 63.2 57.6 62.6 60.7 62.7 64.2 63.6 62.2 62.8 63.5 64.2 66.2 67.2 70.1
71.8 74.1 73.6 75.3 73.2 74.9 78.2 79.6 78.2 78.1 78.7 78.9 78.5 76.4 76.6 75.4 75.6 71.9 73.3 74.0 73.7 73.3 69.0 70.4 71.6 70.6 68.4 67.7 65.2 68.5 69.3 67.4 66.5 66.6 65.3 66.5 67.5 69.6 71.8 70.6 70.8 72.3 73.4 72.6 72.4 74.1 73.5 73.6 74.9 74.6 75.6 76.6 75.2 74.0 74.7 77.0 76.4 75.1 73.1 71.3 71.7 70.7 68.7 73.1 68.7 66.4 62.7 63.6 64.6 63.4 61.7 62.1 62.9 58.8 61.8 63.5 63.9 60.1 62.7 64.1 62.5 67.7 70.3 70.4
73.4 72.5 73.7 75.9 74.4 75.6 77.3 78.1 78.5 77.2 76.9 77.4 81.5 75.3 76.1 75.8 77.4 71.5 75.8 73.8 76.8 72.1 68.6 71.4 72.1 70.3 70.8 68.1 64.6 69.7 67.8 68.4 67.6 66.3 66.2 67.0 67.5 70.6 69.3 69.5 67.4 71.9 73.3 72.4 73.6 73.0 73.3 72.5 74.3 76.4 76.8 77.9 75.5 75.6 76.5 76.0 75.2 76.2 75.6 71.9 71.9 70.3 68.7 73.6 68.5 67.1 67.3 65.2 65.0 62.3 64.5 62.9 64.8 61.5 61.1 64.2 63.3 62.1 62.4 64.6 64.6 68.0 69.8 71.4
72.0 72.8 73.6 74.4 76.6 76.5 77.5 77.2 76.7 78.1 80.2 80.0 78.5 76.4 77.0 76.6 76.6 75.6 75.7 74.9 74.2 71.0 70.4 73.4 71.9 69.4 72.0 70.3 68.8 70.7 69.4 68.8 69.3 66.8 66.2 66.0 67.9 67.8 69.6 69.2 72.0 70.2 69.6 72.5 72.8 72.8 72.3 72.7 74.8 76.0 77.6 75.6 75.4 74.0 75.4 75.8 75.9 75.5 75.3 72.7 69.6 69.2 69.9 73.1 70.0 66.7 66.4 67.8 64.0 63.5 63.7 61.2 63.8 62.0 64.5 65.4 67.1 64.4 62.9 65.4 67.3 68.1 69.5 70.2
72.6 73.3 72.7 74.4 76.1 77.6 77.3 78.6 80.1 78.4 78.5 79.9 80.5 75.2 76.4 76.8 77.6 74.8 76.8 75.4 72.7 71.1 71.8 72.7 74.2 70.1 71.7 70.6 70.0 70.5 72.2 69.6 71.4 68.2 68.6 66.9 70.4 68.7 70.8 69.3 71.4 69.3 72.4 71.7 71.8 72.5 72.7 72.6 73.1 75.2 75.4 75.0 75.2 76.1 75.3 76.6 75.6 76.4 74.3 72.7 71.1 70.0 69.8 74.3 68.5 66.7 66.0 68.4 65.0 62.2 64.2 64.1 63.0 63.0 63.7 64.4 67.2 65.9 66.3 65.3 67.6 66.9 68.8 70.3
75.1 72.5 76.0 75.0 76.1 77.2 77.9 78.0 79.4 79.8 75.7 80.1 81.7 77.7 78.2 77.3 75.7 78.5 76.7 75.2 73.3 72.5 72.8 73.5 72.3 72.1 73.1 70.9 70.4 71.5 69.4 71.1 70.0 69.3 69.1 68.0 73.5 67.8 67.5 71.0 71.1 71.2 72.5 70.9 74.4 72.1 73.3 72.9 71.1 75.2 73.7 75.0 76.8 78.6 77.1 76.1 75.6 75.2 74.9 72.8 70.4 69.2 68.8 71.8 71.6 68.6 69.3 66.6 65.7 63.6 66.2 65.4 63.4 63.5 63.8 64.3 63.8 66.2 67.6 67.2 69.8 67.6 73.4 71.7
73.0 75.0 73.4 74.8 76.3 76.4 76.8 77.5 74.1 77.1 78.3 78.9 79.2 78.7 81.2 77.2 78.4 78.7 79.3 74.3 74.9 71.5 72.6 73.1 72.6 72.0 73.7 71.6 69.8 72.2 70.3 69.8 70.4 69.9 70.5 67.4 71.6 68.5 69.5 71.4 70.0 70.3 72.4 72.4 71.0 73.1 74.5 73.5 73.1 75.8 77.2 75.7 76.7 77.8 76.0 75.7 77.6 76.9 73.4 72.6 71.5 68.7 66.2 71.4 70.6 70.3 71.7 66.9 64.2 64.8 63.1 65.7 65.7 64.5 65.0 65.8 68.0 66.1 67.8 68.4 68.7 68.8 71.0 72.2
73.6 72.9 72.6 73.8 76.5 76.4 77.1 77.1 78.5 76.1 77.4 80.3 81.1 79.0 78.6 77.3 77.1 79.0 78.1 74.6 72.8 72.7 73.3 73.3 73.7 72.6 73.0 71.9 77.4 71.7 69.7 70.1 70.8 70.3 72.4 67.0 70.4 69.2 69.2 70.4 71.4 69.4 74.7 71.6 72.4 73.8 72.2 74.8 74.3 75.2 75.1 75.1 75.7 77.7 75.6 75.5 75.2 76.3 74.3 72.8 72.7 69.7 68.5 70.9 67.9 70.9 71.6 67.5 65.7 65.1 64.5 66.0 66.6 65.3 65.8 65.7 61.7 68.6 67.8 68.1 68.5 70.0 71.2 72.4
73.9 73.9 75.0 74.5 73.7 77.4 76.6 77.2 79.1 77.5 76.1 81.3 80.5 80.0 77.4 78.7 77.0 78.9 77.0 75.0 74.1 72.8 74.3 74.9 74.9 75.0 75.2 72.7 70.8 72.6 70.9 71.1 71.8 70.9 71.2 68.5 72.4 69.0 68.8 71.6 69.6 69.3 72.6 71.5 73.6 73.0 76.1 73.7 73.3 74.2 76.2 74.8 74.8 78.4 77.2 75.2 75.2 76.6 74.5 72.0 71.8 71.1 70.1 71.2 72.5 70.8 70.1 68.3 66.8 65.7 66.5 66.7 65.8 66.7 68.1 66.4 66.4 68.5 67.9 67.9 68.5 70.1 70.2 72.3
75.5 75.0 75.8 75.0 75.1 77.0 77.1 79.4 79.5 79.4 78.2 81.1 81.3 78.3 78.8 78.9 79.5 77.5 76.5 75.6 75.4 72.9 74.4 74.5 74.9 75.6 74.2 72.9 72.3 72.8 71.7 71.4 73.4 71.5 73.1 69.9 67.3 70.4 71.8 70.6 70.9 69.9 71.9 71.9 71.9 71.9 72.1 74.1 73.9 74.3 77.8 75.2 73.6 76.4 75.8 74.4 75.6 76.6 74.4 73.8 72.2 72.4 71.6 71.0 71.2 70.3 70.8 69.9 67.2 67.9 67.7 67.3 69.0 69.3 67.6 68.6 71.4 69.4 69.8 69.3 70.6 70.3 69.9 73.6
74.4 74.9 73.9 73.1 77.8 77.9 76.6 79.3 79.4 78.7 79.9 80.5 79.8 78.8 80.6 78.4 78.7 76.7 76.1 76.3 76.1 72.9 74.1 76.0 76.6 76.2 74.4 74.0 74.5 72.3 70.6 70.7 71.6 71.8 72.5 69.6 74.2 71.1 69.8 70.7 72.3 67.5 71.9 70.7 71.6 71.8 72.1 75.4 75.2 74.8 76.2 75.7 75.2 75.6 75.2 73.7 75.6 73.1 74.5 74.6 72.2 74.0 73.4 72.1 72.3 71.7 69.9 70.4 68.9 69.9 70.7 69.3 69.4 69.4 70.3 70.8 68.4 71.0 67.3 69.9 69.2 72.7 70.4 73.0
74.6 74.3 77.0 73.9 77.3 77.8 77.6 79.7 77.9 79.9 80.0 80.7 80.8 78.6 79.1 80.8 78.6 78.0 76.0 76.2 74.6 74.8 74.7 76.3 77.3 74.0 75.3 74.4 73.0 74.0 71.5 72.7 73.7 73.0 72.7 72.1 68.2 70.8 69.9 70.8 70.9 68.6 72.6 69.4 70.4 71.9 73.2 73.9 74.0 73.0 74.9 73.5 76.2 75.3 75.3 76.2 73.5 72.2 74.4 74.5 73.5 74.4 74.7 74.5 73.4 72.1 70.1 70.9 69.9 72.0 71.4 71.3 69.3 70.8 71.0 71.9 71.1 72.1 68.5 69.9 70.4 71.9 71.1 71.8
74.9 75.6 75.3 74.9 76.8 76.8 78.1 79.5 79.5 80.7 81.6 82.3 81.1 77.1 77.6 78.9 82.0 77.7 75.1 75.5 75.3 75.9 76.6 76.2 75.8 74.8 75.6 74.0 77.5 76.5 71.8 73.8 74.0 75.3 73.6 73.4 65.2 73.0 74.2 72.0 72.1 69.9 72.0 70.7 71.8 71.3 72.6 74.0 72.7 73.8 73.6 72.1 74.0 74.1 75.6 76.0 74.9 73.7 74.3 75.0 73.3 74.1 75.7 76.0 72.6 72.4 70.2 71.7 71.8 72.5 70.6 71.6 71.0 71.8 70.6 71.8 75.9 72.6 72.2 71.8 71.0 72.3 71.7 72.9
74.6 75.5 73.7 75.4 76.0 78.6 78.9 80.0 81.6 80.8 78.6 83.8 80.8 76.3 78.6 79.0 78.4 76.9 76.0 76.8 76.0 77.4 76.6 75.4 76.7 75.1 73.5 73.9 76.3 76.0 74.6 74.2 76.2 77.2 74.8 74.2 70.8 74.1 76.7 72.2 69.4 68.6 71.6 71.6 72.7 69.2 72.5 74.1 71.8 73.5 73.4 73.8 74.2 73.0 75.6 75.4 74.3 73.5 74.6 75.9 75.0 73.4 75.4 74.6 74.4 74.3 71.6 73.5 69.9 72.5 76.5 71.4 72.1 75.3 72.8 73.8 76.4 73.8 73.6 71.2 71.6 72.9 74.2 73.4
76.0 75.4 75.3 75.7 76.8 77.8 79.5 81.3 78.5 81.0 81.2 83.9 79.8 79.3 78.8 78.2 80.5 77.3 76.7 76.8 75.7 77.0 75.7 75.0 78.2 76.0 76.2 76.6 76.0 76.4 74.3 76.2 76.2 76.3 73.5 77.9 71.1 75.9 75.5 67.7 68.4 67.3 72.2 69.6 70.8 70.0 71.7 73.2 73.2 72.7 73.9 74.1 73.6 72.4 76.3 75.1 75.0 71.8 74.8 73.9 73.2 74.1 75.1 74.7 77.1 73.9 75.8 73.1 73.2 72.5 73.4 73.4 76.3 75.2 75.6 75.4 75.0 75.3 73.7 72.0 73.1 74.4 74.4 73.1
75.4 75.5 77.5 76.3 76.1 78.4 79.1 80.4 84.4 80.4 81.6 80.2 82.9 79.3 83.4 79.4 79.6 75.5 76.3 77.5 77.3 78.4 77.1 75.3 76.3 74.8 76.8 76.4 77.2 77.8 76.6 78.1 75.7 76.6 76.3 78.1 68.6 75.2 72.9 64.4 63.8 64.6 66.7 69.3 72.2 70.5 71.2 72.5 74.1 73.0 74.3 73.4 72.8 75.0 75.1 74.9 72.7 73.4 74.9 73.3 73.3 74.5 78.5 76.0 75.3 74.2 72.9 74.7 73.3 74.1 74.5 74.8 78.0 76.0 76.2 77.0 74.8 75.4 74.2 72.9 73.5 73.4 73.2 73.3
75.7 76.4 77.4 76.1 75.9 77.9 78.2 80.8 83.8 81.6 81.4 81.6 79.1 81.1 79.7 79.1 78.9 76.8 77.5 75.9 78.9 77.5 77.2 75.7 77.0 76.8 78.4 76.2 81.3 78.2 78.2 79.6 74.3 76.8 78.9 78.8 70.6 77.3 69.8 61.9 62.8 61.5 64.8 67.7 70.3 70.2 69.8 70.0 72.1 73.4 73.4 72.3 74.0 74.5 75.4 73.3 74.2 76.3 75.2 72.4 73.9 74.7 76.1 76.4 75.0 76.6 72.0 74.9 75.4 76.2 75.3 77.0 76.7 76.9 76.7 79.1 73.8 75.3 75.5 73.5 75.2 73.5 73.8 73.5
76.8 77.5 77.7 75.9 77.3 77.2 77.8 81.3 80.5 81.7 82.3 83.7 80.7 80.1 77.6 78.2 80.2 76.1 79.4 77.6 78.7 76.5 75.3 76.1 78.4 78.2 77.3 76.4 76.2 80.2 82.2 77.7 77.9 78.5 80.9 77.1 73.8 75.0 64.9 59.6 60.3 59.6 63.0 66.4 68.6 68.3 70.1 71.0 71.5 72.0 74.1 71.7 75.7 74.9 73.9 71.9 72.5 74.0 75.2 71.8 75.5 75.9 75.1 76.9 74.3 77.1 80.4 75.6 75.7 77.0 75.8 78.5 78.3 78.1 77.6 76.7 73.9 75.5 76.7 74.6 76.1 73.4 73.7 74.5
74.3 77.4 75.8 77.0 77.6 77.6 80.3 82.3 81.1 81.4 83.4 81.4 80.9 80.3 78.6 78.7 79.4 76.3 78.5 78.0 78.3 77.4 74.6 77.0 76.6 79.1 78.5 77.1 77.0 80.1 82.9 77.3 75.9 79.1 79.5 78.5 80.6 72.0 58.4 59.3 58.8 62.3 63.6 64.5 66.9 66.7 70.2 71.8 70.7 72.0 75.4 70.5 72.4 75.6 72.4 72.4 72.4 74.0 73.9 73.9 76.2 74.9 77.2 76.4 76.5 77.0 77.0 76.3 76.8 76.5 78.1 78.9 80.9 77.5 78.7 75.7 73.4 76.0 75.2 75.6 75.3 77.8 74.7 73.7
75.7 77.2 77.2 76.9 75.7 77.5 80.7 81.8 81.1 82.2 81.6 81.2 80.7 81.1 79.8 78.0 76.6 77.4 80.5 78.2 80.6 77.5 77.0 78.5 79.2 77.9 77.0 78.2 79.1 81.7 84.8 77.7 78.5 80.9 81.9 80.3 78.0 70.0 59.2 58.7 60.5 61.8 63.0 65.2 65.5 67.7 68.4 69.7 71.5 71.6 72.4 70.7 75.6 76.5 73.4 73.9 73.3 74.7 74.5 74.3 73.9 77.3 75.8 76.2 77.4 76.3 77.0 76.4 75.8 76.0 78.7 79.8 80.7 77.2 76.8 76.3 74.0 75.2 76.6 76.4 76.4 75.4 75.2 75.5
77.9 77.5 78.3 76.9 78.2 77.3 79.5 80.8 80.6 80.9 82.2 82.2 80.6 80.6 79.1 76.9 79.2 79.2 78.7 78.5 76.9 77.0 75.7 77.7 77.9 78.8 79.6 79.3 77.3 80.6 85.1 78.1 79.4 81.3 78.9 79.9 79.1 66.4 60.6 58.7 61.0 62.1 62.7 65.5 66.7 67.0 67.5 69.1 70.6 71.6 74.6 70.6 72.8 77.0 73.4 73.3 71.8 74.9 73.2 74.6 76.3 76.7 75.4 76.1 77.2 75.2 74.4 76.2 77.6 77.9 79.0 79.9 81.5 75.1 76.2 77.4 76.2 76.7 74.8 75.1 76.2 74.9 75.9 74.6
