surveys/q10_3/matrix_q10_3s5.txt
north:            -537.50
south:           -1267.50
east:             2691.00
west:              -93.00
rows:                 148
cols:                 278
null:              -999.0
[rows 0 to 37 of 148, columns 168 to 251 of 278]
74.0 80.9 74.4 68.6 72.8 64.4 61.1 50.3 56.4 60.0 59.1 67.2 66.8 59.3 65.6 70.5 72.3 58.6 53.8 39.4 100.0 102.0 101.6 105.5 131.7 60.2 65.2 63.9 59.8 60.7 61.0 56.4 49.6 64.3 64.3 57.9 54.3 64.8 58.6 58.2 61.1 56.8 54.1 58.7 53.3 51.6 54.5 55.8 74.8 130.5 128.6 128.7 127.1 122.4 62.7 70.9 72.1 58.0 50.8 62.0 71.7 73.5 66.3 64.2 61.0 66.8 65.0 53.3 44.1 46.7 45.3 52.8 47.6 45.5 47.1 55.9 45.9 43.0 52.9 52.8 58.8 70.9 65.8 73.7
73.2 81.4 74.2 68.5 72.5 65.6 61.3 50.6 58.2 60.1 58.8 68.3 66.6 59.4 65.4 70.2 71.9 58.6 54.5 41.1 100.1 102.3 102.7 105.2 146.6 60.2 65.6 64.1 59.7 60.8 60.4 56.5 48.8 64.3 63.7 57.9 56.0 64.8 61.3 58.2 61.2 56.8 54.1 58.7 53.4 51.7 54.9 55.9 75.9 130.8 128.7 128.9 127.1 122.7 62.8 71.0 71.9 58.3 50.7 62.3 71.7 73.5 66.3 64.2 60.7 76.5 66.8 54.2 44.5 46.5 44.8 52.9 47.0 45.4 47.3 56.3 45.7 43.0 51.7 52.8 58.7 69.5 64.5 73.4
76.9 85.1 76.4 69.6 73.8 69.3 65.0 53.5 61.3 62.4 60.7 69.8 68.3 58.6 66.1 69.6 73.8 62.7 52.5 44.7 99.8 103.0 103.4 104.9 160.4 62.4 64.5 64.4 60.1 63.2 63.0 56.0 51.9 64.2 64.8 57.7 54.1 64.8 61.1 57.5 59.0 58.2 55.7 57.1 52.6 50.8 54.3 55.9 78.6 131.0 129.4 129.3 126.7 123.6 68.1 73.1 73.4 60.6 53.9 62.9 74.1 75.6 67.1 65.4 60.5 72.2 68.8 55.1 46.0 45.8 47.4 52.0 49.5 47.3 46.3 58.3 45.1 43.0 52.1 55.1 54.2 66.4 64.2 71.3
77.2 85.3 78.2 71.1 76.6 71.6 68.8 56.6 66.8 65.1 66.9 71.2 67.8 59.7 65.7 70.7 70.7 64.0 51.7 46.5 100.4 104.2 103.2 103.5 97.2 61.6 65.0 64.7 61.9 65.6 65.4 58.2 51.9 63.8 65.3 58.8 56.8 63.0 61.1 56.0 60.7 60.2 57.2 56.2 52.9 54.1 53.2 56.2 80.1 132.4 131.0 130.3 126.6 125.1 70.5 76.0 74.3 62.3 54.8 66.7 76.6 75.8 66.3 65.9 61.3 78.9 71.9 56.6 48.6 45.9 45.4 52.4 49.5 46.8 49.7 59.6 46.9 46.1 54.3 58.2 54.1 66.1 63.4 69.7
79.7 88.7 80.2 74.1 77.8 76.5 70.5 57.5 67.0 69.0 69.5 73.3 73.0 60.7 67.0 78.9 83.6 66.6 61.4 60.3 101.4 104.3 103.1 105.2 107.9 61.9 65.0 65.2 62.7 66.6 66.6 57.5 50.7 62.2 64.8 59.9 55.5 62.3 61.2 53.5 59.4 60.6 56.0 55.6 54.3 58.1 55.2 57.0 81.3 132.1 130.1 132.3 128.3 127.9 73.2 78.6 75.8 63.7 58.0 68.2 76.3 74.4 63.7 68.0 76.8 81.7 75.0 59.5 47.6 48.9 44.5 51.9 48.4 49.5 51.6 59.2 48.2 46.4 54.5 58.6 58.0 70.3 61.3 71.2
82.7 92.1 80.5 76.4 80.8 79.3 73.9 61.2 72.1 74.9 70.6 76.2 71.7 60.1 63.2 102.6 78.0 110.1 84.4 73.1 99.2 100.0 105.1 101.9 110.2 61.0 62.2 66.7 62.4 69.4 66.2 54.7 49.1 58.4 63.1 58.7 52.8 63.0 59.5 55.7 58.8 60.9 56.5 58.8 58.1 60.3 62.6 65.8 81.3 131.5 131.2 132.1 130.0 114.9 75.7 81.6 73.9 66.8 60.1 68.5 73.9 73.3 65.1 76.6 89.1 82.1 77.4 65.7 49.8 52.9 48.9 52.6 48.2 48.0 54.1 57.5 48.4 46.2 54.4 58.9 57.4 71.7 60.8 71.6
82.3 94.8 84.5 79.3 82.8 81.8 75.7 63.0 74.7 75.6 73.2 78.7 69.1 64.5 99.7 110.1 112.3 114.3 111.6 71.2 86.6 80.7 92.7 93.8 60.6 61.5 64.4 65.7 61.6 69.8 63.6 59.4 55.6 61.5 61.6 59.8 49.9 62.5 60.1 58.9 59.7 61.6 59.7 62.6 61.7 65.5 68.0 74.5 81.5 130.5 130.3 122.1 119.1 103.9 76.8 81.3 74.0 68.4 66.7 69.3 74.7 73.5 72.2 84.7 100.7 89.8 82.3 76.8 52.9 56.0 52.1 52.0 48.1 48.8 57.1 59.3 48.6 47.9 57.1 59.2 62.9 67.0 60.0 70.9
85.9 94.9 87.2 81.1 85.8 82.0 75.0 64.5 77.3 76.1 71.9 79.4 70.8 84.2 114.3 113.4 110.1 114.2 112.0 78.0 62.8 68.8 69.4 72.9 53.8 62.4 65.7 68.3 63.6 69.9 65.6 66.4 63.8 75.5 66.6 71.9 58.7 66.1 59.9 62.6 56.8 63.4 63.2 68.9 69.1 71.8 76.4 83.6 81.4 117.2 118.0 104.2 94.9 95.9 77.8 84.4 78.1 71.2 71.3 70.2 73.1 77.5 82.7 101.4 113.0 113.3 107.5 101.2 71.4 59.1 53.5 53.9 47.6 49.5 58.6 60.2 49.6 50.7 56.3 62.6 62.0 64.1 59.3 69.5
83.5 98.0 84.9 83.9 84.3 83.5 73.8 69.5 75.6 77.2 75.7 82.5 101.2 108.8 115.2 113.6 113.2 111.5 114.7 94.0 53.0 65.5 67.8 61.0 56.7 61.4 67.5 69.4 67.7 70.5 75.0 80.4 80.4 87.8 84.0 85.9 78.3 69.0 68.3 67.1 65.6 70.3 71.6 76.5 69.4 82.8 88.1 96.0 82.7 96.2 94.7 89.5 96.4 94.5 80.7 89.2 77.1 75.3 79.9 80.6 75.3 90.8 94.3 110.9 122.7 121.4 112.3 115.2 81.6 65.1 55.2 56.8 49.1 50.7 57.5 61.6 53.5 51.0 56.5 62.7 63.8 64.1 62.3 69.8
93.2 103.4 97.1 96.6 97.2 91.8 104.8 112.4 101.9 87.7 100.3 105.6 110.8 116.3 115.2 113.8 112.5 111.3 115.0 102.7 101.4 68.1 60.2 67.7 64.0 67.6 83.7 84.3 91.8 103.4 91.0 98.4 97.7 99.4 98.0 97.0 95.7 89.6 76.3 84.4 80.3 83.8 87.0 87.6 80.2 95.1 92.7 102.6 91.0 96.4 93.1 89.4 93.1 93.8 85.3 99.2 87.4 85.8 83.7 88.8 87.6 103.2 105.6 118.8 123.2 127.2 122.7 125.2 97.3 77.2 63.2 60.2 52.9 53.8 57.4 62.7 53.8 50.9 56.9 62.5 64.4 61.1 64.3 69.4
117.2 115.9 117.6 112.7 118.4 116.7 124.2 111.8 117.5 117.1 117.3 114.6 118.6 117.0 114.7 113.2 113.7 111.1 115.8 111.6 111.4 101.5 110.8 104.6 103.2 104.1 111.3 105.3 109.9 114.7 108.0 111.6 109.0 110.5 109.7 108.3 109.0 104.1 107.8 106.3 102.6 103.2 108.0 104.4 97.3 107.7 99.0 107.9 104.0 99.6 96.7 93.7 96.6 99.3 97.3 107.9 98.5 95.0 92.8 98.2 102.2 112.4 115.4 122.5 123.6 126.2 127.2 125.8 113.0 89.3 82.9 64.9 60.1 63.7 60.5 68.4 56.6 57.9 53.8 63.2 64.9 60.4 65.8 68.9
116.2 119.8 117.5 117.6 116.7 117.7 118.4 117.1 118.1 117.0 118.4 117.8 120.8 117.6 115.5 115.6 114.7 113.2 114.8 117.3 114.9 115.8 116.7 116.3 114.6 116.6 115.8 116.9 115.9 117.6 114.1 119.7 115.6 116.8 118.0 117.8 116.8 114.1 119.0 116.3 118.3 115.8 118.0 114.5 117.3 117.5 117.5 115.4 115.9 111.6 110.8 114.2 114.3 110.4 113.2 114.5 108.5 108.0 106.0 107.8 110.8 117.1 119.6 125.1 123.3 125.8 125.8 125.6 124.2 101.2 106.6 85.9 72.5 77.6 67.2 68.4 63.8 83.2 55.3 65.2 70.5 60.1 67.3 73.9
117.9 119.6 119.0 116.5 117.0 117.6 119.4 118.1 118.5 116.5 118.2 119.0 120.2 118.1 114.4 115.3 113.1 113.3 112.4 118.5 117.5 117.0 113.7 113.3 114.3 116.1 116.7 117.6 118.6 119.8 119.8 120.1 120.6 120.1 122.6 119.6 119.1 120.6 123.5 120.6 122.9 122.5 124.5 122.9 123.1 123.4 121.3 119.3 120.5 117.8 118.2 119.2 118.7 116.9 119.5 122.2 118.9 117.0 117.2 118.4 118.6 120.9 121.9 124.2 121.3 127.9 125.0 127.0 128.6 118.6 115.9 103.5 107.9 106.0 103.7 75.9 75.3 106.3 103.8 70.8 64.7 102.0 64.6 81.5
116.9 119.3 116.6 118.7 116.5 117.3 117.8 117.3 119.3 117.1 118.7 120.5 119.0 119.1 115.9 116.1 115.7 109.6 113.8 118.0 116.8 117.8 114.7 113.3 116.8 116.6 117.8 117.7 118.1 119.8 119.4 120.4 120.4 120.0 120.0 118.7 121.2 121.9 122.3 122.0 121.9 122.9 122.1 121.3 122.4 122.2 121.5 119.7 118.2 118.2 120.5 119.6 120.7 118.4 116.5 121.9 120.8 118.6 119.9 119.6 120.5 124.4 125.0 124.6 124.2 130.4 127.5 126.4 128.9 126.7 122.4 122.3 121.2 118.9 121.9 96.9 109.4 120.5 120.3 107.8 118.4 118.3 114.1 115.6
119.3 113.6 112.8 121.5 116.5 117.3 117.4 113.4 117.7 116.6 119.0 120.0 120.4 117.6 115.2 114.3 114.3 105.1 115.2 116.9 118.1 117.0 115.1 114.1 117.0 117.7 116.9 118.8 118.5 118.5 119.6 119.7 119.9 120.5 122.7 121.6 125.3 121.4 121.7 120.3 123.0 122.1 127.4 121.4 121.6 120.7 121.9 120.4 119.9 117.9 119.9 120.7 119.5 117.9 116.9 120.8 119.2 120.3 121.4 121.4 122.8 125.8 127.6 125.2 123.0 130.4 126.0 125.7 127.9 129.0 125.5 127.8 127.1 126.0 125.4 126.9 127.7 125.9 127.0 126.4 129.2 125.0 125.7 126.5
76.3 82.1 95.0 110.0 97.3 106.7 115.6 98.4 115.3 109.2 112.1 82.5 117.3 82.3 118.4 110.3 112.8 101.5 116.7 110.3 113.3 112.5 117.3 114.0 118.4 114.9 115.7 115.1 117.4 116.8 118.5 117.5 120.4 118.8 122.9 118.5 119.5 118.0 118.3 121.1 121.3 121.4 125.4 121.4 122.2 117.4 121.0 121.1 120.0 117.3 118.8 121.6 120.4 118.9 116.3 119.0 118.2 118.5 120.9 124.8 123.9 125.9 128.8 125.2 123.5 132.0 127.2 124.7 131.1 130.0 127.0 127.8 123.7 126.9 128.1 130.1 128.4 125.8 128.2 129.8 129.5 127.6 127.6 128.8
82.9 76.9 76.5 77.0 70.6 76.7 70.8 69.3 71.4 72.4 40.9 46.6 52.6 65.4 59.4 65.9 82.3 67.0 65.0 77.1 95.8 107.6 73.5 98.7 84.3 98.8 113.4 101.1 110.6 110.8 114.3 110.2 114.1 86.9 114.1 111.9 115.8 115.0 119.6 119.6 121.3 118.7 114.4 119.0 119.0 110.5 119.4 117.4 116.8 114.9 118.9 120.2 119.3 116.6 117.5 114.9 117.7 118.6 121.1 123.2 122.2 125.9 124.5 124.7 123.7 125.8 124.8 124.9 127.1 129.7 125.2 126.7 125.8 126.8 128.7 130.0 128.8 126.8 127.8 128.7 131.2 129.0 129.0 128.1
80.2 76.7 76.7 74.2 69.9 74.2 69.5 69.3 73.2 69.7 46.4 48.0 54.2 59.7 60.0 64.2 62.0 64.8 64.8 66.7 70.2 71.3 68.8 69.1 67.7 73.6 71.8 76.1 76.7 76.8 74.0 81.0 76.6 77.4 76.3 95.7 88.2 82.3 114.1 110.3 115.4 111.8 123.1 108.6 92.8 82.8 80.3 98.7 83.3 94.4 77.1 113.1 95.0 93.4 107.9 100.2 117.7 112.5 118.9 117.2 120.5 119.4 122.9 121.4 122.5 119.7 125.0 122.4 125.6 126.9 126.4 124.2 123.6 125.9 129.7 128.2 127.5 127.7 128.2 130.3 127.6 126.3 130.3 127.4
73.8 75.9 76.2 72.4 71.5 71.4 70.4 68.8 74.1 68.2 45.9 47.0 52.0 58.8 60.4 63.5 62.5 63.5 62.9 67.1 65.3 70.7 68.0 70.4 71.1 72.4 68.1 73.4 76.3 75.0 76.7 76.7 78.6 76.1 78.4 76.6 78.0 76.7 73.6 77.4 76.0 99.5 82.7 81.7 81.3 81.5 79.8 80.0 81.7 79.6 77.1 78.1 77.9 79.7 86.3 81.2 117.6 77.9 79.9 107.2 110.2 101.7 116.5 117.3 114.8 114.4 119.2 119.8 127.0 111.7 123.1 119.7 124.5 123.3 124.3 122.6 128.7 126.2 127.7 126.4 128.7 122.8 128.9 125.3
75.2 75.1 76.3 73.6 70.5 70.0 69.4 70.1 67.6 68.5 48.8 48.8 47.4 55.5 61.0 63.9 63.1 65.2 64.5 67.1 65.7 69.6 73.2 69.9 73.1 72.8 73.7 72.5 71.0 73.5 75.8 78.5 79.7 77.2 78.8 76.1 76.9 77.9 74.6 74.5 75.4 78.2 81.6 81.0 81.4 82.2 82.0 80.0 77.8 79.8 78.7 77.6 79.5 76.5 79.0 78.2 117.6 79.4 81.4 81.9 86.2 81.4 82.7 80.1 80.2 83.2 80.6 83.9 78.9 81.0 83.8 81.2 79.5 111.2 110.0 109.1 123.2 114.5 119.4 103.0 124.1 114.8 132.1 107.2
75.1 72.7 74.1 73.9 71.7 68.8 69.4 68.8 67.7 68.4 52.0 52.1 46.2 53.9 58.7 59.8 63.6 64.0 64.7 66.0 68.6 70.3 69.4 70.4 69.6 72.7 71.0 71.7 71.7 74.6 76.2 76.1 77.5 79.0 78.8 77.9 77.8 77.4 74.9 74.4 76.6 79.3 78.0 82.2 82.3 85.0 82.6 80.0 78.7 79.6 79.5 78.2 79.1 76.0 79.4 77.8 93.1 78.5 79.7 80.6 80.9 82.7 80.0 80.0 77.2 81.0 81.2 83.3 78.9 75.5 79.5 83.9 79.7 80.3 79.0 79.8 121.2 81.8 74.7 75.0 80.1 77.3 78.1 70.4
77.3 71.6 71.1 73.4 70.3 67.8 69.7 67.7 68.7 69.8 55.0 54.2 42.5 52.1 58.2 61.3 62.9 62.8 64.4 66.8 65.5 70.4 73.0 70.1 70.7 70.1 68.5 72.2 79.5 72.1 76.8 76.1 77.5 80.2 81.1 79.3 83.8 79.1 74.5 74.7 77.0 78.2 76.3 81.7 83.0 85.9 85.9 82.8 81.7 80.2 77.0 78.9 78.4 79.1 79.3 78.1 76.7 78.2 78.4 81.6 78.8 83.0 78.4 80.3 79.9 80.1 82.4 80.7 79.0 76.8 79.3 80.1 78.4 80.1 83.9 77.1 79.8 79.6 73.2 71.8 72.6 73.9 78.2 70.1
75.8 74.0 73.7 73.8 72.7 69.4 68.8 67.6 70.4 68.5 55.6 54.8 43.4 49.2 57.1 63.0 61.9 62.6 66.1 67.4 66.1 69.8 71.6 69.6 70.7 70.3 71.3 72.7 74.2 72.0 75.2 77.0 77.7 78.7 80.2 80.5 80.4 80.1 79.3 75.0 76.8 77.4 77.5 82.3 81.6 81.6 82.7 82.8 81.7 81.8 79.9 78.4 79.8 81.0 78.0 78.3 77.8 78.0 79.3 80.3 78.3 83.1 84.5 80.9 81.2 82.6 79.8 82.3 83.9 78.9 79.5 79.7 75.9 78.7 78.3 77.9 77.1 79.3 75.4 71.6 68.5 72.2 74.5 71.8
73.0 75.4 75.4 74.4 71.5 71.8 69.5 67.6 70.4 67.9 57.3 56.2 45.7 50.5 55.8 60.2 63.0 64.3 66.2 67.2 66.8 68.6 66.7 68.9 70.6 70.9 71.4 71.7 76.9 72.0 73.5 77.5 77.7 78.3 78.2 81.2 83.1 81.1 78.1 77.3 74.8 79.4 81.5 83.1 81.5 82.8 85.4 82.4 82.8 83.1 82.6 84.4 80.2 80.7 81.2 79.4 78.9 77.8 80.3 78.8 79.0 85.5 83.3 81.0 80.9 80.5 80.9 85.4 83.1 82.7 80.8 79.9 80.3 78.0 80.2 77.1 80.4 77.8 74.1 70.7 68.6 70.3 71.2 71.6
74.3 76.8 76.8 74.8 70.4 71.4 72.9 67.3 67.1 67.2 55.9 58.4 44.6 50.8 56.4 59.9 64.5 64.3 66.2 67.9 63.5 66.6 74.0 65.2 69.8 73.9 70.4 72.0 74.7 70.9 77.2 78.6 73.9 78.8 78.8 81.5 82.1 83.2 82.6 76.6 78.4 79.8 78.5 83.3 81.0 80.1 87.3 82.3 89.9 83.2 82.0 83.8 81.3 80.4 79.0 80.5 81.9 79.9 81.7 81.6 81.1 82.4 79.8 82.0 81.3 82.5 80.8 82.9 85.2 84.9 78.5 80.3 78.6 79.9 81.9 80.3 80.6 80.2 76.6 71.5 69.3 69.1 73.2 71.1
75.2 76.5 80.4 78.5 72.7 72.5 74.1 67.6 64.9 66.9 53.4 58.8 48.8 50.8 56.9 60.4 66.2 65.0 68.2 67.9 66.6 68.6 72.5 68.0 70.3 71.4 71.8 72.9 68.2 68.1 72.4 74.9 74.7 77.8 79.8 81.5 82.6 82.8 82.9 78.5 80.3 80.1 79.0 80.9 82.4 84.0 86.6 82.8 80.3 84.6 82.8 82.7 83.9 80.4 80.5 81.7 82.4 82.1 84.1 82.6 83.3 85.9 80.9 82.2 80.8 83.1 80.5 83.2 83.4 82.0 80.3 82.7 78.6 80.6 79.5 79.4 79.8 79.2 76.7 71.6 71.6 73.1 68.5 72.1
74.1 76.6 78.1 78.4 74.9 72.3 71.0 68.2 68.3 67.4 54.3 58.8 48.4 52.8 55.7 61.1 60.9 65.6 69.0 68.2 67.9 69.6 72.4 67.7 70.0 69.8 73.4 70.1 75.0 71.0 69.8 74.3 76.0 77.3 82.2 79.4 83.0 82.9 84.2 81.9 81.1 78.4 80.4 83.1 82.5 84.6 84.1 83.6 79.4 84.2 85.5 84.0 84.0 82.5 82.7 82.5 80.6 82.9 84.8 82.8 83.6 85.6 81.9 82.6 81.5 83.5 83.8 83.5 86.2 80.0 81.7 84.2 80.5 78.8 78.4 78.9 79.8 79.9 76.1 73.3 71.6 74.7 74.0 72.6
76.0 76.1 77.7 78.6 75.9 70.3 71.8 68.9 68.5 68.4 55.2 59.0 48.7 54.8 58.6 62.7 65.8 66.3 69.6 69.2 67.5 69.4 71.3 69.4 69.9 68.8 70.0 69.8 71.2 70.8 69.4 74.8 74.3 76.7 81.9 78.9 83.5 83.2 85.4 79.4 79.2 78.6 81.5 83.0 84.5 87.5 82.9 84.5 74.8 82.5 82.5 83.0 83.1 84.1 85.3 82.9 80.0 82.4 82.7 83.3 79.5 85.3 82.0 83.6 83.4 82.9 83.7 81.5 84.5 82.0 79.5 81.5 78.7 78.6 78.4 79.5 82.0 79.0 76.7 73.1 72.8 75.7 71.8 67.2
75.4 76.4 77.0 77.8 74.8 71.5 73.4 70.8 66.2 67.3 55.7 59.7 50.2 57.8 61.6 63.5 68.7 66.7 70.0 69.5 69.4 70.3 71.3 69.3 71.9 69.2 69.7 68.5 72.3 69.8 69.5 73.8 70.5 73.4 79.4 79.5 82.0 83.7 85.4 81.2 80.6 81.8 83.1 82.1 82.9 85.0 86.5 84.0 78.0 85.2 83.1 83.5 84.1 80.9 82.0 82.6 84.4 82.5 84.4 84.5 81.0 85.3 84.6 84.3 83.0 82.4 83.2 79.9 83.2 81.7 79.8 79.9 79.9 81.7 80.2 80.8 82.3 79.1 76.3 73.1 74.7 75.6 71.3 68.0
76.4 77.0 76.6 79.1 74.7 74.7 67.6 70.1 64.5 66.3 55.2 56.3 58.2 61.8 66.2 67.1 68.6 70.4 71.0 69.4 71.5 70.0 71.7 69.4 70.5 70.2 69.8 71.7 71.8 68.5 67.8 71.1 71.2 69.1 74.5 80.3 82.4 82.9 83.9 82.4 80.1 81.0 83.3 81.6 83.5 85.2 85.9 82.2 81.1 82.5 82.9 83.9 85.1 82.2 83.8 81.7 82.8 82.0 84.5 83.2 83.9 85.1 84.1 83.1 82.3 82.5 81.3 80.4 82.9 82.0 81.1 78.1 80.1 81.7 80.7 82.4 80.4 79.2 75.9 76.5 77.3 74.6 67.0 69.7
79.8 78.9 79.7 80.1 75.6 79.4 68.1 68.2 69.7 65.8 54.4 54.9 62.2 65.0 65.7 70.5 72.2 71.5 72.3 72.1 70.1 71.8 72.0 69.2 71.5 70.9 70.2 70.8 68.8 68.7 68.8 69.9 66.1 71.1 71.1 79.3 83.3 84.2 86.6 82.2 82.1 80.8 82.4 81.4 83.7 84.4 83.1 81.1 82.2 83.0 82.9 83.8 83.7 84.9 81.0 83.0 83.4 82.1 82.1 83.7 82.0 84.6 80.9 82.8 83.5 84.5 82.6 81.1 83.0 82.0 81.2 80.4 78.8 80.7 82.2 81.3 80.8 82.0 80.6 76.8 76.0 73.0 69.2 70.2
78.0 79.9 76.9 79.4 77.9 77.2 67.6 66.9 67.9 62.4 59.8 57.7 65.1 68.4 68.5 73.1 73.7 71.0 74.0 73.0 69.7 70.9 71.4 68.0 69.8 70.9 75.4 70.7 68.1 68.5 71.5 69.3 69.2 69.1 71.6 78.0 80.9 84.3 86.5 83.7 81.2 80.7 80.1 81.4 80.5 84.8 84.0 81.2 80.1 82.8 82.7 82.5 84.9 82.6 84.0 85.3 84.1 81.5 82.1 84.2 84.3 84.0 82.6 83.4 83.0 83.0 82.5 81.4 80.0 84.2 82.5 81.9 79.6 81.3 81.4 81.5 81.8 81.0 76.9 81.2 71.8 72.4 68.8 67.4
78.9 77.7 78.7 78.0 77.7 69.2 67.3 68.3 60.4 56.9 63.0 58.6 68.3 73.4 72.5 73.0 70.8 71.3 73.6 73.3 74.1 71.5 69.5 69.3 69.4 67.1 69.2 70.3 72.9 69.9 67.8 70.7 70.4 69.5 72.5 76.6 83.8 84.0 83.9 84.9 81.0 81.5 82.3 80.3 83.1 83.9 84.3 78.4 82.3 82.2 83.5 81.9 84.9 84.8 83.6 84.8 83.1 83.2 83.7 84.0 83.1 84.5 82.8 83.7 83.2 83.8 84.4 82.4 83.5 82.2 84.6 77.5 77.6 80.0 79.2 81.3 82.3 81.7 81.5 75.2 73.0 68.9 68.0 66.0
78.8 77.8 81.6 78.5 78.6 68.1 64.1 66.9 58.6 55.7 65.1 59.7 70.9 75.6 72.2 72.8 75.8 72.4 76.4 73.0 69.9 72.7 70.7 69.6 68.7 68.3 70.7 71.2 71.3 70.1 70.5 69.7 70.2 70.1 68.1 73.4 79.7 83.7 84.3 84.5 79.5 81.0 80.3 80.0 80.8 82.1 84.5 82.0 81.9 81.9 83.5 84.1 84.9 84.4 83.7 85.5 84.3 82.5 84.8 82.5 84.2 83.6 83.5 81.2 85.2 83.1 83.2 83.9 81.2 81.1 80.3 73.6 78.2 79.1 81.9 81.1 80.8 81.8 78.5 72.8 69.3 66.1 67.3 66.9
79.1 78.3 78.9 77.2 78.0 68.0 65.2 64.9 57.8 59.0 65.3 62.7 70.6 76.1 73.7 74.5 76.3 73.9 75.2 72.9 67.4 71.7 69.5 70.2 71.5 70.0 71.8 72.6 73.5 68.7 69.5 69.5 69.8 69.6 70.1 70.6 80.0 86.8 83.7 83.7 84.4 81.6 80.2 81.8 83.5 82.1 85.5 83.8 81.6 83.0 83.0 85.2 86.1 85.2 84.4 85.0 86.5 82.3 85.8 83.6 86.3 83.3 83.7 83.4 82.2 82.4 85.0 84.9 82.2 80.1 82.4 75.0 76.8 77.1 83.7 81.1 84.0 81.2 75.5 72.6 66.8 64.8 66.2 66.3
78.7 77.8 78.6 80.4 78.4 70.5 69.2 64.1 60.0 61.0 66.9 65.1 74.5 72.5 77.6 75.0 73.2 74.4 72.1 70.9 68.3 71.3 69.9 68.5 70.9 72.5 69.3 71.3 72.7 70.3 68.6 70.9 70.6 67.6 67.8 72.4 78.0 86.6 84.1 84.3 83.2 80.1 78.6 80.9 82.6 85.9 84.9 81.4 82.6 83.4 81.6 84.9 87.2 83.5 83.9 83.1 81.0 81.9 85.6 81.8 82.7 83.3 81.6 82.4 81.9 82.7 85.4 82.1 82.0 80.0 81.2 75.2 76.0 76.0 83.5 80.9 82.3 78.7 74.0 69.8 66.7 63.1 64.6 66.9
78.2 79.4 78.4 79.5 76.1 71.0 67.3 63.8 61.3 63.1 71.8 67.4 72.5 71.3 74.1 73.0 73.6 74.1 75.6 68.8 69.0 71.3 70.7 70.4 71.8 73.0 71.1 72.8 73.0 72.0 70.9 70.6 71.4 68.2 71.0 70.3 73.9 82.3 86.2 83.5 84.8 79.5 81.3 78.9 81.5 83.9 83.6 81.1 81.2 82.8 83.5 85.1 91.2 85.7 84.4 85.4 83.2 82.9 86.9 82.6 86.3 82.0 82.0 82.5 83.1 83.5 86.4 82.2 80.3 80.7 79.4 77.7 74.5 77.4 82.6 82.8 77.4 78.2 72.2 67.1 62.8 61.5 64.2 67.0
77.9 78.5 78.8 79.2 76.2 66.1 67.6 63.0 60.1 65.9 72.4 68.8 72.0 71.3 68.5 72.0 74.1 73.4 71.5 71.0 69.9 70.3 74.0 70.8 72.0 72.9 71.1 72.0 76.1 71.5 73.0 72.3 69.1 70.4 70.4 66.9 74.4 79.7 83.8 82.7 86.1 81.8 79.3 79.4 80.8 83.2 84.9 82.0 79.6 82.8 82.2 85.0 87.2 85.5 82.1 84.2 83.2 83.9 85.1 84.8 84.6 82.0 82.5 82.4 81.4 82.8 84.4 81.1 83.2 82.0 80.1 78.7 74.3 76.1 78.2 81.1 81.7 72.9 71.9 65.9 63.5 62.1 65.4 67.1
