surveys/q10_3/matrix_q10_3s5.txt
north:            -537.50
south:           -1267.50
east:             2691.00
west:              -93.00
rows:                 148
cols:                 278
null:              -999.0
[rows 0 to 37 of 148, columns 84 to 167 of 278]
66.4 89.5 98.8 93.7 61.6 64.7 63.9 69.3 69.3 66.6 52.8 57.8 61.3 59.0 59.9 63.1 49.1 55.0 59.8 56.9 52.3 54.8 55.1 65.6 57.8 51.6 57.6 62.9 70.0 67.6 65.6 58.1 54.6 68.3 61.7 60.4 69.8 74.0 74.0 69.1 66.0 75.0 69.9 60.1 53.6 56.6 64.5 62.7 54.8 61.9 64.4 55.3 57.4 69.3 67.3 66.2 71.1 72.1 70.9 73.5 73.2 75.4 78.9 78.9 79.6 74.5 76.8 78.2 76.2 75.3 64.1 55.6 61.3 -999.0 66.0 80.7 79.7 85.2 88.8 82.5 77.6 76.5 72.8 72.9
66.2 90.2 100.6 101.2 61.6 64.7 63.6 69.3 72.1 66.8 52.5 57.5 61.3 59.0 59.8 63.2 52.3 55.0 57.8 57.1 52.3 54.8 53.8 65.6 57.0 53.4 57.6 62.8 69.8 68.2 67.7 58.1 53.7 68.9 62.0 60.3 70.1 74.0 74.5 69.1 66.0 74.9 69.2 60.1 53.6 56.8 63.9 63.3 54.7 61.9 64.2 55.6 56.7 69.5 67.1 66.2 70.4 72.4 71.0 74.2 72.5 75.4 74.8 79.1 79.2 74.6 75.7 78.3 78.8 75.7 63.2 56.0 61.5 73.6 67.9 80.6 77.9 85.1 88.7 82.7 77.3 77.7 72.7 73.1
84.8 111.0 114.5 114.8 98.4 64.1 63.5 70.7 74.4 68.9 57.5 59.2 60.3 60.6 60.6 63.9 56.3 56.6 63.9 59.2 58.6 56.8 59.5 67.7 63.7 55.1 57.8 66.5 70.9 69.9 64.9 58.2 60.2 73.0 60.5 63.1 72.6 75.5 76.1 69.1 66.3 77.7 73.1 59.9 56.4 56.7 65.2 64.1 55.9 61.9 65.7 59.9 61.7 71.1 69.0 67.9 76.1 73.4 74.3 77.2 75.8 79.1 83.7 80.1 80.2 73.4 78.6 80.7 80.0 78.5 65.8 58.2 62.6 73.7 69.7 80.4 81.4 88.7 91.3 82.9 80.0 82.5 74.5 74.5
106.2 121.7 118.2 121.4 122.8 86.2 65.4 71.5 72.5 70.0 60.2 60.9 60.9 61.8 58.8 64.2 57.2 59.5 63.8 63.0 60.9 60.7 60.1 69.7 65.8 56.1 59.3 70.1 73.9 71.1 65.0 58.1 59.1 74.3 65.2 64.5 76.2 77.4 78.8 69.5 66.1 80.6 74.6 60.5 59.7 60.9 66.1 64.2 55.6 65.3 87.2 86.0 82.6 72.8 67.4 68.7 77.3 78.0 75.0 78.7 80.3 82.2 84.6 85.4 83.6 75.7 79.6 86.2 83.8 80.7 67.9 59.9 62.3 73.9 73.2 80.1 86.1 91.7 92.6 83.7 81.1 84.9 77.8 77.5
117.0 122.0 119.3 120.9 119.3 113.9 65.5 74.1 73.8 71.6 60.5 61.7 62.1 62.5 57.3 64.3 61.6 60.4 67.1 64.5 64.5 63.5 65.5 70.6 66.2 59.4 61.9 71.8 73.6 72.2 64.7 57.2 60.7 76.8 71.8 66.7 76.1 78.6 81.4 71.4 67.3 83.1 74.5 64.8 61.3 62.7 67.6 65.0 52.4 82.2 121.1 118.6 117.6 114.9 82.4 69.7 77.7 79.8 76.2 80.0 83.1 85.7 79.8 89.9 82.7 79.4 81.8 90.6 87.3 83.8 69.7 61.0 66.6 75.1 75.2 81.7 87.7 100.1 99.0 86.9 82.9 86.9 82.8 80.8
120.0 122.5 121.3 121.0 119.0 120.3 109.6 77.3 73.5 72.7 61.6 63.1 64.5 64.1 58.8 64.6 66.5 63.3 69.9 67.2 68.0 65.0 68.6 71.1 67.0 62.2 63.8 73.8 76.4 73.8 66.4 58.8 63.8 79.6 73.3 69.3 78.8 78.4 80.1 71.7 67.5 84.3 77.6 66.1 62.1 61.6 67.4 77.8 79.0 111.1 119.9 121.2 117.8 119.7 103.2 84.3 80.0 81.2 79.3 85.1 86.2 88.5 90.5 88.1 84.4 80.8 87.3 93.4 91.9 86.7 73.7 62.6 71.9 79.6 77.4 85.8 91.7 101.4 98.5 90.6 83.8 89.2 84.2 81.6
122.2 122.6 121.3 121.4 118.2 124.9 118.7 104.2 71.2 75.8 63.1 70.0 64.5 66.0 63.0 66.5 66.5 66.6 70.6 71.7 70.6 67.2 69.6 73.0 66.7 64.0 66.8 75.7 79.4 75.0 69.6 62.8 66.0 79.4 74.0 71.1 80.8 78.5 80.5 73.7 69.4 85.3 79.0 67.5 63.8 65.4 67.9 89.8 105.4 120.5 122.0 121.2 118.0 120.0 112.5 91.5 84.1 83.0 82.3 87.5 87.9 91.6 94.2 87.0 85.9 82.4 89.9 95.9 93.8 88.2 74.3 65.0 73.1 83.9 81.2 88.8 94.4 102.0 100.6 92.0 87.0 92.3 89.1 82.4
123.9 122.8 121.3 121.6 116.2 124.0 122.7 118.4 112.2 105.1 99.2 102.3 98.0 71.3 68.6 72.7 70.0 112.0 72.0 86.1 70.4 75.0 72.7 76.9 69.7 70.1 66.0 76.3 80.7 77.4 71.6 69.1 67.6 83.1 74.3 74.7 80.3 77.6 80.7 75.5 70.1 86.7 77.2 76.5 65.6 85.1 73.1 101.3 115.9 121.6 121.7 121.4 119.7 119.2 117.4 98.6 84.8 84.8 83.9 89.8 89.5 94.9 95.7 89.1 85.6 84.2 92.3 98.7 94.7 87.8 73.8 65.3 74.8 82.2 85.4 88.5 97.4 103.0 103.7 91.7 89.6 93.8 90.0 81.6
122.4 122.9 122.4 120.5 122.4 126.4 123.5 121.4 120.2 121.6 119.5 120.0 121.6 117.3 123.0 117.6 103.3 109.3 116.5 109.9 111.8 94.5 111.6 93.6 100.5 114.2 80.9 82.7 80.8 83.5 86.4 76.9 78.8 91.1 77.3 85.5 81.5 111.4 79.1 107.3 92.2 115.1 98.3 100.9 102.2 107.0 100.2 113.1 120.3 124.2 120.4 120.1 120.6 119.1 120.6 108.9 100.7 94.7 95.2 118.7 89.5 99.2 92.6 94.6 85.9 102.0 97.1 102.5 95.5 87.9 71.5 85.8 74.4 86.4 90.6 92.7 98.6 103.5 105.3 92.9 91.8 95.1 90.0 79.6
125.4 124.2 121.9 120.8 122.4 125.3 124.5 125.8 123.4 123.2 123.0 124.1 122.4 122.5 124.2 123.2 123.0 120.0 121.1 122.2 122.8 121.3 122.3 120.7 122.2 123.5 121.7 118.5 121.9 119.9 121.7 121.8 115.5 116.6 111.5 118.6 119.8 117.2 124.6 112.4 124.0 119.6 121.9 118.5 119.2 118.5 113.7 119.6 122.5 125.0 120.8 120.3 120.1 118.9 122.4 125.0 116.5 121.1 121.0 120.2 112.3 120.1 113.9 116.7 108.4 119.0 122.3 116.6 117.1 114.7 98.1 114.9 119.1 113.0 104.4 110.9 109.8 110.0 108.1 101.6 109.9 104.5 101.2 85.6
125.4 124.0 122.3 121.8 122.5 124.3 125.4 126.9 124.1 124.2 123.1 122.4 120.7 124.8 123.8 122.8 122.3 121.9 123.0 123.3 122.5 122.0 123.8 122.7 123.3 123.5 124.0 124.9 125.3 123.2 123.2 124.4 122.3 119.9 121.1 122.1 120.2 121.4 123.9 120.7 121.7 123.1 122.3 121.1 126.9 122.6 122.3 122.1 123.5 123.4 121.1 121.6 122.3 118.4 124.2 127.5 126.3 122.3 121.4 121.7 120.3 120.6 122.7 119.6 121.1 120.2 122.4 119.9 117.2 120.7 121.3 120.3 122.1 121.9 121.2 121.7 113.9 120.1 116.9 117.8 118.5 117.2 117.5 116.2
124.4 123.2 124.3 122.7 120.4 124.4 126.9 126.7 125.1 124.5 124.0 123.5 118.4 126.0 123.7 121.8 121.3 122.2 124.5 122.8 122.1 122.5 122.4 123.8 123.1 122.6 124.9 125.6 123.3 124.4 122.8 122.3 121.5 122.0 122.3 122.0 122.0 121.0 122.9 122.4 122.0 123.2 123.8 122.2 123.7 123.1 124.2 124.8 126.1 123.9 123.2 122.5 121.1 119.4 124.4 127.3 124.9 121.9 122.1 120.8 121.5 121.5 123.9 119.8 119.4 120.8 122.4 120.9 121.3 119.6 122.6 120.4 119.7 121.1 121.0 121.1 123.9 121.3 118.7 119.1 119.1 118.1 119.0 118.2
124.2 116.7 124.9 119.7 121.1 122.7 124.7 125.8 125.6 121.6 123.5 122.4 124.2 118.8 124.3 121.7 121.0 122.4 122.1 123.4 123.2 122.7 121.4 123.1 124.1 125.0 124.9 125.6 126.0 123.5 122.6 122.4 123.0 121.2 120.6 122.3 122.3 121.9 124.5 122.5 123.0 123.8 122.3 123.4 122.6 123.0 124.7 124.2 125.2 123.6 121.8 121.4 120.2 120.2 124.6 126.6 126.4 123.0 121.4 121.9 120.6 120.7 120.8 120.5 121.4 121.0 121.3 120.1 121.3 122.1 120.3 119.7 114.9 122.0 122.6 121.8 121.4 121.9 118.3 119.0 118.8 119.7 117.6 118.4
101.2 98.8 97.5 114.2 119.2 117.0 122.0 112.5 125.4 111.2 116.9 115.5 123.8 109.6 124.7 112.3 123.0 122.1 122.7 122.4 122.7 120.9 121.9 121.8 125.0 121.6 124.7 123.1 124.5 121.4 124.8 121.3 122.9 119.6 122.5 120.8 120.4 120.9 119.1 121.2 122.8 120.5 124.4 118.6 122.9 120.8 125.7 123.4 125.6 122.7 122.7 119.6 120.8 118.5 125.6 122.6 126.3 122.0 121.0 121.5 119.7 120.0 119.3 119.3 120.0 117.8 122.2 119.8 120.2 118.6 120.8 118.6 113.5 120.7 123.3 122.0 121.2 120.3 117.7 117.5 118.9 117.8 119.9 118.5
80.7 78.9 79.8 77.9 77.5 76.3 76.3 84.1 77.6 93.7 81.5 79.1 76.7 71.6 75.2 79.8 72.1 110.6 105.2 114.5 114.5 101.9 122.5 97.1 124.7 114.4 124.1 113.3 125.3 117.5 121.9 104.0 121.7 64.5 122.1 105.8 115.7 97.6 123.1 114.6 119.7 114.5 115.2 113.1 122.8 113.4 122.2 114.2 125.7 117.6 117.6 115.0 121.5 113.0 120.9 118.4 122.4 116.4 123.5 113.6 123.1 116.2 120.2 115.0 120.5 107.8 123.5 74.1 119.0 116.8 119.1 115.7 121.6 117.6 117.9 119.0 120.3 97.4 120.4 109.1 118.3 101.7 117.2 115.9
79.5 78.8 77.3 76.8 76.3 74.7 74.8 75.7 75.7 75.3 76.2 78.1 78.6 70.9 70.1 72.0 72.1 68.7 79.8 68.5 67.3 65.1 65.1 67.8 83.9 69.0 77.2 113.2 113.8 98.7 65.6 65.5 68.8 69.0 70.1 65.0 64.4 70.3 68.6 69.7 68.0 69.7 68.2 71.9 79.5 67.6 71.2 77.4 124.2 91.8 78.4 76.7 73.7 77.0 87.5 92.9 82.4 77.2 78.1 79.4 75.6 75.6 79.1 80.2 76.7 75.5 75.7 73.6 74.8 76.3 75.2 93.1 70.5 90.9 77.8 97.4 117.7 83.7 78.8 79.8 77.5 85.3 76.2 100.0
78.8 78.6 77.5 76.5 75.5 75.0 77.3 76.0 75.6 75.5 78.1 77.5 74.8 76.3 72.3 72.2 69.7 66.1 69.6 71.3 64.9 67.0 65.0 66.0 66.7 66.8 72.3 67.4 63.2 66.2 65.4 65.7 62.9 62.4 61.4 67.0 64.7 66.8 65.5 67.8 66.8 68.3 68.4 66.4 73.1 69.1 65.9 71.0 96.3 74.1 72.7 74.8 77.6 75.2 77.9 79.8 78.3 78.2 78.6 80.9 78.5 76.5 79.1 77.1 76.1 74.3 77.5 73.8 73.4 73.3 73.3 73.8 70.4 75.6 74.3 76.4 76.2 76.5 76.9 76.6 75.2 77.1 78.6 77.9
79.7 78.1 78.0 77.3 75.3 75.4 75.2 76.5 74.6 75.4 76.7 76.9 75.8 77.4 68.6 71.4 70.3 67.9 70.5 69.1 66.9 67.2 67.4 66.6 67.4 68.1 66.9 64.9 65.6 62.7 63.9 66.3 62.6 60.6 66.1 66.3 65.7 67.3 66.5 66.6 69.2 69.8 66.2 67.7 71.1 69.3 72.9 69.0 71.6 71.8 71.4 73.4 73.6 74.3 74.9 78.9 78.6 78.9 79.8 79.5 78.0 77.0 76.6 77.6 73.1 75.0 76.0 72.6 72.2 74.2 72.7 72.5 70.0 75.6 74.4 75.3 77.8 76.3 75.0 77.7 79.4 76.3 76.5 73.8
80.0 79.1 78.1 78.0 75.6 76.3 74.6 75.5 75.3 74.5 75.7 76.1 77.5 79.9 68.6 72.0 70.2 68.5 72.2 67.7 67.4 66.8 68.7 66.3 68.5 69.0 70.3 66.1 66.9 64.3 64.3 64.7 68.7 64.6 67.1 64.5 64.8 66.4 65.7 69.4 69.2 68.1 67.8 67.2 68.8 70.3 77.1 69.2 70.5 72.6 70.1 74.0 73.0 74.7 73.8 77.0 78.9 76.5 75.4 77.5 74.9 75.0 75.6 76.6 74.6 74.1 73.3 73.7 74.5 73.0 72.4 72.3 71.6 73.6 74.3 74.4 73.8 76.4 74.6 76.5 76.9 76.1 76.1 74.6
79.2 79.9 79.4 77.6 76.8 77.8 75.2 75.8 75.8 75.5 76.1 77.1 79.1 78.9 67.5 72.5 67.6 70.3 68.9 68.3 67.4 65.6 65.6 64.7 71.2 68.7 69.1 66.7 67.1 67.0 67.2 67.2 68.5 68.0 67.8 65.7 66.3 64.4 65.9 69.1 66.7 69.0 67.6 66.8 67.4 69.5 75.3 69.6 68.4 73.5 72.0 72.8 73.2 75.5 73.9 75.5 76.8 76.3 76.7 77.4 75.3 74.9 75.6 75.1 76.4 72.2 73.1 74.6 73.9 73.5 72.0 73.6 72.3 73.6 75.1 75.3 79.2 77.4 76.8 77.5 76.4 76.0 76.9 75.3
79.5 78.8 79.5 78.5 77.3 78.9 75.0 76.0 74.6 75.0 76.2 77.4 79.4 80.1 70.6 73.6 72.2 71.2 71.3 68.7 64.8 61.1 59.7 62.1 69.3 67.5 68.0 68.7 67.8 68.1 69.3 68.0 70.0 64.0 68.2 68.0 68.3 69.1 69.1 69.3 70.2 68.6 67.7 67.8 62.8 67.4 67.9 69.9 71.7 73.4 70.3 71.9 73.2 74.0 71.4 74.9 75.1 76.8 76.5 79.1 79.5 73.2 76.9 74.5 73.8 73.5 75.0 71.8 73.2 75.0 72.1 73.1 74.9 73.2 73.8 76.0 75.7 82.1 75.2 77.7 73.9 76.2 77.4 75.6
79.3 79.8 79.6 78.0 79.4 79.7 75.5 75.9 76.8 79.6 76.2 76.5 75.4 76.7 72.9 73.9 73.9 72.9 72.9 67.9 62.4 57.3 56.7 58.5 63.3 66.9 67.9 69.0 68.3 68.1 69.4 68.3 69.8 65.6 69.3 68.6 68.7 70.0 69.7 69.2 69.6 70.8 68.0 69.2 66.5 70.3 68.0 69.6 71.0 72.2 68.4 72.7 73.0 74.0 73.4 75.8 80.8 78.1 76.3 80.4 77.8 75.6 75.8 74.3 74.1 76.5 76.1 74.7 73.3 74.4 73.6 73.5 73.4 75.2 73.3 74.8 75.4 76.0 72.8 75.6 76.1 77.0 75.4 75.7
79.2 81.1 77.9 78.3 79.3 79.4 77.4 76.7 77.1 74.2 77.5 75.7 73.6 76.9 74.7 73.4 68.7 71.6 69.4 64.1 56.5 56.0 54.8 55.0 60.9 65.5 67.6 66.6 67.8 67.8 67.3 68.9 70.2 65.2 67.6 69.5 68.7 68.8 70.0 68.7 69.0 69.5 67.4 69.1 70.9 70.4 72.5 70.2 69.6 72.2 71.8 74.3 72.5 76.3 83.5 76.3 76.1 77.5 75.2 77.3 75.0 75.6 75.1 74.5 74.2 79.9 77.5 76.1 72.9 73.2 73.0 73.9 74.9 74.0 74.9 74.5 73.5 75.1 76.0 75.6 73.4 75.7 76.0 75.3
80.0 80.4 80.3 78.8 80.0 79.2 77.0 77.5 77.4 73.9 78.5 75.9 70.9 76.5 72.7 71.8 69.6 67.4 66.7 59.9 53.8 53.2 54.0 53.4 57.5 63.3 65.9 65.5 67.8 67.7 67.9 70.0 72.9 69.0 68.7 68.1 68.8 68.9 70.4 69.5 68.2 68.3 68.2 68.8 70.0 69.6 68.9 69.1 69.2 71.9 75.7 73.4 71.8 75.0 73.6 76.7 76.3 76.3 75.9 76.4 76.3 75.8 76.3 75.8 73.1 76.5 76.8 76.0 71.9 73.1 70.8 76.0 74.8 75.0 73.5 74.8 74.9 74.9 75.2 73.2 74.7 75.0 70.6 73.4
81.1 81.6 78.6 79.4 80.2 79.1 76.3 79.5 78.7 75.2 78.2 75.0 69.8 75.8 72.1 70.8 65.9 65.3 61.7 58.1 55.1 51.1 50.7 52.3 57.4 61.4 62.9 66.2 66.6 68.2 69.4 71.0 69.1 71.0 70.7 70.2 67.4 68.3 69.4 73.0 69.2 70.1 68.9 69.7 71.5 71.4 72.6 69.0 70.0 71.0 72.6 72.0 72.2 76.0 78.3 76.0 79.1 75.7 80.4 77.4 78.2 75.8 73.9 73.8 72.7 78.0 75.8 74.7 73.7 73.1 71.8 73.9 73.4 76.6 76.5 75.0 73.9 76.5 71.9 73.3 74.5 76.5 73.8 74.5
80.0 81.8 79.9 80.4 79.4 79.2 82.1 80.3 78.9 76.5 75.7 74.8 68.5 72.3 66.7 67.5 63.7 61.8 60.3 57.0 54.3 52.2 48.5 51.7 55.4 60.3 63.7 65.9 68.3 67.0 68.6 70.0 70.0 70.6 69.3 69.1 68.7 68.8 69.3 75.0 68.5 71.4 66.6 69.7 69.8 69.2 72.2 70.2 69.0 70.4 71.4 71.6 71.6 74.1 75.8 75.4 79.2 78.0 76.9 77.7 78.1 77.2 76.5 76.2 73.9 75.5 76.3 73.1 73.2 72.8 73.0 73.5 75.0 75.6 76.0 76.3 75.6 75.0 74.1 73.0 73.6 76.4 76.2 76.9
80.4 81.4 79.7 79.4 79.6 79.5 82.4 79.5 77.5 76.4 78.2 77.3 69.3 68.5 67.0 66.3 63.4 60.2 58.6 56.5 53.6 50.8 49.1 51.1 54.8 59.3 63.2 64.5 67.8 67.9 71.7 70.8 70.3 70.6 70.8 70.5 71.0 70.5 71.7 71.5 68.6 70.3 70.2 68.7 66.3 68.5 70.8 71.2 70.6 71.2 70.8 70.9 73.6 72.7 72.6 74.6 79.0 78.0 77.9 78.1 78.6 77.9 75.8 74.0 73.8 74.1 76.2 71.1 72.4 72.9 73.4 74.7 76.4 74.7 76.2 75.8 76.2 76.2 76.8 74.4 75.1 76.5 75.8 76.4
79.0 81.3 77.3 79.8 80.2 79.8 84.2 78.5 78.3 77.0 79.0 76.7 72.1 64.9 63.7 67.6 62.5 61.4 57.7 55.9 53.3 49.5 50.4 52.8 55.8 58.2 61.1 65.8 67.5 68.7 69.5 70.9 68.9 71.0 71.9 72.4 68.6 71.7 70.8 68.3 68.6 69.8 72.7 68.5 69.1 71.7 71.0 69.2 72.0 69.4 69.3 70.1 73.5 72.6 74.1 75.0 79.0 79.7 79.7 78.2 77.5 77.9 75.4 75.0 71.7 73.8 74.1 75.4 72.0 73.1 73.3 75.4 75.6 75.5 76.7 77.2 76.1 76.9 76.5 75.0 74.6 76.3 76.2 76.2
79.6 82.0 80.3 80.3 80.6 83.0 79.6 78.3 78.1 74.7 77.7 77.0 75.6 63.9 66.2 66.1 61.9 62.0 57.4 54.5 51.3 50.5 56.7 54.7 56.1 59.0 64.4 66.7 67.2 68.8 69.8 71.4 69.9 71.8 69.2 73.2 70.6 70.3 71.4 70.6 71.5 70.4 74.3 70.0 68.5 70.6 70.1 69.8 73.1 70.4 69.5 71.9 73.6 73.0 73.4 75.3 76.0 78.9 77.9 78.6 78.6 78.2 74.4 75.3 73.9 74.7 76.6 77.5 71.8 73.2 71.4 74.7 73.5 75.9 76.6 79.1 78.5 76.8 77.3 75.6 82.6 75.7 76.5 78.3
81.2 78.7 79.4 78.8 81.1 82.4 79.8 80.0 78.6 73.6 77.7 78.2 72.5 64.2 66.7 61.8 61.4 62.2 58.1 55.3 52.6 55.7 53.7 54.7 53.9 58.6 64.3 67.1 69.5 68.9 69.7 71.9 71.6 72.2 70.8 73.1 70.0 62.8 71.3 72.4 71.1 70.9 72.4 72.2 68.1 69.8 72.1 71.2 72.0 70.4 70.9 71.8 73.5 74.6 74.0 75.7 78.0 78.5 79.4 77.4 79.5 77.6 76.1 75.6 72.9 74.4 75.4 75.5 71.9 74.0 75.6 73.7 75.5 76.4 73.8 77.5 80.9 77.2 76.9 76.8 78.8 77.3 78.1 77.6
79.8 79.4 82.2 78.7 83.9 81.3 81.3 82.3 77.1 73.5 78.2 75.6 71.9 66.3 64.0 60.4 59.7 62.1 59.4 56.1 54.7 58.3 56.0 56.7 56.0 59.3 65.8 68.1 69.8 68.7 72.2 72.3 71.0 71.5 71.7 74.8 70.1 67.2 69.6 72.4 69.6 71.4 72.0 69.2 67.2 69.5 71.1 69.5 71.8 70.9 72.2 72.9 74.4 75.7 75.2 76.3 79.6 76.1 77.0 77.4 77.9 78.1 76.3 75.8 73.7 74.1 76.7 74.4 73.5 75.0 74.2 74.5 75.8 76.5 76.4 77.1 79.4 79.6 78.1 78.2 78.6 77.6 77.3 77.6
81.4 79.9 79.9 80.8 82.5 80.2 83.4 82.0 79.0 78.4 78.7 77.0 73.1 66.3 63.4 60.0 61.7 62.8 60.0 57.8 59.7 60.3 56.8 59.2 57.7 63.2 64.9 69.5 70.4 68.8 71.7 71.3 70.0 73.0 70.4 68.7 69.6 69.4 71.2 71.8 70.1 72.5 71.2 69.3 68.1 70.8 70.1 70.2 72.7 71.8 71.5 73.6 73.8 75.6 76.3 76.6 76.6 78.3 79.4 79.3 76.5 77.8 75.6 74.5 73.6 75.8 74.0 75.2 73.3 76.3 77.0 74.7 77.0 76.8 78.8 75.9 80.9 80.7 79.8 79.7 80.9 77.7 78.3 78.1
80.8 79.9 80.3 79.4 80.1 80.9 84.2 81.3 78.3 80.9 75.7 79.9 74.0 65.5 60.3 62.0 63.4 61.8 60.2 61.3 60.0 62.7 62.6 60.7 57.5 64.8 67.2 70.1 68.2 70.3 72.7 72.3 72.0 71.9 70.5 67.9 68.5 69.0 70.0 71.9 72.7 70.6 70.3 68.6 68.0 70.3 71.7 71.1 73.8 74.0 72.9 72.9 73.4 77.9 74.3 76.0 75.4 80.4 78.2 79.3 82.0 78.5 76.1 76.1 75.0 76.4 77.9 77.6 77.6 77.7 77.0 76.0 77.9 76.8 77.0 75.7 82.0 79.6 77.8 79.7 79.4 77.9 79.0 79.0
78.6 80.6 80.2 78.6 81.4 81.1 82.2 81.1 77.8 81.9 76.6 77.0 70.8 63.9 60.9 61.4 61.4 60.0 64.0 63.9 63.2 66.7 67.6 62.6 63.4 65.4 65.2 70.3 71.2 72.2 75.6 73.1 71.4 71.4 72.9 72.2 71.1 71.2 70.2 71.7 69.1 69.6 70.6 67.2 66.3 71.2 71.1 71.5 71.4 73.3 73.2 73.7 75.3 75.6 78.7 75.9 78.3 80.8 77.3 79.1 76.3 77.5 77.0 76.6 75.1 77.5 79.7 79.6 79.0 80.0 81.5 79.2 75.8 77.1 78.3 79.6 79.5 79.8 79.3 82.7 78.2 78.2 79.1 77.8
79.3 79.5 79.5 78.5 79.1 80.9 80.7 81.2 80.0 78.1 78.2 71.7 71.0 62.1 61.6 62.8 61.0 62.0 63.1 67.1 70.2 74.5 69.7 65.4 66.9 68.9 70.5 70.8 71.0 71.9 74.3 73.2 70.5 70.3 71.3 72.5 73.1 70.6 71.1 67.8 68.7 68.6 71.3 68.0 67.3 71.6 70.7 71.9 73.0 72.9 72.3 71.8 75.3 75.9 74.7 77.8 80.6 79.1 78.7 78.7 77.7 77.7 77.2 77.4 77.1 79.0 81.1 80.8 78.6 80.9 84.5 80.3 80.1 79.3 79.8 80.2 79.8 79.1 78.3 81.3 79.1 78.7 80.2 79.4
81.9 79.9 78.8 78.2 79.7 82.2 79.5 79.0 77.8 78.6 76.2 71.5 66.8 61.5 59.1 62.8 63.8 62.9 67.2 71.9 72.8 72.5 73.5 67.7 67.2 70.1 69.1 71.8 71.3 71.8 74.5 73.4 72.1 70.7 72.5 70.6 69.8 69.5 71.2 67.9 69.4 67.2 69.8 68.2 68.8 70.8 71.2 71.4 72.0 74.1 74.7 72.6 74.3 75.4 73.3 77.3 76.2 77.9 79.2 79.8 78.1 78.2 80.9 77.3 80.1 81.1 79.6 79.7 80.1 80.5 86.3 80.0 79.1 79.0 79.5 80.1 79.8 81.6 80.5 86.5 79.2 81.5 79.3 79.1
79.7 80.4 78.5 78.0 81.2 80.2 83.9 79.1 78.2 78.8 74.6 69.0 63.1 63.1 60.9 64.9 64.3 67.5 69.9 72.9 73.0 74.6 78.2 68.8 70.3 70.3 69.7 72.2 73.1 73.1 72.5 73.4 72.0 71.7 73.2 70.5 72.6 67.1 69.1 67.8 64.2 66.9 65.5 68.4 68.5 70.8 71.8 69.9 74.1 74.1 76.1 72.9 74.9 74.5 74.6 76.2 80.0 78.1 80.2 80.2 78.7 82.2 81.3 81.5 79.8 80.6 79.2 80.2 81.3 81.2 84.9 81.3 76.0 79.5 77.5 79.9 82.9 80.2 83.7 82.9 80.1 82.8 75.9 78.6
82.5 83.6 79.8 78.2 80.0 77.8 77.8 79.6 79.3 76.7 71.1 63.7 64.7 65.3 64.4 67.9 67.4 69.5 71.2 73.5 73.2 76.0 78.4 71.5 73.1 69.9 71.6 72.9 77.4 73.1 72.9 73.1 73.5 72.1 73.8 71.5 70.1 68.9 69.7 66.5 65.6 65.5 66.4 67.1 69.0 72.0 71.5 72.4 74.0 75.4 76.3 74.4 75.3 75.9 74.9 77.5 79.2 79.3 79.0 79.6 77.6 81.4 80.1 80.2 80.6 82.5 81.9 79.6 81.6 82.2 81.0 80.3 78.5 79.0 79.5 78.6 80.8 81.0 81.4 81.6 79.9 80.9 78.0 78.5
