surveys/q10_3/matrix_q10_3s0.txt
north:            -537.50
south:           -1267.50
east:             2691.00
west:              -93.00
rows:                 148
cols:                 278
null:              -999.0
[rows 76 to 113 of 148, columns 0 to 83 of 278]
69.8 72.0 72.4 70.4 67.1 70.4 73.1 76.6 73.8 73.9 73.1 77.3 76.7 79.5 81.5 79.1 80.2 81.8 82.1 75.2 75.8 75.7 74.8 78.1 79.4 79.7 77.0 77.1 74.7 75.8 71.8 82.1 83.1 80.4 80.3 84.2 84.7 82.3 79.5 78.6 78.0 79.2 75.0 74.4 76.0 79.1 81.6 78.0 78.1 75.7 75.0 74.1 78.9 78.7 80.5 82.8 84.6 83.0 82.9 83.7 82.3 82.6 78.4 80.9 79.2 79.2 79.9 80.0 80.3 81.5 81.9 82.5 81.0 74.9 70.5 71.2 63.9 62.7 63.9 62.3 61.4 64.7 65.3 65.9
72.9 70.2 71.3 67.5 62.5 67.6 73.2 74.1 74.7 73.9 75.7 76.6 78.2 79.0 80.2 78.5 81.0 81.4 81.1 74.8 74.6 75.3 75.7 77.8 80.5 79.4 76.5 75.5 76.2 75.5 77.0 81.8 79.8 79.6 80.2 83.2 82.6 82.7 79.9 78.3 78.5 78.8 72.2 74.7 77.8 77.6 79.9 80.2 76.2 77.0 76.8 73.8 75.6 78.9 81.1 83.1 83.4 82.2 81.3 82.6 83.9 82.0 82.4 81.3 82.1 79.1 80.0 80.1 77.5 81.7 80.5 82.7 82.1 71.0 71.6 69.7 62.6 62.7 62.3 61.4 61.9 65.8 68.0 65.7
73.9 71.8 69.7 65.7 64.9 65.8 73.2 72.3 72.6 74.4 74.8 76.4 77.0 79.1 79.6 79.1 79.9 80.2 80.9 75.4 75.9 75.5 77.7 79.3 78.9 78.5 80.0 75.9 74.1 75.5 80.4 82.5 81.1 80.9 80.2 82.2 80.7 81.9 79.3 79.1 79.1 78.1 73.7 73.5 76.2 77.3 80.9 80.8 80.0 78.1 76.5 72.6 74.1 79.7 81.7 81.7 84.8 82.6 81.7 81.4 79.1 81.3 84.3 80.2 79.6 78.0 79.3 79.7 78.7 82.3 78.7 82.4 75.1 69.5 70.3 68.2 63.3 63.6 59.6 61.3 61.1 65.1 65.1 68.5
76.0 72.4 69.7 65.4 65.7 65.7 67.9 73.1 72.2 75.7 73.8 75.6 77.7 79.6 77.4 78.9 81.1 80.2 81.3 77.0 73.7 76.5 77.6 77.6 77.5 77.8 77.1 76.1 76.1 76.5 78.0 81.8 80.9 81.2 80.1 80.9 80.7 81.2 81.6 79.4 76.2 76.4 73.2 72.7 74.9 77.0 79.5 79.4 77.3 78.3 77.5 73.4 74.3 76.6 81.0 81.2 85.7 81.9 83.2 81.2 81.0 79.4 81.0 78.3 78.6 80.1 79.9 78.8 80.3 81.4 81.6 79.1 70.0 69.1 70.1 65.9 60.9 61.5 63.8 61.5 61.6 64.2 65.1 68.5
80.5 74.7 74.3 65.8 62.8 64.8 68.4 72.4 73.6 75.4 73.7 76.5 76.2 79.2 78.4 77.5 80.1 80.2 80.7 78.0 75.4 76.2 74.4 75.9 77.9 77.6 77.6 74.6 76.9 78.4 80.4 82.4 80.3 81.8 79.0 78.1 79.8 81.5 81.2 80.6 75.9 74.6 69.8 71.9 72.8 76.7 80.1 79.9 76.8 77.1 75.0 74.3 76.8 76.8 78.8 80.1 82.0 81.6 84.5 81.5 80.4 79.5 79.7 78.0 79.8 80.0 79.0 77.6 79.3 81.6 79.4 75.2 68.5 69.6 68.8 64.5 63.9 60.6 60.3 61.3 62.1 62.7 65.4 68.4
82.8 76.7 72.6 67.5 65.8 64.1 67.2 70.3 69.2 74.5 74.6 74.8 78.2 78.1 80.0 77.2 81.1 80.2 79.8 78.3 75.1 74.6 76.7 75.9 77.0 76.8 76.6 74.6 75.3 80.8 79.8 83.0 79.9 83.0 78.1 78.5 77.2 81.1 80.7 80.7 77.2 73.8 75.1 72.3 72.8 75.2 80.7 78.8 79.8 76.8 76.4 75.1 72.6 77.4 77.0 79.3 83.8 81.9 86.5 83.3 76.4 79.5 79.4 78.1 81.0 77.2 80.4 77.2 79.4 79.6 80.1 71.7 70.3 68.4 65.2 63.9 64.7 60.8 62.9 61.7 62.5 63.7 68.2 67.9
84.9 82.1 74.0 70.7 66.5 63.9 66.4 69.0 71.3 74.8 74.3 74.3 77.3 77.8 77.8 77.1 79.0 79.1 79.6 78.9 73.1 74.3 77.7 75.8 82.3 76.5 75.0 74.9 75.4 81.7 78.6 82.8 79.6 81.7 77.5 79.0 78.2 80.0 83.0 80.5 75.3 75.5 69.7 70.8 73.0 75.2 79.2 77.5 80.1 77.7 75.4 74.9 73.2 77.3 77.8 77.8 82.2 81.9 82.4 85.2 79.2 78.9 79.4 77.0 79.0 77.2 80.5 76.7 79.2 79.9 76.1 68.3 66.3 67.3 64.7 63.4 62.9 61.1 60.6 62.1 62.4 64.4 69.7 69.5
83.2 85.5 76.7 73.5 66.8 64.6 67.1 67.7 71.1 73.3 74.7 74.5 77.5 77.2 76.0 77.2 79.5 77.2 79.6 78.0 75.5 73.7 74.9 76.9 76.1 76.5 74.9 76.0 78.3 82.2 79.4 83.6 79.4 81.6 76.9 79.0 76.6 79.4 80.2 80.6 75.3 76.6 73.9 70.3 71.1 76.2 81.1 78.0 77.4 78.1 78.9 75.7 74.3 76.5 77.7 77.6 83.2 80.5 83.7 84.7 78.5 80.3 82.6 77.3 79.2 77.9 79.3 78.6 79.2 78.8 69.6 67.0 67.2 67.0 64.0 63.3 61.7 61.0 63.2 61.2 63.7 63.4 67.9 70.5
84.7 85.5 81.8 76.3 71.1 65.4 66.3 67.5 69.0 72.3 73.5 73.5 76.1 78.0 78.5 77.9 78.4 77.6 77.7 76.8 73.6 75.0 77.8 76.6 75.5 76.7 73.6 76.7 80.3 83.6 78.0 83.6 82.7 81.7 77.3 79.1 75.9 79.9 80.1 80.6 78.1 77.8 73.6 72.1 71.5 77.0 78.2 78.0 81.0 77.5 76.2 75.2 73.3 77.5 77.5 78.6 82.1 80.0 83.5 83.0 79.6 78.6 82.7 75.1 79.1 78.0 78.5 78.0 76.7 74.8 69.4 67.1 68.8 66.8 62.3 65.3 62.0 59.8 63.6 62.7 63.5 65.4 68.4 69.0
86.8 85.4 85.8 80.0 74.3 68.1 65.2 66.6 68.6 71.5 74.2 73.5 75.8 77.7 76.4 77.4 79.1 77.3 79.4 75.8 73.7 75.2 75.3 76.8 75.3 75.5 74.8 77.4 81.0 84.7 80.4 83.4 78.0 81.3 77.5 79.5 79.1 78.4 79.5 79.4 76.8 78.2 74.5 71.2 71.8 74.2 79.2 77.1 78.7 77.3 79.9 75.8 74.3 76.8 78.6 78.3 83.2 79.9 83.0 83.2 83.7 79.2 83.9 72.9 76.8 76.7 78.2 75.6 75.3 72.5 64.9 67.2 70.0 65.8 65.3 63.5 60.1 60.8 62.7 63.2 62.9 66.5 71.0 69.2
84.2 84.8 84.6 82.9 73.5 68.8 66.5 66.0 67.4 69.7 72.9 73.3 73.9 75.8 77.5 76.6 77.9 77.6 78.3 74.6 74.3 75.2 75.3 74.6 74.8 76.3 75.6 77.9 81.1 86.5 82.6 82.8 82.0 81.0 77.6 79.0 75.9 77.1 77.7 76.2 76.7 77.1 74.7 70.5 70.3 72.2 77.3 77.3 79.2 76.9 79.7 76.8 73.8 74.9 77.7 78.5 82.7 79.9 82.7 82.8 81.3 79.6 82.2 74.6 78.8 75.9 75.4 71.8 69.1 70.7 65.3 66.8 64.8 64.5 63.9 63.1 59.3 61.5 64.3 62.4 64.0 67.8 69.1 70.4
84.3 84.6 86.2 83.9 78.4 68.6 66.3 67.2 67.6 68.8 70.2 72.0 74.3 75.9 76.5 76.6 77.7 77.5 77.8 73.3 73.7 73.5 75.3 72.5 74.6 76.5 75.6 79.9 81.3 86.4 81.6 83.1 83.4 81.1 78.7 78.8 76.9 76.7 78.5 76.6 76.1 76.7 75.0 71.2 69.7 71.3 77.7 78.8 78.9 77.0 76.5 77.4 75.0 73.4 76.6 78.5 81.2 80.4 81.9 82.2 82.1 79.1 80.9 75.8 70.6 74.4 73.8 69.8 70.1 67.5 64.6 66.8 64.2 63.5 62.6 63.4 60.6 61.5 63.7 64.1 63.9 69.1 65.1 73.6
82.8 84.8 86.2 84.2 82.7 70.8 68.9 67.0 66.8 68.1 69.6 70.6 72.5 74.4 75.4 76.3 76.8 77.0 77.0 71.1 74.0 72.8 72.9 72.6 75.1 75.0 75.1 81.2 82.0 85.7 83.1 83.2 82.7 80.2 80.0 79.6 77.8 76.9 76.1 77.2 76.6 76.8 73.9 73.0 70.1 69.9 78.4 79.2 80.0 77.0 78.4 77.2 74.6 70.5 77.4 76.6 81.0 79.8 83.4 82.4 81.9 79.2 82.0 76.6 70.1 71.3 74.8 72.1 69.7 66.2 65.4 66.7 66.0 63.6 62.9 63.3 60.9 61.8 63.7 65.4 66.8 69.6 66.2 75.8
82.3 85.7 85.9 84.2 82.4 74.9 68.5 66.7 66.6 67.0 68.6 69.6 73.7 72.6 75.8 75.3 76.1 75.8 75.7 71.0 73.3 72.8 74.6 73.0 73.5 75.3 78.8 82.8 82.3 85.3 81.0 83.0 82.2 80.9 80.1 80.2 78.1 77.2 78.3 77.3 74.9 77.8 75.8 74.2 67.5 69.6 75.2 78.6 79.2 77.0 76.6 76.5 74.0 69.4 75.5 77.0 82.7 78.7 82.3 81.8 78.0 79.8 84.5 77.0 70.5 71.0 69.9 71.8 67.9 64.9 66.5 65.8 66.1 65.2 63.1 61.9 63.7 62.5 61.8 66.2 67.1 69.0 68.9 76.7
86.1 87.3 84.2 84.9 83.3 79.3 70.6 67.8 66.8 66.7 66.3 68.4 70.8 72.1 74.6 74.8 74.2 74.0 73.3 70.8 72.9 71.9 72.9 72.2 71.2 75.7 76.9 82.7 83.2 84.8 78.6 83.4 82.7 81.8 80.6 80.2 76.1 77.3 75.2 77.6 75.4 78.1 75.9 74.4 70.0 69.6 74.3 77.0 79.7 77.6 80.6 75.5 73.3 68.5 75.8 77.2 80.3 78.3 79.9 81.3 80.1 79.2 83.5 77.0 67.8 70.2 70.9 68.3 68.7 66.1 66.1 65.2 65.3 66.1 63.5 61.7 61.4 62.5 67.2 66.5 66.7 69.0 73.5 77.6
84.5 84.6 84.8 84.1 81.3 82.9 72.3 68.6 67.1 67.4 65.5 67.5 68.7 70.5 70.5 73.1 72.1 72.1 71.4 70.1 74.0 70.6 73.4 72.1 73.4 76.8 80.2 83.2 81.8 85.5 78.6 82.8 81.6 81.1 81.4 81.0 79.7 77.7 76.4 77.5 75.1 76.5 73.8 73.7 70.7 68.9 73.7 77.0 78.8 77.7 79.2 74.2 71.4 68.5 75.5 77.0 85.5 80.2 81.4 82.7 81.2 77.9 82.0 76.9 67.8 68.2 70.2 66.6 67.6 66.1 63.2 65.1 65.6 65.7 62.8 61.8 63.3 64.8 67.0 66.1 70.0 72.6 78.7 77.6
88.0 84.6 83.3 84.7 84.6 83.1 75.7 69.9 66.8 68.3 65.4 67.3 70.0 67.9 69.5 70.6 71.6 70.1 70.0 69.5 70.4 69.4 71.7 72.5 73.6 77.3 81.7 83.9 82.6 86.0 78.2 81.9 81.4 82.6 80.8 82.5 81.2 78.4 76.7 76.3 74.9 75.5 75.2 74.2 71.4 67.8 72.8 77.3 79.8 77.5 80.2 75.0 74.4 68.5 74.9 76.5 85.6 81.0 79.1 82.7 80.4 76.7 81.8 77.4 69.6 67.1 73.0 67.0 66.5 65.4 65.5 65.8 66.0 64.1 64.5 61.4 64.1 68.1 73.0 67.4 68.0 75.8 79.4 78.6
84.2 83.5 84.7 84.3 84.3 82.6 78.1 71.5 69.1 69.0 66.2 66.1 67.0 66.2 63.0 68.4 70.7 67.1 67.6 69.3 69.0 69.5 70.5 72.7 76.5 78.4 84.3 83.5 83.4 84.5 81.9 82.1 80.7 83.2 80.2 82.8 79.0 79.1 79.2 76.4 75.6 74.9 77.3 76.4 72.1 67.4 70.8 76.9 79.7 77.5 77.8 76.1 73.1 67.7 75.7 75.8 81.9 82.1 81.8 81.3 78.8 75.6 81.6 77.9 70.4 67.3 70.3 67.9 68.2 64.8 63.5 67.8 64.7 63.6 63.3 61.6 66.3 72.6 76.1 70.1 69.1 77.4 74.1 79.2
80.5 82.9 84.3 82.2 81.4 82.0 83.8 74.0 70.2 70.3 67.8 65.1 65.6 66.3 65.9 66.1 66.8 65.6 65.2 66.5 68.3 70.6 70.0 74.6 76.7 79.3 83.0 83.2 82.8 84.0 80.1 82.5 81.0 82.5 81.4 81.8 80.0 80.7 77.4 77.8 76.7 74.2 76.1 76.0 71.2 67.5 69.4 75.3 78.8 78.3 78.0 75.7 73.1 67.5 75.8 75.7 83.5 81.3 81.9 81.2 80.0 74.5 78.6 76.7 72.7 68.0 68.6 66.8 63.7 64.9 66.9 68.4 64.7 63.9 64.3 63.8 67.9 75.2 75.1 70.1 73.9 77.7 72.4 76.9
82.5 83.7 82.5 82.2 78.6 82.3 82.9 77.1 69.1 70.2 70.1 66.7 67.3 66.5 63.8 63.5 64.8 65.1 63.0 65.1 66.5 70.7 71.6 77.3 76.9 80.2 81.3 84.3 83.2 82.5 79.0 82.9 82.5 82.9 80.7 81.4 81.3 80.7 79.0 78.4 75.3 74.0 75.6 75.7 74.1 68.1 66.3 74.6 78.9 78.6 75.8 75.6 72.7 66.8 72.3 75.4 84.4 80.6 80.1 80.7 80.1 73.5 72.7 74.0 74.4 67.8 69.7 65.4 62.9 64.5 63.9 67.2 63.6 64.1 64.2 65.8 69.5 77.9 76.5 70.5 77.4 77.4 75.0 76.4
82.6 83.2 81.6 82.0 80.1 83.9 81.1 79.8 71.2 71.3 70.7 68.4 70.3 65.0 63.9 62.1 65.5 63.5 64.4 65.4 66.3 70.5 72.2 76.8 77.2 81.7 83.3 84.6 84.4 80.8 79.9 83.7 82.0 82.8 79.8 81.6 81.3 80.3 79.4 77.8 75.7 75.2 76.9 76.7 75.7 68.3 64.9 73.0 78.5 77.8 78.4 75.2 71.9 64.6 74.5 74.1 78.6 79.6 80.9 80.9 78.7 74.5 74.8 73.2 72.7 68.2 67.7 65.9 65.5 64.1 64.6 65.6 64.8 65.8 65.3 67.1 71.7 78.4 76.1 73.2 78.1 78.0 74.9 77.5
81.7 84.0 82.5 81.4 83.3 82.6 81.8 81.9 75.2 73.1 71.0 69.6 69.6 66.0 64.8 61.8 62.2 62.8 64.6 64.9 65.7 70.3 68.8 76.9 78.6 83.1 83.1 84.8 82.1 82.1 78.3 85.2 81.5 82.4 82.0 81.9 81.5 79.8 77.3 77.3 73.0 76.2 71.1 78.7 74.2 70.3 62.3 70.6 77.7 78.9 78.3 76.7 73.6 65.2 71.6 74.1 82.0 79.1 81.7 80.9 78.0 75.9 76.0 72.9 71.3 66.8 64.4 64.0 62.4 65.4 66.9 65.8 64.7 65.7 64.2 68.4 74.5 76.6 75.4 76.1 76.4 78.3 72.6 77.8
83.3 85.7 83.2 81.8 83.1 81.2 83.0 81.7 77.2 75.0 72.4 70.9 71.0 67.6 65.8 62.8 63.7 63.5 63.5 64.2 68.4 70.3 73.5 78.0 81.9 82.7 83.8 84.9 85.2 83.2 81.1 85.6 83.2 82.5 80.1 81.9 80.4 79.6 80.3 77.6 76.5 75.8 75.1 79.7 79.1 71.6 63.6 68.8 78.3 78.9 75.8 77.0 73.7 68.0 70.7 73.9 78.9 79.4 78.8 81.0 79.6 75.8 77.4 70.4 69.5 65.2 63.6 62.1 63.7 66.3 67.6 66.1 65.9 64.4 64.7 70.5 76.2 76.3 78.9 77.9 76.6 78.3 77.4 77.5
83.4 87.0 80.6 81.3 82.8 80.5 78.9 80.7 81.9 76.7 73.8 72.7 73.2 69.5 66.7 63.8 63.8 64.5 63.6 65.8 70.4 72.4 75.4 79.1 82.0 81.8 81.7 84.7 84.1 82.5 83.0 84.0 83.5 83.4 81.7 81.7 79.1 78.5 79.2 76.2 77.8 75.5 74.9 80.4 78.2 72.1 61.9 66.5 76.7 78.7 76.3 76.6 74.0 68.2 70.2 73.2 77.3 78.2 79.1 80.7 80.5 75.5 73.2 68.7 68.4 64.9 63.3 61.1 63.3 67.1 65.9 66.2 67.5 65.4 69.4 72.5 75.6 79.0 77.5 80.7 75.2 77.7 78.5 78.2
80.5 84.1 81.3 80.7 82.6 79.7 81.3 80.5 81.7 77.4 75.4 74.7 76.6 72.1 65.6 65.3 65.8 66.5 67.4 68.6 71.2 74.6 76.8 80.4 83.6 82.3 84.9 84.5 85.5 82.9 85.2 84.6 82.0 83.4 82.7 81.7 80.7 78.1 78.0 76.2 78.1 76.9 76.0 79.4 79.8 73.9 64.0 62.3 75.4 78.4 79.5 77.1 75.6 67.8 66.0 73.0 73.7 77.7 81.7 80.3 78.4 74.2 71.8 67.7 65.1 64.6 63.2 61.7 64.6 67.9 66.5 66.4 66.2 67.2 70.1 75.2 79.6 78.8 77.4 81.1 76.7 77.8 77.8 79.0
83.4 81.8 82.4 80.1 80.7 78.8 80.3 81.2 78.9 79.3 75.6 75.9 77.3 73.5 66.4 68.2 69.5 69.0 68.9 70.7 72.9 75.3 80.5 82.7 84.9 83.0 85.6 84.0 85.3 83.6 80.4 85.0 85.8 82.4 81.6 81.9 78.1 79.1 77.5 78.5 78.1 77.5 75.1 78.5 82.7 75.3 67.3 59.7 73.9 77.7 79.4 77.5 75.5 67.3 64.4 74.1 69.0 77.3 78.6 80.9 76.4 70.2 67.4 65.0 65.4 63.2 66.9 63.5 66.0 69.1 67.7 66.4 66.7 68.3 71.2 76.5 76.5 78.8 79.1 80.5 78.2 77.7 76.9 78.6
81.8 80.2 81.4 79.7 80.6 78.6 79.6 81.2 80.8 80.6 81.7 77.8 78.4 75.5 69.8 70.6 71.9 71.4 72.8 73.3 74.8 76.6 79.8 84.2 82.3 83.1 83.7 83.9 84.2 84.6 81.6 84.3 82.7 82.7 80.2 81.5 79.2 79.2 77.9 78.6 78.7 78.3 77.3 78.8 77.8 76.9 67.3 58.3 71.7 74.4 79.6 76.9 73.6 67.4 64.7 73.3 71.9 77.2 78.5 78.9 75.7 65.7 67.8 64.5 63.8 65.1 67.1 67.4 66.4 69.0 68.6 67.8 63.5 68.8 73.5 76.3 77.3 78.5 77.6 79.7 78.3 77.8 71.9 79.4
81.0 76.7 80.8 79.4 79.4 78.9 80.3 80.4 80.9 80.1 80.4 78.6 76.0 76.8 76.9 72.3 72.0 72.7 74.7 75.3 76.3 78.1 82.5 84.9 80.9 83.5 83.2 83.6 84.8 85.4 90.1 83.9 82.6 83.5 82.2 80.5 79.2 79.3 74.1 79.1 79.2 80.4 75.6 78.6 79.1 78.3 69.3 58.7 70.6 75.2 78.8 76.2 75.1 68.1 64.5 73.1 73.4 77.8 76.0 77.7 72.3 64.7 65.6 66.6 64.9 68.0 68.2 70.2 68.9 68.4 66.6 68.1 67.6 70.2 74.8 76.4 79.2 78.7 78.6 80.8 76.7 78.3 79.6 80.7
81.1 76.6 79.9 79.9 78.0 78.6 79.9 79.7 80.5 80.5 78.9 79.8 78.2 77.3 79.4 74.7 76.8 76.9 77.2 77.2 80.1 79.3 83.4 84.9 81.7 83.3 84.0 84.5 86.1 86.3 91.4 84.0 82.6 83.1 80.1 81.5 80.3 79.9 70.4 79.1 79.9 79.1 78.5 78.5 79.1 78.6 70.1 59.4 70.0 74.6 80.7 77.4 74.7 70.5 64.6 73.8 73.3 78.4 77.0 77.0 69.2 65.7 64.3 69.2 70.9 69.5 70.7 68.4 69.8 68.5 67.8 68.4 69.5 72.8 73.3 77.2 77.0 78.3 77.5 80.3 78.5 78.0 80.1 80.6
82.5 82.0 81.7 80.3 78.3 76.7 78.5 79.3 79.5 81.4 82.1 81.7 77.6 79.6 85.6 78.7 76.3 77.4 79.3 78.0 80.3 82.0 81.9 83.2 81.9 84.0 85.0 85.0 85.0 85.5 88.5 82.8 82.3 82.0 81.3 82.3 78.8 80.6 73.0 79.8 78.5 77.3 75.7 78.0 80.0 78.9 72.5 61.7 66.7 72.9 79.9 78.3 72.7 72.7 64.5 73.8 67.1 77.0 69.1 75.3 67.0 67.9 68.4 72.9 71.6 70.2 71.1 68.2 69.3 69.8 68.4 69.1 70.5 74.3 76.0 77.3 78.0 78.2 77.0 79.3 76.9 78.3 83.5 79.7
81.6 83.8 79.6 79.2 78.9 76.6 79.5 80.0 80.9 81.0 81.9 83.8 81.4 80.5 86.2 81.8 81.9 81.0 80.3 79.7 82.1 83.6 82.8 83.1 82.4 84.4 84.8 85.0 86.4 85.3 88.7 82.0 84.3 82.0 81.3 81.9 81.2 79.6 73.4 80.7 77.8 76.6 77.2 77.9 78.8 79.7 76.9 63.9 62.0 71.3 79.9 78.7 73.4 71.8 64.0 72.8 65.5 76.7 72.3 71.8 65.3 69.6 73.7 74.7 71.1 70.6 70.7 69.3 70.7 68.2 68.5 68.4 68.5 74.8 78.4 77.1 79.8 78.4 79.7 78.5 77.2 78.2 79.4 78.9
81.6 82.0 79.3 78.2 78.6 78.5 78.6 80.0 81.2 81.1 80.2 84.4 82.4 82.0 85.2 82.2 84.6 81.9 83.5 82.5 82.7 81.7 81.5 83.1 84.5 84.3 84.7 85.3 84.7 86.0 81.9 82.9 83.1 82.8 82.1 81.7 80.4 80.1 81.4 81.8 77.7 78.3 78.0 79.1 79.0 79.3 75.6 65.7 59.3 70.6 79.0 79.2 73.3 71.1 64.6 71.4 67.3 76.9 72.9 68.3 66.0 72.0 71.9 73.9 71.1 71.6 71.8 71.2 70.6 67.2 66.4 69.2 72.8 76.8 76.1 77.4 77.5 77.8 80.1 78.1 80.7 77.8 80.6 79.8
82.0 80.5 77.5 78.5 77.6 78.4 76.3 78.9 80.0 81.3 81.1 83.0 84.1 82.2 84.1 82.6 82.1 82.7 85.9 82.7 80.9 80.1 82.0 82.3 81.5 84.3 83.8 85.1 86.9 85.9 83.9 83.5 82.3 83.4 83.1 82.3 82.4 81.4 76.3 82.8 77.6 79.5 77.3 80.5 79.2 77.1 77.9 67.4 54.8 69.7 79.2 77.9 72.9 71.5 63.8 69.3 63.4 75.0 76.7 67.6 68.0 73.8 75.5 71.4 70.4 71.4 71.2 72.7 68.5 67.9 69.3 69.9 72.6 77.5 76.5 77.5 79.5 78.4 79.4 79.3 77.6 79.4 81.8 80.5
82.0 80.2 78.7 78.3 78.1 78.2 77.8 78.1 78.8 80.3 79.9 82.8 82.5 82.0 80.9 83.1 84.0 81.7 83.0 81.0 83.4 81.6 82.8 83.3 82.1 84.5 84.8 85.4 86.2 85.1 85.8 83.0 83.0 84.3 82.7 82.8 81.8 81.9 80.0 81.9 80.0 80.7 79.1 80.8 80.4 76.4 76.0 67.9 57.9 68.7 76.4 77.6 74.7 72.3 67.0 66.9 65.3 74.5 80.4 68.7 73.7 75.0 72.4 70.0 69.3 70.2 69.3 72.4 67.7 67.4 68.1 69.7 73.6 76.6 77.4 77.3 78.3 79.4 79.8 79.7 76.7 79.1 80.8 79.5
81.7 79.2 79.4 78.7 79.4 78.8 78.0 77.9 79.2 79.9 79.4 82.4 82.8 82.6 81.6 82.5 85.3 82.1 83.2 80.4 79.9 83.2 85.1 84.8 82.6 85.0 83.9 86.9 86.4 84.6 84.7 82.3 82.4 84.2 82.1 82.4 81.6 82.2 80.1 81.8 80.3 81.8 79.3 79.1 79.3 77.1 75.7 67.7 62.3 66.6 76.9 77.5 72.9 73.4 67.0 65.2 70.4 73.6 77.9 71.3 78.6 75.6 72.2 70.3 68.9 69.6 69.9 70.7 68.4 68.4 69.9 71.3 74.2 76.6 77.1 76.9 80.9 79.6 79.3 79.1 77.8 78.7 82.0 81.0
80.7 78.7 79.5 79.5 77.5 80.1 79.0 78.8 80.3 78.9 79.9 82.9 82.9 82.3 82.0 80.8 84.1 82.4 81.1 80.2 82.7 83.8 83.3 84.5 83.8 85.2 82.1 88.1 85.1 84.8 82.9 82.6 81.3 83.3 83.1 82.7 83.5 82.5 80.2 82.3 80.6 81.9 78.2 78.0 79.2 77.4 78.2 69.4 59.1 63.8 76.0 76.2 72.7 72.4 63.6 64.9 67.4 71.6 79.8 74.4 75.7 73.9 70.9 70.6 68.5 68.2 68.7 69.3 68.4 69.4 71.0 72.6 74.7 76.9 79.8 77.0 79.8 80.3 80.1 78.0 78.4 79.1 81.2 80.8
79.0 78.7 79.5 79.0 79.0 80.3 79.4 79.8 78.9 79.0 79.1 82.9 81.6 83.2 83.8 80.2 83.0 81.7 78.6 80.9 83.8 83.9 84.9 84.6 82.3 84.6 83.6 87.9 85.8 86.7 82.6 83.7 81.7 82.9 84.0 82.6 83.4 82.6 82.7 83.2 81.0 81.9 81.6 77.0 77.3 80.0 79.5 73.8 64.2 62.2 75.9 74.9 72.2 71.7 70.0 64.6 67.9 70.6 77.2 73.6 74.3 71.6 68.4 69.4 67.7 66.4 68.7 70.6 66.9 69.4 71.4 73.7 74.3 77.0 78.2 77.7 80.3 81.3 78.8 77.8 78.6 79.1 81.9 80.9
80.3 78.3 80.2 78.8 80.8 78.5 79.9 80.4 77.6 80.1 79.8 81.6 83.1 84.2 79.7 80.5 81.5 79.8 79.7 82.0 83.0 83.7 84.0 83.5 83.9 83.5 84.3 86.6 84.6 86.3 85.5 83.9 81.6 83.4 82.7 82.0 80.7 81.6 81.3 83.4 81.6 82.2 81.0 80.0 76.9 81.7 81.6 76.6 63.9 61.6 73.4 75.4 71.4 70.9 72.2 62.8 69.5 69.9 71.0 73.7 74.1 70.4 66.4 67.6 68.3 66.5 70.0 70.4 67.1 71.0 73.2 75.0 76.8 77.0 80.0 78.5 78.6 84.6 78.4 78.2 77.9 79.2 82.7 80.8
