surveys/_old/q15_1/matrix_q15_1s0.txt
north:            -537.50
south:           -1247.50
east:             2697.00
west:              -93.00
rows:                 144
cols:                 279
null:              -999.0
[rows 0 to 37 of 144, columns 0 to 83 of 279]
-999.0 -999.0 -999.0 -999.0 -999.0 -999.0 -999.0 -999.0 -999.0 -999.0 -999.0 -999.0 -999.0 -999.0 -999.0 -999.0 -999.0 -999.0 -999.0 -999.0 -999.0 -999.0 -999.0 -999.0 -999.0 -999.0 -999.0 -999.0 -999.0 -999.0 107.2 -999.0 -999.0 110.7 111.0 112.1 -999.0 -999.0 -999.0 -999.0 -999.0 -999.0 -999.0 110.7 115.3 111.0 111.3 111.9 111.9 113.1 113.3 114.6 117.2 117.2 111.1 116.8 108.2 107.6 113.7 107.5 108.6 114.5 111.2 112.5 113.0 113.6 109.0 107.2 115.0 110.1 103.8 112.7 109.8 108.9 109.0 111.2 105.2 101.6 101.3 106.4 104.3 100.8 104.2 105.8
-999.0 -999.0 -999.0 -999.0 -999.0 -999.0 -999.0 -999.0 -999.0 -999.0 -999.0 -999.0 -999.0 -999.0 -999.0 -999.0 -999.0 -999.0 -999.0 -999.0 -999.0 -999.0 -999.0 -999.0 -999.0 -999.0 -999.0 -999.0 -999.0 -999.0 107.7 -999.0 -999.0 110.7 111.7 112.1 -999.0 -999.0 -999.0 -999.0 -999.0 -999.0 -999.0 110.9 115.3 111.0 111.5 112.0 112.2 113.2 113.9 114.7 117.9 117.2 112.2 116.7 108.4 107.5 113.3 107.6 108.3 114.5 110.8 112.3 114.7 113.7 108.1 107.2 114.9 110.2 104.9 112.4 110.2 109.0 108.7 111.4 106.4 101.2 101.7 106.5 103.8 100.8 104.8 105.8
-999.0 -999.0 -999.0 -999.0 -999.0 -999.0 -999.0 -999.0 -999.0 -999.0 -999.0 -999.0 -999.0 -999.0 -999.0 -999.0 -999.0 -999.0 -999.0 -999.0 -999.0 -999.0 -999.0 -999.0 -999.0 -999.0 -999.0 -999.0 -999.0 -999.0 109.0 -999.0 -999.0 110.7 108.3 112.1 -999.0 -999.0 -999.0 -999.0 -999.0 -999.0 -999.0 114.9 115.7 111.1 111.4 111.3 116.6 114.7 110.3 117.4 116.2 117.2 112.0 117.5 112.0 110.6 119.0 110.5 110.0 113.0 112.9 115.8 114.6 114.0 110.9 107.4 109.9 110.0 105.3 114.8 113.5 108.1 112.4 111.3 107.6 105.8 104.3 110.0 107.8 101.4 102.4 105.1
-999.0 -999.0 -999.0 -999.0 -999.0 -999.0 -999.0 -999.0 -999.0 -999.0 -999.0 -999.0 -999.0 -999.0 -999.0 -999.0 -999.0 -999.0 -999.0 -999.0 -999.0 -999.0 -999.0 -999.0 -999.0 -999.0 -999.0 -999.0 -999.0 -999.0 109.8 -999.0 -999.0 111.0 109.0 -999.0 -999.0 -999.0 -999.0 -999.0 -999.0 -999.0 -999.0 116.1 116.7 112.4 112.2 113.9 118.6 116.6 112.6 117.6 114.8 117.4 112.2 116.7 112.8 111.5 113.1 112.3 110.3 113.5 114.3 115.8 115.1 114.6 113.4 109.2 113.7 111.6 107.3 111.4 112.4 110.5 114.4 112.1 108.8 106.6 105.6 111.0 105.3 102.5 106.5 106.5
-999.0 -999.0 -999.0 -999.0 -999.0 -999.0 -999.0 -999.0 -999.0 -999.0 -999.0 -999.0 -999.0 -999.0 -999.0 -999.0 -999.0 -999.0 -999.0 -999.0 -999.0 -999.0 -999.0 -999.0 -999.0 -999.0 -999.0 -999.0 -999.0 -999.0 109.6 -999.0 -999.0 111.0 108.3 -999.0 -999.0 -999.0 -999.0 -999.0 -999.0 -999.0 -999.0 116.1 116.6 115.1 112.0 115.3 118.7 116.7 113.5 117.6 115.6 116.5 113.6 117.7 113.0 120.0 113.7 114.5 112.4 113.6 106.6 115.5 114.7 114.4 116.2 109.8 112.9 111.6 109.0 110.8 110.2 113.4 114.1 111.7 105.5 107.3 107.8 112.2 107.0 104.4 101.6 117.3
-999.0 -999.0 -999.0 -999.0 -999.0 -999.0 -999.0 -999.0 -999.0 -999.0 -999.0 -999.0 -999.0 -999.0 -999.0 -999.0 -999.0 -999.0 -999.0 -999.0 -999.0 -999.0 -999.0 -999.0 -999.0 -999.0 -999.0 -999.0 -999.0 -999.0 109.8 -999.0 -999.0 -999.0 -999.0 -999.0 -999.0 -999.0 -999.0 -999.0 -999.0 -999.0 -999.0 -999.0 116.6 115.5 112.2 115.4 118.9 116.7 113.3 117.3 115.4 119.7 120.8 119.6 121.5 122.8 121.5 118.6 120.7 117.8 120.3 117.8 117.0 114.1 117.7 113.3 117.5 114.7 114.1 114.1 115.6 119.0 115.2 111.4 112.3 106.2 108.2 121.0 106.9 109.0 102.6 124.9
79.1 -999.0 86.7 -999.0 90.8 -999.0 -999.0 -999.0 -999.0 -999.0 -999.0 -999.0 -999.0 -999.0 -999.0 -999.0 -999.0 -999.0 -999.0 -999.0 -999.0 -999.0 -999.0 -999.0 -999.0 -999.0 -999.0 -999.0 -999.0 -999.0 -999.0 -999.0 -999.0 -999.0 -999.0 -999.0 -999.0 -999.0 -999.0 -999.0 -999.0 -999.0 -999.0 -999.0 116.6 -999.0 -999.0 -999.0 118.9 -999.0 113.5 -999.0 118.2 120.1 120.9 121.7 121.4 123.3 121.2 121.3 122.0 123.3 123.2 123.7 124.0 122.5 123.1 121.1 122.9 121.8 121.2 123.3 121.5 122.8 123.2 123.6 123.4 122.9 121.3 121.6 121.5 122.8 128.4 127.0
79.1 79.4 85.2 78.2 88.7 82.8 82.5 78.5 77.1 79.5 76.1 78.1 75.4 77.5 78.3 79.1 78.3 76.7 73.0 71.9 71.5 79.5 72.9 74.5 71.8 -999.0 55.3 -999.0 84.4 -999.0 -999.0 -999.0 -999.0 -999.0 -999.0 -999.0 -999.0 -999.0 -999.0 -999.0 -999.0 -999.0 -999.0 -999.0 -999.0 -999.0 -999.0 -999.0 -999.0 -999.0 -999.0 -999.0 121.0 120.1 120.8 122.0 121.2 123.0 123.3 121.9 123.7 123.3 122.9 123.0 122.9 122.5 123.7 121.2 122.6 122.8 121.6 125.0 123.6 124.5 123.0 123.4 123.9 123.1 122.1 122.8 124.5 126.1 126.3 127.2
79.1 79.5 86.7 78.8 90.8 82.7 82.5 78.9 77.8 79.5 76.1 78.4 75.8 77.1 77.9 79.0 77.6 76.6 73.4 72.0 71.9 78.5 72.9 74.0 71.6 62.5 55.9 59.2 79.2 51.9 47.7 47.0 50.5 47.6 41.2 40.0 32.6 40.8 -999.0 44.9 47.4 50.1 48.9 75.3 -999.0 112.7 105.9 105.6 93.8 117.9 111.2 116.7 121.0 -999.0 122.0 122.4 121.5 123.3 122.9 123.4 121.6 122.5 121.5 123.1 124.0 122.8 123.3 122.4 122.6 123.7 123.5 123.0 124.5 125.0 124.1 123.8 123.9 123.0 122.7 124.2 123.3 126.5 128.2 125.7
78.9 79.8 79.2 78.5 80.1 82.7 82.5 78.8 77.1 79.5 76.1 78.4 75.4 77.3 78.3 79.0 78.3 76.6 73.0 72.1 71.5 78.3 72.9 74.1 71.8 62.7 55.3 59.2 84.4 51.6 48.2 47.2 50.0 47.3 41.2 39.6 34.0 41.6 43.6 45.4 47.3 49.5 49.2 78.7 68.7 101.4 92.8 97.4 84.4 108.4 98.4 105.2 111.6 54.7 121.8 113.4 121.5 120.3 120.7 123.0 122.9 124.9 121.0 122.8 124.3 120.5 121.3 122.9 122.9 123.7 126.5 123.8 123.8 124.4 125.2 124.6 124.1 123.9 125.7 124.2 124.8 126.2 128.3 125.0
78.3 80.6 81.1 81.5 80.5 82.3 82.4 80.6 80.2 79.8 76.2 79.9 77.1 75.5 76.3 78.4 75.2 76.0 75.2 73.7 73.5 73.0 73.1 71.6 70.7 62.7 58.3 59.2 59.0 51.7 47.7 47.8 50.5 47.3 41.2 38.6 32.6 42.0 43.9 45.7 47.4 49.6 48.9 51.0 77.3 101.4 105.9 95.9 93.6 106.5 110.9 100.2 115.6 54.7 120.8 114.0 90.2 108.4 122.2 119.7 121.9 116.1 114.3 119.7 124.3 117.3 124.2 118.3 121.6 120.4 121.0 120.5 122.7 122.5 123.0 122.6 124.3 122.7 126.5 123.6 124.5 125.6 125.7 124.3
80.6 84.4 80.6 79.0 82.7 82.5 82.1 80.4 79.2 81.2 78.1 79.4 78.9 76.4 77.1 79.0 76.7 76.6 74.8 77.7 74.4 74.3 73.7 71.9 72.7 63.5 60.2 59.1 56.6 51.1 50.0 49.3 47.9 46.0 41.1 35.8 39.4 46.5 44.7 49.3 46.9 46.8 50.2 54.7 40.0 37.8 40.6 48.6 49.5 53.6 52.0 57.8 53.2 54.4 64.9 57.8 55.7 56.6 51.6 94.9 91.5 98.8 66.7 104.7 111.3 102.4 95.5 89.3 102.7 105.8 114.4 106.5 116.0 112.2 120.6 113.7 121.1 113.2 124.1 115.9 118.6 119.8 120.4 115.5
85.2 84.9 84.8 81.1 81.8 82.9 81.9 81.0 79.7 81.2 78.6 78.2 78.2 77.6 78.9 78.3 75.8 76.6 76.4 77.7 74.9 73.9 77.3 73.7 76.1 63.2 62.5 60.2 60.7 55.7 57.4 51.1 49.5 48.9 41.0 36.6 44.0 50.5 51.4 52.2 49.3 50.6 50.6 48.7 41.3 33.8 41.1 45.6 49.9 51.2 55.4 51.4 54.9 54.2 52.2 55.1 52.5 53.2 53.1 59.7 58.6 58.5 62.0 60.6 58.6 59.4 56.9 59.4 50.6 56.9 54.1 59.2 55.4 64.7 67.0 68.6 95.2 70.8 68.6 87.1 75.0 96.9 74.2 85.9
85.2 85.2 85.0 82.6 82.4 81.3 80.9 80.8 81.7 82.1 78.9 80.8 78.3 78.5 76.3 76.7 77.5 77.3 76.1 77.7 75.8 74.3 74.6 73.2 65.2 64.6 62.8 60.1 56.4 59.5 59.6 54.7 49.8 49.8 43.1 42.4 46.0 54.3 56.0 53.2 51.3 52.1 50.1 46.9 40.3 37.9 40.7 47.2 51.4 52.6 52.6 52.1 53.9 53.8 54.6 54.2 56.9 51.6 56.0 55.4 57.6 57.8 59.8 59.3 58.3 55.6 57.0 53.8 50.2 53.4 55.6 55.7 62.5 61.5 60.7 65.5 70.2 73.7 68.9 68.2 69.6 74.1 72.5 76.1
84.4 86.5 84.6 82.6 83.0 81.4 82.9 81.5 81.3 82.4 78.2 79.5 80.5 77.2 76.4 78.6 77.5 76.4 73.9 77.2 78.0 74.7 72.9 72.5 65.2 63.4 64.6 64.5 64.5 62.3 59.9 53.6 49.9 52.2 46.9 45.1 55.4 57.9 56.3 53.7 50.7 53.9 49.5 47.6 42.5 41.2 38.0 48.4 51.4 51.8 52.1 54.0 52.9 54.8 55.0 55.1 55.8 53.2 52.2 57.2 55.8 57.6 59.5 58.5 60.6 56.3 58.8 53.7 52.7 51.8 53.2 55.4 54.8 60.3 61.2 63.0 64.7 67.3 66.4 64.3 68.5 71.0 71.0 74.6
83.1 87.0 85.1 80.0 82.2 81.9 82.2 80.9 81.9 81.0 80.6 81.9 80.0 81.6 79.3 76.9 77.8 76.5 77.2 78.6 76.9 78.2 77.8 72.5 65.8 66.5 70.4 67.3 67.2 65.7 60.8 55.4 49.7 52.1 50.6 51.0 51.4 59.5 55.0 54.8 52.2 54.1 51.1 46.1 43.3 44.3 43.7 48.5 52.3 53.7 53.9 55.3 51.2 54.8 54.6 54.0 53.9 54.5 54.0 57.5 55.6 59.1 58.3 60.2 58.6 55.8 57.5 55.9 54.1 51.6 55.2 55.1 57.2 61.0 59.4 63.4 64.3 65.9 66.9 63.0 65.2 67.9 69.7 72.2
84.6 85.9 83.8 79.2 82.2 81.4 82.1 81.8 82.2 80.2 79.8 77.7 79.3 80.8 72.4 78.8 76.8 75.7 75.4 78.3 77.8 78.5 83.5 72.1 63.8 71.1 74.3 70.2 73.3 71.1 59.7 60.3 52.8 54.1 56.2 53.8 55.7 61.0 54.5 55.4 53.8 51.0 53.4 46.8 45.1 46.8 47.3 49.5 51.1 54.6 55.1 55.1 53.2 57.0 56.3 56.1 54.6 56.0 53.6 59.0 57.2 58.6 58.9 58.1 58.7 57.6 56.1 55.9 53.3 54.5 52.7 56.4 56.4 59.6 59.7 63.3 64.6 67.4 68.8 66.6 63.3 66.8 68.0 70.1
84.6 86.3 90.3 80.6 80.3 81.5 81.6 82.4 83.2 79.5 81.1 79.5 79.1 79.1 80.2 76.7 75.1 73.8 81.0 77.4 77.3 80.3 80.1 70.3 64.5 71.9 76.9 74.6 75.1 72.0 62.1 63.3 52.5 56.7 61.1 58.6 62.5 62.0 54.2 56.7 54.7 50.5 49.3 47.1 46.1 48.7 47.8 51.8 55.3 54.8 54.4 55.6 53.9 56.0 55.9 56.4 56.5 57.3 55.6 57.7 59.0 58.9 58.1 57.6 57.8 57.4 59.9 58.5 54.8 54.8 54.4 55.9 58.0 63.2 61.2 62.5 65.8 67.5 66.6 64.7 62.3 65.5 65.9 70.3
82.5 87.3 82.7 81.3 77.8 80.4 79.0 82.4 77.1 77.3 80.1 79.9 79.8 78.0 80.3 77.9 78.1 76.8 75.9 78.0 77.6 80.3 80.2 67.6 67.2 74.4 74.8 73.0 75.0 68.3 64.2 64.9 56.4 58.1 61.2 60.2 61.7 64.5 57.2 58.8 55.9 52.1 51.6 48.7 49.2 50.5 52.0 54.5 55.2 54.9 55.4 56.2 56.7 55.7 55.0 56.6 56.4 56.7 57.0 57.5 59.8 59.2 57.6 58.7 57.9 58.3 48.0 57.6 58.8 56.3 58.2 58.5 58.3 57.7 64.5 62.5 63.9 65.1 65.6 67.5 64.7 65.2 66.0 68.6
83.4 87.5 84.3 81.8 81.2 80.8 80.5 81.5 81.3 80.7 81.6 79.3 80.8 77.9 78.8 78.1 77.3 76.1 79.8 80.2 79.8 79.2 79.4 69.7 65.2 75.8 76.1 75.4 75.5 66.0 63.3 63.9 63.8 60.3 64.4 64.8 64.5 64.4 56.9 59.5 57.9 56.7 49.6 51.2 51.8 51.5 53.4 55.7 56.4 56.0 55.2 56.5 56.4 58.5 57.1 56.3 56.9 54.1 57.5 57.3 54.7 58.7 56.4 60.3 57.8 56.9 60.9 59.6 59.1 57.9 58.5 58.2 59.5 59.8 62.5 62.0 66.2 65.9 67.4 65.7 64.2 63.8 65.6 67.2
83.9 85.6 85.0 82.4 80.0 81.7 81.6 82.2 82.3 79.4 80.2 81.1 82.1 77.7 78.2 76.6 76.9 76.0 79.5 79.7 77.9 76.9 76.7 67.7 72.6 76.7 78.4 76.4 74.9 64.4 64.0 67.3 65.8 64.9 66.8 66.9 64.1 59.8 55.2 60.1 58.9 60.4 54.0 52.5 53.5 51.2 51.1 53.5 55.9 57.7 54.4 55.9 56.1 59.1 58.8 56.9 54.6 57.3 55.6 56.2 57.0 59.5 58.3 57.4 58.6 56.1 57.7 58.2 60.5 60.4 58.0 58.9 58.7 60.7 62.6 63.9 65.0 67.1 65.5 64.1 65.3 64.3 66.2 68.1
83.4 86.3 82.7 81.3 79.6 82.2 83.8 81.9 81.1 81.7 82.1 80.6 80.0 77.6 78.3 78.9 77.0 75.8 79.2 78.3 79.3 78.0 71.3 67.9 74.2 77.9 77.0 75.1 72.4 60.7 67.7 65.9 69.2 66.6 67.0 66.6 64.2 60.6 59.1 60.2 58.9 61.5 59.9 59.0 52.3 52.8 48.5 52.9 55.4 55.3 56.1 54.1 56.1 58.6 57.7 56.7 55.2 55.0 52.3 54.7 52.6 56.2 58.2 55.4 54.1 54.7 55.3 58.0 62.1 58.9 58.9 58.5 60.3 61.8 63.8 63.7 63.7 65.7 65.2 66.4 66.0 65.1 64.4 67.6
83.5 82.6 82.8 79.7 81.2 80.7 82.8 82.6 81.9 82.8 81.1 81.8 82.0 78.1 78.3 79.0 76.6 75.1 78.0 78.3 75.5 76.5 70.1 68.8 74.0 81.0 77.0 74.8 74.1 60.7 70.1 64.6 67.5 68.4 66.5 68.0 65.6 62.3 57.8 60.1 61.0 63.6 61.3 59.9 55.4 50.9 49.5 48.4 48.7 50.9 49.5 54.9 55.4 57.6 58.2 56.6 56.0 56.5 54.6 53.0 52.5 55.0 55.9 57.3 56.2 53.6 57.2 58.2 58.4 60.8 62.0 58.7 58.9 60.0 64.6 64.0 70.0 64.8 65.7 65.9 65.2 65.9 64.4 67.2
82.7 82.4 81.8 82.7 81.6 81.8 84.3 81.0 81.4 77.7 84.3 80.4 79.7 78.7 77.5 79.1 75.0 76.4 76.1 77.1 77.1 78.5 70.3 69.8 75.2 76.2 77.7 74.4 72.8 61.5 69.2 66.1 71.3 70.4 68.1 68.6 62.2 60.1 61.1 60.3 61.0 67.3 67.8 60.1 58.9 49.8 47.5 47.2 48.2 51.4 51.3 53.4 56.5 55.1 57.6 56.0 54.2 57.1 52.6 52.8 50.3 54.8 54.9 55.2 55.2 54.0 55.1 58.5 58.8 61.7 64.3 61.0 59.3 59.8 62.5 64.2 66.1 64.8 62.7 65.9 66.4 65.2 66.0 66.9
80.9 80.6 82.9 81.5 81.4 82.9 83.1 83.1 81.4 80.8 80.4 80.1 80.8 79.0 76.4 79.1 77.9 76.1 77.4 75.7 76.3 74.1 67.8 72.0 77.6 77.9 77.0 74.1 73.0 63.2 71.4 68.6 70.7 71.2 69.6 69.1 65.6 62.2 61.8 61.4 62.7 65.9 64.0 61.5 62.4 51.9 46.2 48.2 48.3 51.6 53.6 56.2 54.1 55.0 54.5 54.3 56.5 58.3 54.0 52.7 57.2 54.1 54.8 53.5 53.5 54.7 58.2 59.1 60.3 62.5 61.0 61.5 60.0 60.2 61.5 62.8 62.6 64.4 65.6 66.9 68.4 67.2 66.5 67.6
81.2 82.2 82.5 82.3 81.6 80.6 84.1 82.0 80.3 79.2 79.8 79.8 81.7 78.1 77.5 78.6 79.2 76.8 76.0 76.3 76.8 75.9 69.5 72.4 76.8 78.2 75.7 71.8 68.1 67.1 70.9 69.6 73.0 71.5 69.3 68.4 66.0 61.4 61.5 62.4 62.8 65.3 68.7 63.3 63.2 50.0 48.3 47.1 49.1 53.7 52.2 54.9 54.7 55.3 55.5 57.5 51.1 56.5 53.6 52.4 53.8 53.5 52.3 58.0 56.6 55.1 57.2 58.1 60.8 62.7 65.6 61.7 59.9 61.4 59.8 61.5 62.5 64.7 63.1 67.6 68.0 67.2 68.7 67.3
80.1 82.2 82.0 82.5 81.9 81.7 81.7 81.9 81.4 80.8 80.0 78.6 80.5 77.9 79.6 77.2 79.1 77.3 77.5 77.9 76.4 72.5 68.7 75.0 77.5 77.3 74.5 73.5 64.8 71.6 70.1 71.7 74.1 73.1 69.5 69.2 66.9 59.5 63.1 62.7 62.4 64.8 64.7 64.8 63.1 55.3 49.5 49.4 50.6 54.1 52.2 57.4 55.6 56.7 59.3 57.4 56.3 55.3 54.6 53.7 51.6 54.5 54.5 55.6 58.7 54.7 56.6 59.3 61.0 61.9 64.4 62.2 59.3 61.7 60.4 59.9 64.6 63.2 64.9 67.1 69.3 70.3 67.6 66.5
81.9 80.3 82.4 82.7 80.4 82.8 81.2 82.0 83.8 81.0 79.7 78.8 79.9 78.4 77.1 75.2 78.7 77.7 78.2 77.8 75.2 68.9 71.6 74.1 77.0 77.6 74.9 73.3 63.1 73.0 71.0 72.8 74.5 74.9 70.8 69.3 64.4 59.4 65.6 64.9 64.9 66.3 66.1 65.9 63.4 56.7 53.4 51.9 57.2 55.4 56.2 58.2 58.6 58.8 57.6 57.8 56.3 54.6 52.5 53.6 52.5 56.6 54.1 56.1 56.8 55.6 56.8 60.2 62.0 61.2 66.9 65.0 61.2 61.2 63.8 63.5 63.2 62.1 65.3 66.1 67.1 70.2 67.4 68.7
81.1 82.4 83.1 82.8 82.1 81.8 83.8 81.3 83.4 78.2 80.2 80.1 79.4 77.7 77.1 75.6 76.2 77.0 73.8 74.3 76.1 68.9 71.5 74.5 77.5 76.9 73.7 70.7 61.4 72.4 72.9 71.3 74.0 75.2 74.2 68.5 64.6 58.9 63.6 62.3 65.8 66.9 65.6 66.8 63.9 57.5 54.2 56.5 54.3 56.8 57.4 58.2 56.8 59.3 56.1 59.8 54.5 52.2 52.8 54.4 54.7 54.8 55.7 56.0 58.3 58.9 55.9 61.4 61.5 63.0 61.3 65.5 62.9 62.1 62.8 62.8 61.0 62.3 66.1 66.0 66.9 70.9 67.5 66.9
78.6 82.9 80.1 81.9 80.2 81.6 81.8 81.2 81.1 80.2 76.0 79.6 79.3 78.3 74.3 78.3 77.8 77.7 77.0 78.8 76.1 68.7 71.6 76.1 78.2 77.6 72.5 70.5 63.4 73.5 72.0 72.3 77.1 74.8 75.8 67.2 64.0 59.1 63.1 63.9 67.3 69.3 66.8 67.7 63.2 61.0 57.5 59.0 55.4 58.4 58.0 58.4 58.2 65.4 58.8 57.9 54.4 52.7 52.5 53.1 53.8 55.3 57.7 57.8 59.2 61.9 60.4 61.6 60.6 60.7 63.0 65.2 62.2 62.6 59.8 63.9 62.4 62.7 64.1 66.3 67.4 71.3 68.3 67.9
81.4 84.2 83.0 83.1 81.2 81.4 80.5 80.6 82.8 81.8 78.8 79.2 76.9 77.6 74.9 77.7 76.5 77.6 75.4 75.8 75.8 69.8 77.0 76.9 74.9 74.5 72.1 69.3 66.9 72.0 72.2 71.8 73.4 75.8 73.1 68.5 66.1 60.6 62.9 65.7 65.9 69.7 66.5 68.2 64.5 65.5 58.6 59.8 59.1 59.3 58.8 57.3 58.9 58.6 58.4 56.9 54.0 52.8 53.5 53.1 53.3 55.9 56.1 57.6 58.8 58.4 60.9 61.7 61.3 65.3 63.2 65.9 64.9 61.5 61.1 60.9 61.1 66.5 66.3 66.8 68.0 68.5 69.4 69.3
81.4 83.7 82.7 84.3 80.1 81.8 80.3 82.6 82.4 81.5 79.5 80.2 77.9 77.0 75.2 78.1 74.0 76.4 75.6 77.4 75.0 72.1 78.5 77.0 76.4 74.6 73.2 68.8 69.2 72.3 71.2 74.1 76.7 75.7 76.8 68.9 64.7 63.2 66.5 65.5 62.0 71.6 67.0 68.3 67.3 67.6 60.1 64.8 58.3 57.4 56.9 57.1 56.2 57.5 57.6 57.1 53.4 54.2 51.7 52.4 55.0 56.6 57.1 57.6 60.3 59.1 60.3 60.8 63.0 63.6 65.4 66.4 64.7 64.6 63.5 62.8 67.1 66.9 64.8 67.1 68.9 71.7 71.0 73.6
81.2 83.8 82.9 85.9 82.9 81.7 79.3 82.3 81.4 81.1 79.3 78.8 75.9 76.3 74.0 78.0 77.3 76.9 77.2 76.5 71.9 75.0 75.9 75.7 76.2 75.8 72.4 66.3 73.1 71.7 71.7 73.8 74.5 75.5 74.6 68.1 67.0 64.2 67.7 66.4 67.6 72.9 68.5 69.7 65.9 68.6 62.4 60.4 54.8 54.8 55.0 57.9 56.4 58.2 53.6 54.5 53.6 52.2 54.7 53.7 53.4 55.6 57.2 58.4 61.9 59.2 60.3 61.2 66.1 63.5 64.6 65.4 66.5 63.8 63.4 65.4 62.3 64.1 65.7 67.6 68.8 69.0 72.3 71.2
83.7 83.9 83.1 82.6 81.4 79.6 81.0 82.4 79.7 81.3 80.5 78.6 77.8 76.8 72.0 77.3 75.8 76.8 76.3 75.3 71.7 75.5 78.0 75.8 74.4 73.7 71.0 65.0 73.6 77.9 72.9 73.7 74.2 76.7 75.3 67.8 69.2 65.2 63.7 66.0 68.7 70.7 68.9 68.9 67.3 68.8 62.8 60.4 55.5 55.6 55.7 60.2 56.7 57.7 54.9 52.9 52.3 53.8 54.4 55.8 55.9 56.2 57.2 58.5 60.9 59.9 63.1 61.0 62.1 63.7 69.8 65.8 68.3 63.2 63.0 65.0 66.5 66.2 66.8 67.8 68.0 68.4 71.6 71.0
76.9 86.1 81.7 82.9 82.6 79.5 81.9 82.5 79.5 80.8 78.3 78.4 77.5 78.0 74.9 76.6 76.4 75.2 74.9 74.7 70.7 74.7 76.3 75.7 73.3 72.1 70.0 65.2 73.5 73.1 72.6 74.6 75.5 75.5 74.7 69.0 67.4 65.2 66.6 66.6 69.6 72.1 68.9 69.4 66.6 67.3 66.9 61.5 55.6 55.3 53.0 57.3 55.3 57.3 55.0 54.7 50.1 54.0 56.3 57.4 53.4 57.1 57.9 58.2 61.2 60.8 60.9 60.9 62.0 63.5 62.6 65.2 68.2 64.3 64.1 66.8 65.2 66.9 66.6 67.7 69.1 68.7 71.9 70.8
77.0 86.0 81.2 82.2 81.1 80.8 80.0 83.6 79.6 78.8 78.6 78.3 77.1 77.1 79.1 72.5 76.6 76.5 75.9 73.8 74.4 78.1 80.0 74.6 73.2 72.1 70.5 65.6 72.3 72.7 77.4 74.8 73.5 76.4 75.2 70.5 72.6 66.1 64.7 67.8 69.7 71.3 68.6 71.0 68.0 70.6 68.4 63.0 62.6 57.5 56.6 57.6 56.8 56.6 53.9 55.5 54.7 56.1 57.1 56.0 56.0 57.1 58.5 59.5 61.7 63.4 62.8 61.6 62.0 63.9 64.3 64.4 65.7 65.6 63.6 64.0 66.3 66.7 67.7 68.2 71.0 70.6 71.9 71.6
77.6 81.5 83.7 81.0 78.7 80.6 81.5 80.8 78.8 77.7 80.7 77.6 79.9 77.9 74.4 73.4 74.8 76.0 76.7 71.5 75.4 78.7 77.2 74.3 70.5 71.8 70.4 71.9 73.5 71.9 73.6 75.2 73.9 74.3 73.8 70.1 67.2 66.7 66.7 70.3 70.0 71.0 68.8 71.3 69.0 71.3 69.7 65.8 64.4 59.8 58.0 56.8 55.8 56.2 54.8 54.4 53.7 57.6 59.0 55.6 57.6 58.9 58.6 60.7 62.8 62.2 63.5 63.0 65.7 63.5 65.7 65.1 68.4 66.5 68.6 64.2 67.8 67.0 68.0 68.8 65.9 69.1 71.2 72.8
76.2 80.1 78.9 82.6 80.7 81.4 82.7 79.8 78.0 79.3 78.4 78.9 75.5 76.4 77.0 74.3 74.2 74.3 73.7 71.2 76.1 77.2 76.4 73.9 72.6 71.1 68.3 74.4 73.9 72.2 74.9 73.9 75.1 74.7 74.9 70.7 65.2 67.0 67.1 69.5 68.9 70.1 69.9 72.3 69.6 70.1 72.9 69.1 67.7 60.4 57.2 56.4 55.0 56.9 53.7 54.9 55.2 58.3 56.9 53.2 58.6 58.7 59.1 62.1 60.7 60.9 60.1 61.6 63.8 64.6 65.3 65.4 68.4 66.7 65.8 64.8 66.2 67.5 69.0 69.7 70.2 69.2 74.1 72.6
