surveys/_old/q15_1/matrix_q15_1s0.txt
north:            -537.50
south:           -1247.50
east:             2697.00
west:              -93.00
rows:                 144
cols:                 279
null:              -999.0
[rows 0 to 37 of 144, columns 84 to 167 of 279]
107.8 118.9 94.3 118.2 111.7 105.3 104.9 109.6 107.5 104.4 105.0 112.2 106.8 106.4 109.0 105.7 103.1 113.5 112.5 106.2 105.9 107.1 108.5 108.6 115.8 108.0 109.7 106.5 104.1 110.5 108.5 112.5 111.7 111.0 105.4 105.9 105.4 99.3 97.9 105.4 108.2 110.5 105.8 109.2 105.9 109.5 106.5 108.2 108.8 113.0 113.9 108.4 107.4 112.2 111.2 113.2 109.4 114.4 111.7 111.0 111.1 114.6 105.8 107.0 112.8 106.6 105.8 104.2 105.6 109.9 108.2 101.0 109.1 109.0 105.7 106.8 101.3 106.8 106.1 100.9 103.4 108.5 107.2 102.8
107.5 118.9 119.5 118.3 115.3 105.5 105.6 109.5 108.1 104.3 105.1 112.1 106.5 106.5 109.5 105.6 102.8 113.5 113.0 106.2 105.6 107.1 108.5 108.6 116.7 107.9 109.9 106.9 106.8 110.3 108.0 112.7 111.7 111.0 104.0 105.9 105.2 100.0 97.3 105.4 108.4 110.5 104.6 109.5 106.6 109.8 108.5 108.2 109.0 112.8 114.0 109.0 109.3 112.3 111.9 113.2 113.0 114.0 111.1 111.2 110.8 114.0 104.2 107.1 112.9 106.6 105.6 103.9 104.5 109.7 108.4 101.5 109.2 109.1 107.1 106.8 100.1 106.9 105.4 100.9 102.4 108.6 106.9 102.8
112.2 119.3 117.7 118.0 119.2 107.1 107.4 110.6 105.5 105.9 106.7 114.2 106.7 108.3 108.5 107.4 104.5 115.1 117.7 108.1 105.4 107.3 108.6 111.0 111.6 109.7 109.7 106.8 108.8 110.3 109.6 114.9 112.2 113.7 115.1 111.0 106.5 102.8 100.7 107.9 110.1 112.1 110.9 113.5 106.2 109.8 109.9 109.1 109.8 112.5 117.8 118.3 116.4 113.9 116.6 113.5 113.6 119.1 113.8 111.3 111.0 114.1 107.8 108.3 112.5 111.1 108.1 107.3 108.9 109.5 111.3 105.8 109.4 110.9 106.9 108.3 104.2 105.1 108.3 103.1 107.1 110.0 111.9 106.7
119.0 119.4 119.1 119.3 120.3 116.9 108.7 109.8 106.7 106.9 108.4 113.5 111.6 108.8 108.7 107.5 107.9 116.3 113.1 109.6 109.6 107.1 108.3 111.4 114.1 110.9 110.9 109.0 114.6 109.4 111.8 115.6 115.8 115.5 114.4 113.1 110.9 103.4 103.9 108.3 115.4 114.3 111.9 112.1 107.1 112.1 112.8 110.8 110.7 114.8 119.4 119.8 116.7 118.3 116.5 114.2 114.2 116.5 113.2 112.9 112.7 114.0 105.5 111.0 113.5 109.4 110.7 108.1 110.4 108.7 113.9 106.3 109.9 111.8 107.3 109.4 106.3 107.0 108.5 106.1 108.2 109.6 113.9 107.8
120.3 121.6 119.8 118.9 119.8 122.9 112.8 109.6 107.3 108.5 107.8 112.3 111.5 109.8 109.9 110.8 106.8 115.0 118.0 112.1 107.6 107.7 108.9 112.2 115.6 112.6 112.9 109.1 114.2 110.3 116.1 114.7 117.0 114.1 111.8 113.1 115.0 107.5 105.6 108.5 112.4 114.7 116.1 111.8 108.6 115.3 115.4 111.1 114.0 117.7 118.4 120.6 118.6 120.5 117.4 115.4 114.5 117.3 115.7 115.1 112.5 116.5 114.1 112.5 116.5 111.1 110.6 111.5 109.4 109.4 111.0 106.3 109.6 112.7 107.6 109.9 107.0 105.6 109.6 108.4 110.3 109.4 114.6 108.6
123.5 121.8 120.4 119.5 120.6 123.1 121.2 112.7 113.3 110.8 110.6 111.5 111.1 111.0 111.9 112.0 110.5 115.7 115.6 114.7 110.6 110.1 108.0 112.3 115.6 114.0 113.8 112.7 112.4 112.8 116.6 116.1 118.1 116.4 115.3 116.4 115.0 109.4 106.8 108.4 112.9 114.3 117.8 113.4 117.0 118.0 118.1 111.4 115.1 121.7 118.5 119.9 118.9 121.0 117.3 114.1 115.7 118.0 113.5 115.2 114.8 115.6 109.2 114.5 118.4 112.2 112.0 112.7 111.3 111.4 114.5 106.6 110.3 112.5 108.5 113.9 109.8 112.0 109.9 110.6 110.5 109.5 113.9 110.9
128.1 121.4 121.3 117.8 123.0 123.3 124.0 122.5 119.3 118.3 119.7 116.9 114.8 114.7 115.1 117.6 115.9 116.3 117.6 113.7 112.6 114.5 109.8 114.0 116.5 115.4 113.5 113.0 114.1 114.9 114.9 117.9 117.5 116.6 113.8 117.9 115.5 111.9 108.9 112.0 112.4 115.0 116.2 115.7 117.0 119.6 120.3 113.1 118.5 125.3 119.6 119.6 119.5 120.6 121.2 115.2 116.1 117.1 115.7 114.2 115.4 115.3 113.4 117.1 119.1 117.8 113.5 112.5 113.8 112.9 115.1 108.1 112.0 112.5 109.9 112.3 112.5 110.9 111.8 112.4 108.0 109.5 114.7 113.0
121.8 121.1 119.7 119.7 121.2 123.4 124.7 125.1 124.6 124.8 123.3 121.3 122.6 121.2 119.7 121.6 122.0 120.2 120.7 121.1 122.5 120.3 121.1 122.6 122.3 119.7 122.8 121.5 121.1 119.3 120.3 119.9 119.6 118.7 120.1 118.3 119.0 121.3 119.0 120.5 121.0 119.1 120.1 118.7 119.1 121.1 123.0 118.2 123.3 125.8 120.6 119.5 117.5 121.6 128.5 118.8 118.2 117.6 117.6 115.0 117.6 116.7 117.1 118.8 119.8 119.0 116.6 114.7 115.7 114.2 115.7 110.3 113.7 114.2 111.6 111.2 115.4 111.5 113.9 116.6 107.4 111.9 113.9 113.1
125.3 121.0 120.5 120.6 121.4 122.5 128.7 126.6 125.6 124.8 122.3 120.5 122.7 121.8 122.5 121.2 122.2 121.4 122.1 121.2 122.1 122.1 120.9 124.0 122.3 122.7 123.3 124.5 120.6 123.4 121.9 122.3 118.7 122.1 121.3 119.5 120.3 121.8 117.2 121.5 120.8 121.1 121.4 120.6 120.3 123.2 123.8 123.6 125.6 125.4 119.9 120.0 119.0 121.1 126.9 124.6 122.6 121.8 118.9 120.5 119.9 119.5 118.6 118.3 121.2 119.3 119.1 117.8 117.8 117.9 118.7 116.5 117.4 117.5 119.1 118.5 119.6 117.9 115.8 117.9 116.5 115.4 118.1 115.7
124.6 121.0 120.9 119.0 121.5 125.8 128.0 126.4 127.9 125.7 120.7 123.8 121.8 121.6 123.9 120.8 121.2 121.8 121.4 121.5 122.0 123.5 121.9 124.8 122.3 123.1 122.8 123.5 121.5 122.0 122.0 123.9 120.0 120.9 120.5 120.3 121.1 121.2 125.5 121.1 119.6 122.7 122.4 121.4 121.5 121.6 123.8 123.7 127.9 124.5 119.2 120.3 119.6 120.8 125.0 126.6 123.7 120.5 120.5 121.9 121.0 120.0 119.1 120.7 121.4 119.2 118.7 118.2 118.2 118.4 120.0 118.6 117.7 118.4 119.6 120.3 119.6 117.2 116.5 118.3 117.7 116.1 118.0 116.8
122.4 120.3 119.7 117.8 121.8 122.3 126.1 127.1 125.9 124.8 121.7 121.0 121.4 122.1 124.2 119.4 122.3 123.8 121.6 121.4 122.1 124.1 122.8 122.3 123.4 124.3 125.9 123.8 123.3 122.8 124.0 122.6 120.8 122.2 121.3 120.4 119.7 121.1 121.7 121.7 119.9 122.7 123.9 122.5 121.1 121.6 123.9 123.3 124.6 123.6 119.9 119.9 121.0 120.8 126.6 126.1 124.1 120.0 120.0 123.1 122.4 120.6 119.4 119.8 118.9 119.7 121.5 119.1 116.7 118.9 118.2 117.9 118.6 119.3 118.2 118.4 120.2 118.7 118.1 118.1 117.8 116.6 117.8 116.9
120.5 111.5 117.5 73.4 119.9 115.0 121.4 118.3 122.4 119.3 124.1 114.7 122.0 117.5 124.1 118.7 123.2 118.8 118.2 120.1 121.2 121.6 120.7 120.4 123.4 121.9 121.2 121.3 122.5 121.8 123.3 119.3 121.8 120.8 118.3 117.3 122.0 117.3 121.5 121.0 121.2 120.9 121.6 121.1 120.5 121.1 125.7 121.7 125.5 121.8 120.1 119.6 120.5 119.7 124.5 123.6 124.2 116.6 121.8 119.4 121.6 120.6 119.7 118.2 121.4 117.9 117.0 114.5 116.5 118.3 121.2 119.5 119.7 118.2 116.8 116.2 118.5 119.3 118.0 117.5 118.1 116.0 118.0 116.6
76.2 73.2 72.2 75.2 113.6 74.3 80.5 85.4 74.6 100.8 71.5 74.4 76.9 92.4 68.9 102.5 72.7 72.7 97.4 110.7 107.7 115.1 120.1 117.9 122.1 112.0 117.8 117.8 125.8 109.1 119.9 110.0 120.0 100.4 120.0 105.7 120.8 110.2 119.6 96.7 123.2 114.6 111.9 113.2 120.1 95.7 120.3 119.3 124.9 110.4 119.1 109.4 120.5 115.0 120.3 107.6 119.5 75.2 119.0 111.4 118.4 106.6 118.0 108.9 111.6 113.0 106.0 93.8 115.8 102.1 115.5 114.1 120.5 112.9 115.1 113.5 113.3 110.2 118.3 106.9 118.4 115.0 105.5 109.3
73.7 71.5 75.7 72.4 74.4 73.0 74.3 74.4 71.7 73.8 73.0 71.1 68.4 70.1 68.3 69.0 66.4 67.3 63.9 66.7 68.1 72.1 68.0 72.9 71.4 74.6 70.3 81.8 74.5 76.5 86.9 79.9 79.6 82.3 79.6 83.5 77.4 79.8 80.3 81.1 85.5 80.1 76.1 74.6 71.9 75.7 74.5 96.5 85.0 87.7 71.7 71.2 75.1 86.4 79.0 76.1 74.1 68.4 81.1 64.4 80.2 65.3 56.6 57.9 46.7 71.4 40.1 44.7 68.8 85.4 47.4 92.7 37.1 84.2 35.6 35.7 40.5 85.3 86.6 73.7 89.5 99.0 74.2 77.5
74.5 73.2 72.4 72.0 73.3 74.3 74.0 74.4 74.3 72.4 72.1 71.7 69.4 68.4 69.0 67.4 66.3 62.3 62.8 65.2 65.3 68.8 68.1 70.8 70.5 68.3 71.4 73.8 74.8 72.8 74.4 78.0 80.1 80.3 80.8 80.4 79.5 77.1 80.3 79.3 77.8 78.2 71.1 73.9 71.0 73.6 72.3 74.1 73.5 72.6 72.6 69.1 73.3 72.1 71.8 72.9 70.7 69.5 63.9 63.4 60.2 58.5 55.7 55.4 49.8 39.0 39.1 41.9 39.6 36.7 36.4 39.2 37.4 34.7 32.3 33.4 30.8 42.0 48.0 48.3 49.5 47.4 43.6 47.1
73.8 72.3 72.5 71.5 78.9 74.3 74.8 73.7 73.3 72.7 74.3 72.4 71.1 70.3 69.5 66.6 66.6 63.1 64.0 64.8 66.4 71.1 68.6 69.5 70.6 70.5 71.6 72.6 74.6 74.2 75.3 75.2 79.1 79.4 82.2 82.1 80.2 78.1 78.4 77.7 76.7 78.4 75.4 75.4 74.6 74.8 73.5 73.8 74.2 71.9 70.9 71.1 68.2 68.9 70.7 70.9 68.6 68.2 63.0 63.6 58.9 57.1 55.7 56.7 46.8 39.8 40.2 42.9 45.0 38.6 32.6 34.6 31.2 32.0 31.9 34.3 36.3 47.2 51.6 49.5 51.0 45.4 44.8 45.6
72.1 71.7 71.5 74.7 75.3 75.0 74.9 74.7 72.7 75.6 70.9 73.0 72.8 71.6 70.8 65.8 63.6 65.4 65.4 65.5 69.6 70.2 71.2 70.0 70.6 70.8 73.6 72.9 72.5 75.8 74.2 73.9 75.7 78.0 82.5 81.8 80.0 78.7 78.8 79.6 78.1 78.6 76.7 77.0 76.6 75.2 74.2 73.0 71.3 71.0 69.3 71.1 72.6 71.5 70.6 70.6 71.1 65.9 59.9 64.2 59.6 57.4 59.2 56.0 48.0 41.5 41.6 44.1 48.5 38.3 34.1 35.2 33.5 32.7 32.9 37.7 38.2 48.9 47.9 51.3 48.9 45.1 44.4 47.3
71.4 71.0 71.6 74.5 71.5 74.0 74.1 75.8 74.8 74.8 74.4 73.2 73.3 72.8 72.6 69.2 67.5 67.9 67.2 66.1 68.2 70.4 65.9 70.4 69.1 71.0 72.7 73.2 74.3 74.6 74.4 75.1 70.6 76.5 80.3 81.3 82.1 79.7 79.1 79.2 77.2 78.3 76.8 76.5 76.9 75.2 73.4 73.6 73.2 72.3 70.6 71.4 71.6 70.6 72.9 71.7 67.7 66.7 63.1 64.7 61.8 58.3 59.8 54.1 50.2 44.9 45.7 47.6 50.4 41.6 39.0 36.2 39.1 35.6 37.9 41.0 40.5 51.6 55.8 50.8 46.4 46.4 50.3 48.4
70.2 71.0 72.2 72.4 75.2 73.4 74.5 78.2 73.6 73.3 74.7 73.0 73.7 72.6 71.2 71.0 69.1 66.2 65.9 66.5 68.5 70.6 69.8 70.7 69.8 71.5 71.9 72.6 74.6 74.5 76.3 73.5 76.1 74.9 77.6 80.2 84.5 81.2 79.5 79.1 78.9 78.0 78.4 75.6 73.2 73.3 71.5 75.0 72.7 73.4 74.8 73.0 71.9 71.0 70.4 71.5 76.6 67.3 62.9 64.5 58.4 60.5 58.8 54.8 53.9 48.5 48.0 54.8 54.1 48.2 41.4 41.7 38.3 39.0 39.4 44.0 47.1 55.7 53.6 49.8 49.8 48.2 49.0 50.5
68.3 70.9 71.4 72.3 73.9 74.5 74.7 78.4 74.2 74.5 73.8 74.7 73.4 74.0 69.2 69.9 68.1 67.0 66.4 67.5 69.0 69.8 69.2 69.6 71.4 72.0 74.0 71.2 73.2 74.3 75.5 74.0 74.0 72.4 78.2 78.7 82.3 80.7 80.6 80.9 78.9 78.5 77.3 75.1 75.1 72.9 71.2 72.7 76.2 72.8 74.1 73.1 73.0 71.5 72.6 71.5 73.4 70.3 65.1 65.3 59.8 61.6 59.9 54.8 55.0 50.4 54.3 57.3 54.1 50.3 45.3 49.0 44.9 42.8 45.4 50.7 53.0 62.1 55.2 52.2 52.1 50.0 50.4 50.7
70.4 70.6 67.6 72.4 77.6 73.1 77.7 77.5 74.7 75.6 80.4 74.5 74.2 73.0 72.2 70.0 70.3 66.0 67.2 68.2 66.7 69.1 67.3 68.9 69.3 71.8 70.2 71.2 74.3 73.9 74.7 75.4 73.2 75.2 77.9 78.0 79.4 80.9 83.0 80.7 80.2 81.2 77.7 75.8 77.7 76.3 71.2 75.5 73.4 72.2 74.4 73.2 75.7 72.6 70.6 71.8 71.9 70.8 66.0 64.7 62.5 61.1 63.6 59.5 56.3 54.0 56.9 60.3 51.4 51.8 49.7 48.8 48.4 48.2 47.5 55.8 58.3 61.5 56.4 55.0 57.6 52.5 51.4 48.2
68.0 69.5 70.4 73.1 72.0 72.6 74.7 78.7 72.6 75.0 72.9 75.3 71.6 71.5 72.2 72.1 72.2 67.1 69.2 67.2 69.6 68.6 69.8 70.0 69.9 71.5 74.4 71.3 73.0 74.9 69.9 75.2 73.1 74.2 73.6 75.9 78.1 80.5 82.0 81.6 80.5 79.2 76.3 75.9 81.5 78.8 76.1 73.4 74.0 71.8 73.7 73.8 73.3 74.0 72.1 71.7 70.8 71.6 68.1 64.6 65.8 64.0 63.7 63.7 56.7 55.7 58.6 59.7 50.5 53.2 53.3 53.6 50.3 57.5 51.2 55.8 57.6 62.9 58.8 56.2 58.8 56.5 52.1 47.1
68.8 70.4 71.7 73.9 75.0 74.0 74.4 75.0 76.0 76.7 76.7 75.1 75.6 70.3 72.2 73.6 71.5 68.2 68.5 68.5 68.4 69.6 68.0 69.4 70.9 71.8 75.1 73.4 73.7 74.9 72.5 75.1 73.3 74.9 73.6 74.6 87.3 80.1 81.2 82.2 81.6 77.6 76.8 77.6 80.7 79.6 76.7 74.3 74.4 76.0 74.3 74.1 72.6 76.3 70.9 74.6 71.6 73.1 70.4 63.5 64.4 65.6 67.1 69.2 59.6 58.1 62.6 56.7 50.0 55.7 59.0 59.3 56.2 59.1 54.7 57.3 61.4 63.6 58.7 62.5 58.5 58.7 53.7 49.8
68.7 73.0 71.8 72.3 72.0 74.3 74.3 74.9 76.4 75.9 75.9 75.8 74.5 69.4 73.8 73.9 74.4 70.4 67.9 67.6 67.4 71.2 66.2 70.1 70.3 71.2 73.4 73.2 72.0 74.9 74.0 72.8 73.5 75.6 73.5 74.6 75.1 79.5 82.3 80.1 81.7 79.0 76.4 79.8 78.4 79.4 79.6 74.6 75.9 74.3 76.3 73.2 76.2 76.7 73.3 72.8 72.2 72.6 72.4 64.9 63.6 66.3 69.5 70.0 60.7 62.9 62.2 55.6 51.9 61.1 58.1 60.2 62.4 61.9 61.2 60.4 65.9 61.1 59.6 60.8 57.5 59.2 55.6 50.6
68.0 70.3 71.5 71.7 76.7 73.5 75.0 74.4 77.9 75.4 75.1 76.4 74.4 72.9 75.4 72.8 73.0 70.0 69.9 67.0 69.2 73.5 70.2 68.7 71.4 72.0 73.8 72.6 73.0 75.8 76.4 71.1 74.3 74.3 73.2 74.3 76.0 78.4 80.5 79.7 80.6 80.2 78.0 80.0 77.6 80.8 76.5 75.8 75.7 73.1 73.0 72.7 73.6 74.5 73.4 72.8 71.4 73.3 69.4 66.8 67.3 69.7 71.8 70.3 62.4 67.4 58.5 55.3 57.6 64.8 61.6 64.0 66.1 66.7 67.0 65.5 67.6 58.7 61.1 60.3 56.4 60.1 56.5 53.2
69.3 70.9 71.7 72.2 75.2 74.3 74.1 74.2 73.6 75.1 75.8 76.4 74.6 74.7 75.2 73.7 70.7 70.2 70.0 69.0 66.2 68.7 68.5 70.0 71.5 72.1 72.3 73.6 73.5 72.4 74.1 70.9 75.6 74.1 72.9 71.4 75.4 75.0 78.8 84.0 81.1 80.0 79.2 78.7 80.3 81.4 79.1 76.8 76.5 73.9 71.7 73.4 71.7 73.3 74.8 74.6 74.0 74.5 69.8 66.2 66.5 69.7 71.6 70.5 69.9 70.9 64.0 59.4 62.4 67.8 67.6 69.2 69.9 69.3 70.0 68.0 65.6 58.7 62.9 60.2 58.9 62.4 59.1 55.7
69.6 70.8 71.7 73.6 75.7 74.6 74.8 73.3 74.2 74.5 75.6 76.9 74.9 74.9 74.3 73.9 74.5 71.2 69.9 69.2 70.0 69.7 69.6 70.6 71.6 70.5 72.7 71.4 75.2 71.9 75.3 74.8 74.6 74.0 73.2 69.9 71.3 72.6 77.9 82.6 80.0 82.1 80.8 78.3 79.4 79.4 79.0 76.5 74.9 74.8 75.8 74.4 74.2 75.7 75.5 74.4 73.8 74.0 69.2 70.8 65.4 70.6 72.7 69.8 74.1 71.8 67.9 65.5 64.9 70.7 74.2 74.3 73.2 70.6 69.8 71.4 66.6 57.5 63.5 62.8 59.7 62.8 60.0 59.6
69.6 70.7 70.7 74.0 75.1 73.3 74.2 74.1 75.5 76.3 73.5 76.0 76.9 75.2 75.0 73.2 74.2 72.3 69.4 70.1 71.8 70.5 68.8 70.5 69.0 71.3 72.8 72.3 72.4 72.3 75.8 79.0 74.9 74.0 74.9 73.2 71.7 73.9 75.1 81.4 81.4 79.9 79.7 78.9 79.3 79.1 79.4 75.8 75.4 73.9 75.8 74.8 73.7 75.1 74.7 74.6 74.0 72.2 64.8 71.0 68.4 73.5 74.3 71.5 73.1 73.4 73.5 73.9 69.0 74.3 74.7 74.2 75.5 72.9 72.9 70.5 67.4 57.3 56.2 66.4 60.0 62.9 61.6 60.5
71.0 71.5 72.0 74.5 73.2 76.3 73.8 75.7 75.9 75.5 72.7 76.5 75.4 75.2 77.6 73.3 76.2 73.4 71.2 69.7 77.9 71.6 71.1 71.7 70.8 75.0 75.5 73.3 71.7 71.9 75.0 75.5 74.0 74.2 73.9 70.4 72.4 72.2 76.8 80.7 79.5 78.3 78.3 81.3 79.1 80.6 79.5 76.4 75.8 74.8 76.6 74.6 76.7 75.7 73.7 73.5 74.6 71.9 66.2 71.9 74.3 73.1 74.3 71.2 72.2 75.3 75.0 73.9 73.0 73.6 76.0 74.1 77.8 73.8 75.4 70.4 67.0 57.7 55.8 65.5 61.2 63.2 63.4 60.3
69.2 72.1 69.9 74.4 74.1 77.5 76.1 75.7 72.8 76.7 76.5 77.5 74.7 75.6 76.6 73.5 74.8 72.0 70.4 71.5 71.3 71.2 71.5 73.3 70.8 72.5 74.0 73.4 73.1 71.9 74.2 76.3 74.4 72.6 72.0 73.3 70.2 71.2 76.7 76.4 78.6 79.7 81.7 80.4 80.1 80.5 84.1 77.6 76.2 75.7 76.1 75.5 77.3 74.4 72.8 73.6 76.1 72.6 68.5 71.8 70.0 72.9 76.8 70.1 72.6 74.7 75.8 74.9 74.1 73.3 72.9 74.9 73.8 75.2 73.0 70.6 64.3 59.3 58.5 63.8 62.5 63.9 65.9 59.7
71.0 70.4 71.9 72.4 73.6 74.2 73.7 74.8 75.1 76.2 76.7 77.9 73.3 76.6 75.7 75.4 75.0 74.5 71.4 72.4 75.1 72.8 70.0 72.0 71.0 70.4 71.8 72.1 73.5 72.5 74.6 76.5 76.7 71.8 73.6 71.6 72.5 71.0 72.8 74.1 80.5 79.5 80.4 78.7 81.4 77.4 77.3 78.4 79.2 75.6 76.1 75.8 77.2 75.4 74.4 73.1 73.2 72.1 69.9 72.9 72.2 74.8 76.2 71.1 72.6 74.6 74.8 74.9 75.1 74.4 74.9 75.4 72.8 75.4 75.9 69.8 66.0 61.0 60.8 65.3 61.9 64.4 64.7 57.8
70.2 72.9 75.6 73.6 73.2 75.2 74.8 74.6 75.1 75.2 74.6 77.8 75.8 76.9 79.0 74.7 72.5 73.3 71.6 72.2 71.8 72.4 70.3 70.9 72.3 70.2 69.7 72.5 74.7 72.8 73.5 74.7 74.1 72.2 73.3 72.9 65.2 70.6 75.8 72.2 76.5 78.7 78.7 79.0 78.5 80.5 79.1 78.2 76.4 76.3 77.1 75.9 76.9 76.7 75.3 74.8 73.3 69.7 71.3 71.7 68.7 75.2 71.5 71.8 74.2 74.3 79.9 74.6 74.7 74.4 76.0 74.2 73.5 74.2 74.4 70.1 65.8 61.8 61.7 64.3 62.7 65.0 71.0 55.6
69.7 70.4 71.2 74.9 74.8 75.7 74.5 75.6 76.0 75.6 76.8 77.2 76.6 80.6 77.1 75.3 73.4 73.2 70.8 71.9 73.8 74.1 69.5 71.9 71.3 70.9 72.7 72.0 72.6 70.2 72.8 72.1 73.9 73.6 74.3 74.7 70.6 69.8 70.6 70.6 74.6 78.3 78.5 79.8 80.1 83.7 77.5 78.4 78.1 77.3 77.7 76.1 78.4 75.5 73.2 74.3 72.3 68.6 71.6 69.2 71.6 74.5 71.0 71.8 73.4 75.6 76.1 75.1 79.2 74.4 76.4 74.7 73.9 74.5 75.4 69.7 65.0 63.5 65.6 64.0 65.5 65.9 66.6 56.8
69.4 69.7 71.0 69.9 72.7 75.5 74.0 75.1 73.6 76.8 75.7 76.6 77.4 76.6 77.0 76.8 74.8 73.3 72.9 74.0 72.1 73.8 70.8 71.8 71.4 70.2 74.0 71.1 73.9 72.2 73.0 72.7 75.3 74.2 72.0 74.5 70.6 70.2 71.4 70.8 74.0 76.8 76.9 79.0 81.7 80.0 78.1 78.5 77.9 76.8 78.5 77.3 76.5 74.8 76.1 73.6 69.4 68.0 73.1 68.8 72.2 73.6 70.0 72.1 71.4 76.9 75.6 74.4 74.8 75.0 75.4 75.6 79.9 74.9 74.2 68.6 64.0 65.2 65.7 64.9 64.0 66.2 65.2 57.0
70.9 69.5 72.9 72.9 70.1 74.8 72.8 75.1 73.8 77.2 76.2 76.5 77.1 76.2 74.7 76.1 73.3 74.2 73.5 76.8 72.3 72.9 74.2 71.6 71.9 69.7 69.4 71.9 72.4 73.2 72.6 71.7 73.2 74.3 72.1 73.9 69.5 70.8 70.1 70.9 71.0 75.1 76.2 79.9 79.8 77.9 78.4 78.0 78.8 76.5 78.9 76.8 77.5 75.4 74.7 75.1 68.7 69.8 70.7 68.7 72.5 74.4 69.5 73.4 72.7 76.5 76.7 74.7 75.5 78.8 75.3 76.6 76.1 76.1 75.3 69.2 61.9 66.9 65.4 65.5 65.1 66.3 65.2 55.4
72.8 69.8 71.3 71.7 71.5 76.1 73.2 73.6 76.8 78.3 77.8 75.1 75.7 76.7 79.5 75.7 75.1 74.5 73.2 73.9 71.5 70.9 70.5 70.5 73.7 70.8 69.5 72.1 72.4 73.4 74.2 72.0 74.3 73.6 74.1 75.4 74.1 70.0 69.5 70.6 72.7 73.1 75.8 75.8 80.6 78.1 79.3 79.0 77.1 76.7 78.5 76.1 79.0 75.0 75.7 74.8 67.5 70.5 71.2 72.1 74.3 75.4 69.4 70.5 74.6 75.8 75.9 76.3 75.0 74.6 74.8 74.4 76.0 76.3 73.0 68.1 64.6 67.9 70.5 65.4 69.0 69.1 65.6 55.4
70.5 70.9 70.5 71.6 71.6 75.8 73.3 74.9 74.4 77.1 79.3 78.8 76.0 79.5 76.8 77.2 75.8 74.4 77.3 73.6 70.4 70.2 71.9 72.4 71.4 71.7 71.3 71.7 74.3 74.1 71.3 73.9 76.1 73.0 73.3 76.1 74.7 71.5 69.8 70.1 71.7 71.3 74.1 72.9 81.5 78.5 77.4 79.4 80.7 77.1 77.1 75.6 75.9 75.1 75.3 72.9 68.7 74.2 73.2 71.6 76.1 72.8 71.8 71.1 74.4 75.0 75.4 75.3 76.0 75.0 75.2 75.6 75.1 75.9 72.6 66.5 62.0 66.1 66.2 66.6 69.3 68.7 62.5 57.2
72.6 71.7 70.7 69.7 73.3 73.6 74.2 75.7 76.1 75.3 73.5 77.4 75.9 78.3 76.5 76.0 78.8 75.3 75.7 72.0 72.3 71.5 73.1 72.1 73.3 74.5 73.4 71.9 72.3 72.9 73.4 75.2 74.7 73.3 74.1 77.1 73.4 73.2 71.7 72.6 70.0 71.4 73.6 75.6 77.8 78.5 77.8 78.8 79.7 78.0 78.3 74.5 76.6 73.4 72.8 73.7 68.7 74.1 71.3 71.6 76.8 72.0 72.5 74.1 75.0 74.1 74.7 75.3 76.4 75.5 76.8 75.0 80.1 75.5 71.9 66.7 65.2 65.1 66.2 66.3 65.6 67.7 65.4 57.0
