surveys/q10_1/matrix_bed_q10_1s5.txt
north:            -502.50
south:           -1197.50
east:             2697.00
west:              -93.00
rows:                 141
cols:                 279
null:              -999.0
[rows 0 to 37 of 141, columns 84 to 167 of 279]
-999.0 96.8 93.6 93.5 98.7 103.5 101.8 102.9 102.4 102.5 102.4 -999.0 -999.0 103.9 104.9 -999.0 103.6 -999.0 -999.0 -999.0 106.3 -999.0 105.2 -999.0 -999.0 -999.0 -999.0 102.1 99.6 -999.0 -999.0 -999.0 -999.0 -999.0 -999.0 100.4 94.9 91.0 91.8 99.3 102.2 102.0 -999.0 -999.0 -999.0 105.0 105.6 -999.0 -999.0 -999.0 -999.0 -999.0 102.1 -999.0 -999.0 -999.0 -999.0 -999.0 -999.0 -999.0 -999.0 -999.0 -999.0 -999.0 -999.0 -999.0 -999.0 102.7 -999.0 -999.0 -999.0 -999.0 -999.0 -999.0 -999.0 -999.0 -999.0 -999.0 -999.0 101.9 102.7 -999.0 103.6 101.3
-999.0 96.8 93.7 94.2 99.2 103.5 103.2 102.9 102.4 102.5 101.5 -999.0 -999.0 103.9 104.9 -999.0 103.9 -999.0 -999.0 -999.0 106.3 -999.0 105.2 -999.0 -999.0 -999.0 -999.0 102.0 99.9 -999.0 -999.0 -999.0 -999.0 -999.0 -999.0 100.4 94.5 92.6 91.1 99.3 102.2 101.9 -999.0 -999.0 -999.0 105.0 105.6 -999.0 -999.0 -999.0 -999.0 -999.0 104.4 -999.0 -999.0 -999.0 -999.0 -999.0 -999.0 -999.0 -999.0 -999.0 -999.0 -999.0 -999.0 -999.0 -999.0 102.7 -999.0 -999.0 -999.0 -999.0 -999.0 -999.0 -999.0 -999.0 -999.0 -999.0 -999.0 101.8 104.5 -999.0 105.5 100.9
-999.0 99.6 96.7 96.1 101.5 103.5 102.3 102.9 102.4 103.0 102.1 -999.0 -999.0 103.9 104.9 -999.0 102.7 -999.0 -999.0 -999.0 106.3 -999.0 105.2 -999.0 -999.0 -999.0 -999.0 104.7 103.7 -999.0 -999.0 -999.0 -999.0 -999.0 -999.0 100.4 96.5 95.0 94.4 99.3 102.2 103.1 -999.0 -999.0 -999.0 105.0 105.6 -999.0 -999.0 -999.0 -999.0 -999.0 103.9 -999.0 -999.0 -999.0 -999.0 -999.0 -999.0 -999.0 -999.0 -999.0 -999.0 -999.0 -999.0 -999.0 -999.0 102.7 -999.0 -999.0 -999.0 -999.0 -999.0 -999.0 -999.0 -999.0 -999.0 -999.0 -999.0 103.2 102.7 -999.0 105.5 104.3
-999.0 100.2 99.4 98.9 102.3 -999.0 102.2 -999.0 102.4 103.0 102.2 -999.0 -999.0 -999.0 104.9 -999.0 102.9 -999.0 -999.0 -999.0 106.3 -999.0 -999.0 -999.0 -999.0 -999.0 -999.0 105.0 103.9 -999.0 -999.0 -999.0 -999.0 -999.0 -999.0 -999.0 101.3 97.5 98.8 99.3 -999.0 103.1 -999.0 -999.0 -999.0 -999.0 105.6 -999.0 -999.0 -999.0 -999.0 -999.0 106.3 -999.0 -999.0 -999.0 -999.0 -999.0 -999.0 -999.0 -999.0 -999.0 -999.0 -999.0 -999.0 -999.0 -999.0 -999.0 -999.0 -999.0 -999.0 -999.0 -999.0 -999.0 -999.0 -999.0 -999.0 -999.0 -999.0 103.3 102.6 -999.0 105.5 104.5
-999.0 102.7 101.5 99.0 102.7 -999.0 -999.0 -999.0 -999.0 -999.0 -999.0 -999.0 -999.0 -999.0 -999.0 -999.0 102.7 -999.0 -999.0 -999.0 -999.0 -999.0 -999.0 -999.0 -999.0 -999.0 -999.0 -999.0 104.0 -999.0 -999.0 -999.0 -999.0 -999.0 -999.0 -999.0 102.2 98.6 100.6 -999.0 -999.0 -999.0 -999.0 -999.0 -999.0 -999.0 -999.0 -999.0 -999.0 -999.0 -999.0 -999.0 106.3 -999.0 -999.0 -999.0 -999.0 -999.0 -999.0 -999.0 -999.0 -999.0 -999.0 -999.0 -999.0 -999.0 -999.0 -999.0 -999.0 -999.0 -999.0 -999.0 -999.0 -999.0 -999.0 -999.0 -999.0 -999.0 -999.0 -999.0 105.2 -999.0 105.5 -999.0
-999.0 102.9 102.4 -999.0 -999.0 -999.0 -999.0 -999.0 -999.0 -999.0 -999.0 -999.0 -999.0 -999.0 -999.0 -999.0 -999.0 -999.0 -999.0 -999.0 -999.0 -999.0 -999.0 -999.0 -999.0 -999.0 -999.0 -999.0 104.1 -999.0 -999.0 -999.0 -999.0 -999.0 -999.0 -999.0 102.2 98.6 101.7 -999.0 -999.0 -999.0 -999.0 -999.0 -999.0 -999.0 -999.0 -999.0 -999.0 -999.0 -999.0 -999.0 106.3 -999.0 -999.0 -999.0 -999.0 -999.0 -999.0 -999.0 -999.0 -999.0 -999.0 -999.0 -999.0 -999.0 -999.0 -999.0 -999.0 -999.0 -999.0 -999.0 -999.0 -999.0 -999.0 -999.0 -999.0 -999.0 -999.0 -999.0 104.7 -999.0 -999.0 -999.0
-999.0 102.9 102.2 -999.0 -999.0 -999.0 -999.0 -999.0 -999.0 -999.0 -999.0 -999.0 -999.0 -999.0 -999.0 -999.0 -999.0 -999.0 -999.0 -999.0 -999.0 -999.0 -999.0 -999.0 -999.0 -999.0 -999.0 -999.0 -999.0 -999.0 -999.0 -999.0 -999.0 -999.0 -999.0 -999.0 102.2 -999.0 101.8 -999.0 -999.0 -999.0 -999.0 -999.0 -999.0 -999.0 -999.0 -999.0 -999.0 -999.0 -999.0 -999.0 -999.0 -999.0 -999.0 -999.0 -999.0 -999.0 -999.0 -999.0 -999.0 -999.0 -999.0 -999.0 -999.0 -999.0 -999.0 -999.0 -999.0 -999.0 -999.0 -999.0 -999.0 -999.0 -999.0 -999.0 -999.0 -999.0 -999.0 -999.0 105.2 -999.0 -999.0 -999.0
-999.0 -999.0 102.4 -999.0 -999.0 -999.0 -999.0 -999.0 -999.0 -999.0 -999.0 -999.0 -999.0 -999.0 -999.0 -999.0 -999.0 -999.0 -999.0 -999.0 -999.0 -999.0 -999.0 -999.0 -999.0 -999.0 -999.0 -999.0 -999.0 -999.0 -999.0 -999.0 -999.0 -999.0 -999.0 -999.0 -999.0 -999.0 -999.0 -999.0 -999.0 -999.0 -999.0 -999.0 -999.0 -999.0 -999.0 -999.0 -999.0 -999.0 -999.0 -999.0 -999.0 -999.0 -999.0 -999.0 -999.0 -999.0 -999.0 -999.0 -999.0 -999.0 -999.0 -999.0 -999.0 -999.0 -999.0 -999.0 -999.0 -999.0 -999.0 -999.0 -999.0 -999.0 -999.0 -999.0 -999.0 -999.0 -999.0 -999.0 -999.0 -999.0 -999.0 -999.0
-999.0 -999.0 -999.0 -999.0 -999.0 -999.0 -999.0 -999.0 -999.0 -999.0 -999.0 -999.0 -999.0 -999.0 -999.0 -999.0 -999.0 -999.0 -999.0 -999.0 -999.0 -999.0 -999.0 -999.0 -999.0 -999.0 -999.0 -999.0 -999.0 -999.0 -999.0 -999.0 -999.0 -999.0 -999.0 -999.0 -999.0 -999.0 -999.0 -999.0 -999.0 -999.0 -999.0 -999.0 -999.0 -999.0 -999.0 -999.0 -999.0 -999.0 -999.0 -999.0 -999.0 -999.0 -999.0 -999.0 -999.0 -999.0 -999.0 -999.0 -999.0 -999.0 -999.0 -999.0 -999.0 -999.0 -999.0 -999.0 -999.0 -999.0 -999.0 -999.0 -999.0 -999.0 -999.0 -999.0 -999.0 -999.0 -999.0 -999.0 -999.0 -999.0 -999.0 -999.0
-999.0 -999.0 -999.0 -999.0 -999.0 -999.0 -999.0 -999.0 -999.0 -999.0 -999.0 -999.0 -999.0 -999.0 -999.0 -999.0 -999.0 -999.0 -999.0 -999.0 -999.0 -999.0 -999.0 -999.0 -999.0 -999.0 -999.0 -999.0 -999.0 -999.0 -999.0 -999.0 -999.0 -999.0 -999.0 -999.0 -999.0 -999.0 -999.0 -999.0 -999.0 -999.0 -999.0 -999.0 -999.0 -999.0 -999.0 -999.0 -999.0 -999.0 -999.0 -999.0 -999.0 -999.0 -999.0 -999.0 -999.0 -999.0 -999.0 -999.0 -999.0 -999.0 -999.0 -999.0 -999.0 -999.0 -999.0 -999.0 -999.0 -999.0 -999.0 -999.0 -999.0 -999.0 -999.0 -999.0 -999.0 -999.0 -999.0 -999.0 -999.0 -999.0 -999.0 -999.0
-999.0 -999.0 -999.0 -999.0 -999.0 -999.0 -999.0 -999.0 -999.0 -999.0 -999.0 -999.0 -999.0 -999.0 -999.0 -999.0 -999.0 -999.0 -999.0 -999.0 -999.0 -999.0 -999.0 -999.0 -999.0 -999.0 -999.0 -999.0 -999.0 -999.0 -999.0 -999.0 -999.0 -999.0 -999.0 -999.0 -999.0 -999.0 -999.0 -999.0 -999.0 -999.0 -999.0 -999.0 -999.0 -999.0 -999.0 -999.0 -999.0 -999.0 -999.0 -999.0 -999.0 -999.0 -999.0 -999.0 -999.0 -999.0 -999.0 -999.0 -999.0 -999.0 -999.0 -999.0 -999.0 -999.0 -999.0 -999.0 -999.0 -999.0 -999.0 -999.0 -999.0 -999.0 -999.0 -999.0 -999.0 -999.0 -999.0 -999.0 -999.0 -999.0 -999.0 -999.0
-999.0 -999.0 -999.0 -999.0 -999.0 -999.0 -999.0 -999.0 -999.0 -999.0 -999.0 -999.0 -999.0 -999.0 -999.0 -999.0 -999.0 -999.0 -999.0 -999.0 -999.0 -999.0 -999.0 -999.0 -999.0 -999.0 -999.0 -999.0 -999.0 -999.0 -999.0 -999.0 -999.0 -999.0 -999.0 -999.0 -999.0 -999.0 -999.0 -999.0 -999.0 -999.0 -999.0 -999.0 -999.0 -999.0 -999.0 -999.0 -999.0 -999.0 -999.0 -999.0 -999.0 -999.0 -999.0 -999.0 -999.0 -999.0 -999.0 -999.0 -999.0 -999.0 -999.0 -999.0 -999.0 -999.0 -999.0 -999.0 -999.0 -999.0 -999.0 -999.0 -999.0 -999.0 -999.0 -999.0 -999.0 -999.0 -999.0 -999.0 -999.0 -999.0 -999.0 -999.0
-999.0 -999.0 -999.0 -999.0 -999.0 -999.0 -999.0 -999.0 -999.0 -999.0 -999.0 -999.0 -999.0 -999.0 -999.0 -999.0 -999.0 -999.0 -999.0 -999.0 -999.0 -999.0 -999.0 -999.0 -999.0 -999.0 -999.0 -999.0 -999.0 -999.0 -999.0 -999.0 -999.0 -999.0 -999.0 -999.0 -999.0 -999.0 -999.0 -999.0 -999.0 -999.0 -999.0 -999.0 -999.0 -999.0 -999.0 -999.0 -999.0 -999.0 -999.0 -999.0 -999.0 -999.0 -999.0 -999.0 -999.0 -999.0 -999.0 -999.0 -999.0 -999.0 -999.0 -999.0 -999.0 -999.0 -999.0 -999.0 -999.0 -999.0 -999.0 -999.0 -999.0 -999.0 -999.0 -999.0 -999.0 -999.0 -999.0 -999.0 -999.0 -999.0 -999.0 -999.0
-999.0 -999.0 -999.0 -999.0 -999.0 -999.0 -999.0 -999.0 -999.0 -999.0 -999.0 -999.0 -999.0 -999.0 -999.0 -999.0 -999.0 -999.0 -999.0 -999.0 -999.0 -999.0 -999.0 -999.0 -999.0 -999.0 -999.0 -999.0 -999.0 -999.0 -999.0 -999.0 -999.0 -999.0 -999.0 -999.0 -999.0 -999.0 -999.0 -999.0 -999.0 -999.0 -999.0 -999.0 -999.0 -999.0 -999.0 -999.0 -999.0 -999.0 -999.0 -999.0 -999.0 -999.0 -999.0 -999.0 -999.0 -999.0 -999.0 -999.0 -999.0 -999.0 -999.0 -999.0 -999.0 -999.0 -999.0 -999.0 -999.0 -999.0 -999.0 -999.0 -999.0 -999.0 -999.0 -999.0 -999.0 -999.0 -999.0 -999.0 -999.0 -999.0 -999.0 -999.0
-999.0 -999.0 -999.0 -999.0 -999.0 -999.0 -999.0 -999.0 -999.0 -999.0 -999.0 -999.0 -999.0 -999.0 -999.0 -999.0 -999.0 -999.0 -999.0 -999.0 -999.0 -999.0 -999.0 -999.0 -999.0 -999.0 -999.0 -999.0 -999.0 -999.0 -999.0 -999.0 -999.0 -999.0 -999.0 -999.0 -999.0 -999.0 -999.0 -999.0 -999.0 -999.0 -999.0 -999.0 -999.0 -999.0 -999.0 -999.0 -999.0 -999.0 -999.0 -999.0 -999.0 -999.0 -999.0 -999.0 -999.0 -999.0 -999.0 -999.0 -999.0 -999.0 -999.0 -999.0 -999.0 -999.0 -999.0 -999.0 -999.0 -999.0 -999.0 -999.0 -999.0 -999.0 -999.0 -999.0 -999.0 -999.0 -999.0 -999.0 -999.0 -999.0 -999.0 -999.0
-999.0 -999.0 -999.0 -999.0 -999.0 -999.0 -999.0 -999.0 -999.0 -999.0 -999.0 -999.0 -999.0 -999.0 -999.0 -999.0 -999.0 -999.0 -999.0 -999.0 -999.0 -999.0 -999.0 -999.0 -999.0 -999.0 -999.0 -999.0 -999.0 -999.0 -999.0 -999.0 -999.0 -999.0 -999.0 -999.0 -999.0 -999.0 -999.0 -999.0 -999.0 -999.0 -999.0 -999.0 -999.0 -999.0 -999.0 -999.0 -999.0 -999.0 -999.0 -999.0 -999.0 -999.0 -999.0 -999.0 -999.0 -999.0 -999.0 -999.0 -999.0 -999.0 -999.0 -999.0 -999.0 -999.0 -999.0 -999.0 -999.0 -999.0 -999.0 -999.0 -999.0 -999.0 -999.0 -999.0 -999.0 -999.0 -999.0 -999.0 -999.0 -999.0 -999.0 -999.0
-999.0 -999.0 -999.0 -999.0 -999.0 -999.0 -999.0 -999.0 -999.0 -999.0 -999.0 -999.0 -999.0 -999.0 -999.0 -999.0 -999.0 -999.0 -999.0 -999.0 -999.0 -999.0 -999.0 -999.0 -999.0 -999.0 -999.0 -999.0 -999.0 -999.0 -999.0 -999.0 -999.0 -999.0 -999.0 -999.0 -999.0 -999.0 -999.0 -999.0 -999.0 -999.0 -999.0 -999.0 -999.0 -999.0 -999.0 -999.0 -999.0 -999.0 -999.0 -999.0 -999.0 -999.0 -999.0 -999.0 -999.0 -999.0 -999.0 -999.0 -999.0 -999.0 -999.0 -999.0 -999.0 -999.0 -999.0 -999.0 -999.0 -999.0 -999.0 -999.0 -999.0 -999.0 -999.0 -999.0 -999.0 -999.0 -999.0 -999.0 -999.0 -999.0 -999.0 -999.0
77.9 79.5 82.5 81.2 -999.0 83.8 83.6 92.8 85.0 -999.0 93.1 90.5 84.8 97.1 83.1 95.1 83.2 104.8 94.0 75.3 -999.0 73.5 -999.0 -999.0 -999.0 -999.0 -999.0 -999.0 -999.0 -999.0 -999.0 -999.0 -999.0 -999.0 -999.0 -999.0 -999.0 -999.0 -999.0 -999.0 -999.0 -999.0 -999.0 -999.0 -999.0 -999.0 -999.0 -999.0 -999.0 -999.0 -999.0 -999.0 -999.0 -999.0 -999.0 -999.0 -999.0 -999.0 -999.0 -999.0 -999.0 -999.0 -999.0 -999.0 -999.0 -999.0 -999.0 -999.0 -999.0 -999.0 -999.0 -999.0 -999.0 -999.0 -999.0 -999.0 -999.0 -999.0 -999.0 -999.0 -999.0 -999.0 -999.0 -999.0
77.4 79.4 82.5 81.2 84.1 83.4 84.4 91.5 85.0 85.9 90.6 89.7 84.1 95.9 83.1 93.0 83.5 101.8 91.7 75.3 76.6 73.5 76.2 76.1 73.8 74.0 73.7 89.6 -999.0 77.7 80.6 81.0 -999.0 83.9 -999.0 91.8 88.8 83.8 80.4 74.0 86.6 86.9 86.8 87.3 89.1 92.0 91.8 -999.0 -999.0 90.4 94.6 92.1 89.3 88.9 86.7 90.4 88.7 81.7 -999.0 86.0 84.7 89.3 86.3 87.4 85.5 88.4 90.5 85.9 89.6 102.6 101.6 -999.0 -999.0 91.2 91.3 -999.0 87.7 99.8 94.2 -999.0 -999.0 -999.0 77.3 -999.0
77.9 79.1 82.5 81.2 84.1 83.5 83.7 91.5 85.0 85.8 93.1 89.3 84.8 91.4 83.0 93.2 83.2 100.0 93.9 75.3 77.2 73.5 75.1 76.1 74.0 75.4 74.0 89.1 77.3 77.7 80.6 80.7 83.3 83.7 -999.0 91.4 88.7 84.3 81.7 74.9 86.3 87.0 86.9 87.8 89.7 92.1 91.5 94.9 91.0 90.8 94.4 92.0 89.5 88.7 87.4 90.5 88.7 82.1 84.1 85.5 84.9 88.9 86.6 87.1 85.5 88.1 89.7 86.0 89.2 100.3 98.7 87.0 85.8 90.7 90.6 84.6 87.4 96.6 94.2 69.9 69.8 73.3 76.2 74.0
75.5 78.8 81.0 81.2 83.3 81.8 86.5 84.6 84.9 85.8 80.7 85.4 81.3 82.3 81.6 82.9 84.6 85.1 83.4 74.6 76.6 74.4 76.1 76.0 73.8 75.0 73.7 82.4 77.1 77.8 80.6 80.4 83.3 80.2 86.8 91.3 88.8 84.4 80.4 75.5 86.6 87.0 86.8 87.8 89.1 93.0 91.8 94.7 91.0 91.1 94.6 91.3 89.3 88.7 86.7 90.5 88.7 84.3 84.0 85.5 84.7 88.9 86.3 87.1 85.5 88.0 90.5 85.9 89.6 100.6 101.6 86.9 86.1 89.6 91.3 84.8 87.7 96.5 94.2 70.1 69.6 73.1 77.3 74.4
77.8 79.4 80.1 81.9 81.0 82.2 81.5 85.5 85.2 85.1 84.5 82.9 81.9 83.3 81.6 82.8 83.0 86.5 82.9 74.3 79.3 73.7 71.2 75.6 74.9 80.9 75.4 77.0 77.9 77.9 80.0 78.7 83.3 77.6 87.4 88.3 88.2 87.5 86.7 81.7 85.3 87.0 87.4 90.1 92.2 93.3 90.6 94.4 91.2 92.8 93.5 92.8 90.0 87.9 89.9 89.7 88.8 86.1 84.4 83.7 85.6 86.0 87.4 85.9 85.4 86.7 86.9 86.1 87.8 88.4 86.8 86.9 85.8 86.4 87.8 85.4 86.2 84.2 76.8 70.2 69.8 73.1 72.0 74.4
77.6 78.9 81.6 82.2 87.3 83.6 83.0 85.7 84.8 85.1 84.3 84.5 82.4 82.5 82.3 82.5 83.6 83.9 81.5 73.2 77.3 72.6 70.8 73.6 70.5 75.0 74.6 77.0 78.7 78.8 79.1 80.1 80.3 80.1 84.3 84.3 88.6 90.5 88.6 89.0 83.9 89.7 86.1 87.7 88.7 91.6 92.8 92.7 91.6 93.2 94.5 94.6 92.1 89.0 86.6 88.5 88.1 87.0 82.9 83.5 84.5 85.7 86.7 86.8 83.3 86.1 86.9 85.7 84.4 86.9 90.0 88.3 87.2 87.3 88.1 86.9 86.7 84.7 74.6 71.2 68.9 72.2 74.3 76.5
78.8 80.1 79.0 81.1 82.2 82.3 81.2 85.9 85.5 85.2 83.3 85.5 81.8 82.4 81.6 82.9 84.8 82.4 79.1 74.0 73.0 72.0 71.4 72.9 72.1 73.9 74.7 77.5 78.8 77.4 78.4 80.4 80.2 79.2 79.4 82.2 86.5 90.8 91.3 92.3 89.7 91.0 87.7 88.3 89.3 91.7 91.3 92.8 92.0 93.6 93.4 93.6 92.6 89.6 90.5 89.8 88.4 87.3 83.0 83.7 84.2 87.5 88.1 86.6 89.0 86.1 86.3 86.1 84.9 85.5 89.2 88.8 88.3 88.2 88.3 86.7 88.7 84.5 75.5 70.6 67.2 72.9 74.2 76.2
79.0 79.3 77.8 81.1 80.1 82.8 78.7 84.4 84.4 83.2 83.4 86.4 86.6 81.8 82.2 82.5 82.0 84.9 79.8 74.2 73.2 71.3 72.5 73.2 72.4 74.7 75.7 76.7 80.0 76.5 79.6 80.0 79.2 80.1 82.0 83.1 83.4 88.7 89.3 92.5 93.3 92.6 88.6 90.4 91.0 93.0 93.7 93.3 92.3 94.6 93.4 92.2 93.2 90.1 91.0 90.5 89.9 89.9 83.5 83.7 85.6 87.7 86.1 87.3 85.2 85.7 85.0 86.2 85.1 87.6 86.9 88.5 89.3 88.6 89.3 86.6 87.0 84.6 82.3 69.5 72.5 72.0 74.7 76.1
79.3 80.4 80.9 81.3 82.9 83.2 81.4 80.6 84.9 83.9 81.2 87.5 84.0 81.3 82.4 84.1 82.9 83.4 77.5 76.7 74.6 71.2 71.2 72.0 72.6 75.2 75.6 77.2 77.8 78.3 79.3 78.5 79.4 79.6 80.8 82.2 83.6 86.7 89.2 93.7 93.9 95.2 92.4 95.0 90.1 92.8 93.1 93.9 94.2 95.0 93.9 92.7 91.6 90.5 92.0 91.6 91.4 87.8 84.2 80.9 90.2 85.2 86.5 86.3 85.6 85.9 85.1 85.6 86.6 87.7 87.7 87.5 84.8 90.8 89.6 86.4 86.1 84.2 74.1 71.3 73.3 73.0 75.2 76.3
76.1 81.0 84.2 80.9 83.7 84.8 81.7 84.4 82.4 85.0 81.9 84.2 82.5 80.7 82.6 81.9 81.5 80.8 77.0 77.9 78.4 73.9 74.1 72.5 75.6 75.0 76.7 76.9 78.8 78.3 78.8 78.1 80.4 82.1 81.0 80.5 83.4 86.2 88.0 91.5 92.9 96.7 97.3 95.0 88.7 93.2 91.6 92.3 92.9 94.1 93.8 93.2 92.1 91.1 92.0 92.7 92.8 92.6 91.0 83.9 86.6 85.3 85.5 85.4 87.1 88.3 89.3 86.9 87.0 86.6 87.4 85.5 87.4 92.3 90.7 87.4 87.2 79.7 77.7 72.5 73.2 74.4 75.4 75.5
80.0 80.6 82.6 82.2 85.3 84.9 78.9 85.3 82.0 85.6 82.3 83.4 81.1 80.6 81.9 81.6 84.9 79.3 83.1 78.8 77.7 77.1 75.5 77.4 78.7 78.5 79.0 78.1 77.7 78.6 79.1 77.9 79.5 81.1 83.2 83.3 84.4 85.2 88.4 91.3 95.0 102.1 93.8 95.0 91.3 95.9 94.8 93.6 94.8 94.7 95.3 92.5 93.0 91.3 91.8 92.9 90.9 92.6 89.3 87.1 84.8 88.6 87.2 87.4 88.0 89.1 88.4 87.9 86.9 86.6 87.3 85.5 87.3 87.1 90.0 86.4 87.3 78.5 79.2 75.7 77.1 75.4 76.5 74.1
80.4 79.9 82.2 82.7 84.1 84.7 81.8 84.1 84.9 83.8 82.6 82.7 79.7 79.8 81.4 81.3 82.6 76.2 79.6 78.9 80.0 80.1 80.7 81.0 79.0 78.5 79.3 79.4 78.6 79.9 78.2 78.9 80.7 82.7 80.3 83.3 84.3 84.8 86.5 91.1 92.4 96.6 94.8 96.7 93.5 90.4 93.5 92.2 96.1 94.4 94.4 92.7 91.7 91.2 92.6 93.0 92.9 93.9 91.8 90.5 90.9 90.9 88.3 89.5 87.5 88.1 88.1 87.3 85.7 87.9 86.9 86.8 88.9 88.2 90.1 86.5 85.4 79.6 79.7 77.4 77.1 77.1 74.8 72.2
82.9 80.4 80.9 82.5 82.6 83.8 83.7 84.2 84.0 83.7 84.2 82.6 81.2 80.9 83.4 80.1 81.7 71.3 76.7 78.0 79.8 82.2 81.0 82.7 79.3 78.6 78.0 79.7 80.3 80.0 82.8 80.4 76.0 81.0 80.9 83.0 84.3 84.7 87.5 90.9 92.4 96.9 94.3 96.5 93.7 93.1 95.4 92.0 94.0 94.5 94.8 93.2 92.0 89.9 92.5 89.8 91.8 92.5 92.8 92.4 92.7 91.7 92.6 90.0 89.2 90.3 89.6 87.8 87.7 87.8 89.3 87.1 86.8 88.4 89.1 86.2 86.6 80.6 81.1 79.1 79.8 76.4 75.9 70.3
83.9 83.8 81.4 80.8 82.1 83.0 84.0 84.7 84.1 84.2 82.9 82.6 81.7 79.3 80.4 79.3 79.1 68.2 74.1 77.5 80.5 81.1 78.6 80.9 80.1 80.2 78.2 80.4 79.0 80.8 79.8 80.7 79.5 80.6 85.1 83.2 82.1 84.7 88.0 89.0 90.4 97.4 95.2 96.0 93.8 93.5 95.0 93.6 93.2 96.9 94.0 91.5 93.1 90.0 92.2 90.2 90.2 95.7 90.6 94.6 92.8 92.3 91.8 89.6 91.0 91.5 90.4 88.8 87.4 88.0 89.7 89.0 87.6 88.0 87.7 85.7 86.4 83.4 80.8 79.7 79.9 75.5 76.5 74.2
79.1 82.6 85.1 79.2 83.5 81.9 84.1 82.5 85.1 83.2 84.2 82.9 82.1 78.8 79.4 77.6 78.6 68.4 74.4 76.8 78.8 79.7 83.7 80.5 78.4 83.2 77.1 80.2 77.4 79.9 81.4 81.3 80.7 82.6 83.6 83.6 84.1 85.0 87.9 89.8 93.0 99.3 95.3 94.5 94.9 93.7 91.2 93.6 94.9 95.0 93.4 90.3 91.5 90.3 88.2 90.2 90.0 93.6 94.0 95.8 94.3 92.8 91.5 91.6 89.3 89.9 88.7 88.4 90.3 88.5 89.1 89.2 88.9 87.4 88.6 91.0 84.6 82.3 77.7 80.6 81.0 76.7 78.0 77.3
82.3 83.5 82.4 81.5 83.6 81.6 84.3 83.3 82.9 82.5 85.4 83.1 81.3 77.8 76.7 76.7 76.0 65.8 73.2 75.8 79.1 79.3 82.7 80.9 83.0 82.0 81.9 80.6 76.3 82.6 83.6 82.4 84.3 82.5 82.5 84.5 84.0 84.7 87.9 89.8 87.4 96.2 95.2 96.7 97.5 92.2 94.9 93.3 93.4 93.1 92.9 92.0 91.9 88.9 90.0 89.7 90.3 91.6 93.5 96.1 95.6 91.6 93.4 90.5 88.0 91.1 90.9 90.0 88.7 89.5 89.3 87.1 89.7 88.3 88.7 85.8 81.8 84.4 76.3 81.7 80.5 81.2 80.2 84.2
83.9 83.5 83.1 83.7 83.6 83.4 76.9 82.9 83.4 84.9 84.0 82.9 80.3 77.1 74.4 76.8 74.5 66.2 71.3 74.5 79.1 79.7 81.6 83.3 81.1 83.7 82.1 82.8 79.3 82.3 83.4 82.7 83.9 83.6 84.6 84.5 83.9 85.3 87.4 92.6 90.0 95.6 96.6 99.7 93.2 92.8 95.5 92.5 93.5 92.9 92.1 91.3 91.0 89.2 88.6 89.1 89.8 89.3 93.0 95.8 93.9 94.3 92.5 91.8 91.9 90.5 91.9 89.8 90.2 91.0 91.6 90.0 89.5 89.9 85.5 86.6 78.6 84.6 76.7 82.7 84.6 84.9 85.5 87.9
84.8 85.5 84.2 85.0 84.8 83.3 83.8 82.5 84.5 85.2 82.9 81.1 78.8 77.1 74.1 76.0 73.3 66.3 71.5 74.6 79.2 79.4 80.5 81.6 85.1 84.4 82.7 84.2 79.1 83.0 83.3 83.7 84.4 84.8 84.4 87.0 85.5 86.3 83.4 88.8 90.7 95.1 95.8 95.5 93.2 93.2 94.3 92.6 91.6 97.2 91.8 88.8 88.3 89.4 87.4 88.5 88.2 88.6 92.0 94.2 91.4 95.0 92.8 93.4 92.3 90.3 91.5 90.7 92.4 91.1 88.9 91.4 89.7 89.7 87.8 85.0 78.8 86.1 77.5 85.3 85.9 89.7 85.4 89.7
85.7 84.8 87.8 85.0 87.2 82.7 82.3 82.5 83.8 84.7 83.1 81.2 80.2 76.2 73.5 75.1 72.6 68.1 70.8 75.3 77.7 80.3 87.0 83.8 82.6 83.8 82.4 83.7 80.3 81.7 82.3 84.0 84.9 85.2 86.1 85.9 86.0 87.1 86.1 90.8 92.1 96.1 95.4 95.0 98.4 92.6 91.4 93.0 94.4 93.5 94.3 90.2 91.6 87.7 86.9 87.3 90.7 87.3 91.5 97.5 95.3 94.8 90.5 93.4 90.5 90.3 94.0 91.3 91.7 90.7 89.9 90.6 92.2 89.9 88.2 85.4 78.1 86.2 79.9 83.8 89.1 90.6 92.4 91.1
88.4 85.3 88.9 85.7 87.8 85.3 83.1 82.8 84.9 85.6 83.7 80.9 80.7 76.2 74.2 73.9 68.9 68.1 76.8 74.5 77.8 78.4 82.4 82.2 82.8 84.3 82.7 83.3 82.3 82.1 84.1 83.0 83.9 85.5 85.6 87.0 83.7 87.0 88.2 90.9 89.8 93.9 95.4 94.8 94.5 92.0 90.7 91.9 96.4 92.0 95.0 90.6 89.8 87.2 86.1 85.2 84.0 86.1 88.3 92.1 91.3 94.2 91.5 92.9 90.8 90.2 91.2 92.7 90.9 90.5 90.2 90.7 87.2 90.2 87.6 85.4 78.0 84.4 80.5 84.5 90.7 91.0 93.9 92.5
85.2 85.7 87.9 87.5 88.5 85.1 84.4 84.1 84.1 83.2 82.1 82.2 80.6 78.8 74.0 73.5 69.8 68.9 72.4 74.1 78.0 79.0 81.1 82.1 83.6 84.0 82.8 82.4 82.6 84.6 83.2 82.7 85.4 85.5 86.0 85.3 85.1 87.1 86.7 88.3 91.6 93.2 94.9 95.5 93.6 89.3 90.9 90.6 88.1 89.4 93.4 88.3 92.2 85.9 86.6 86.6 86.1 86.0 86.2 89.5 89.7 94.7 94.0 93.5 89.8 92.6 92.3 92.4 93.0 90.7 91.2 90.7 90.2 90.8 84.5 82.9 80.7 83.8 80.8 86.4 90.6 92.4 93.4 91.1
