surveys/q10_1/matrix_q10_1s0.txt
north:            -502.50
south:           -1197.50
east:             2709.00
west:              -93.00
rows:                 141
cols:                 280
null:              -999.0
[rows 38 to 75 of 141, columns 84 to 167 of 280]
84.3 85.7 86.1 84.4 85.0 84.4 84.4 84.1 84.6 82.8 85.1 83.6 85.0 83.5 81.5 83.5 83.1 83.1 86.4 86.0 90.8 88.8 87.0 87.7 88.8 84.6 82.1 83.4 84.6 84.8 88.4 84.6 85.6 85.6 87.6 85.9 88.5 88.4 89.0 89.7 92.1 92.9 92.1 92.1 91.4 94.2 92.9 92.6 92.2 90.9 90.3 84.4 85.8 85.3 87.4 87.6 88.4 91.2 89.8 90.6 90.3 91.9 88.7 89.2 90.7 87.7 86.4 88.3 88.0 87.7 87.0 87.0 84.6 84.7 86.2 85.0 85.6 85.4 84.6 87.3 84.2 86.8 89.1 86.8
84.5 84.7 85.7 84.1 84.9 85.1 84.6 86.3 85.3 84.2 83.9 83.1 82.8 82.4 83.1 84.6 85.6 84.7 85.7 87.0 88.1 87.7 88.9 88.1 88.7 83.3 84.8 83.1 84.0 85.6 82.0 84.7 85.6 86.4 84.3 86.6 87.3 88.7 90.7 90.1 93.4 94.6 92.8 93.4 91.9 92.4 91.0 92.4 90.4 91.9 90.1 84.8 84.7 85.8 87.7 86.9 88.5 90.6 91.3 90.6 91.3 92.1 88.2 89.5 89.2 89.4 86.9 89.2 88.2 87.5 86.7 87.5 86.6 85.5 85.8 84.9 84.8 84.7 86.1 85.9 87.1 85.2 86.7 87.5
83.7 85.6 84.2 84.9 85.0 85.3 86.7 85.2 86.9 83.7 83.8 83.0 84.2 82.1 83.3 82.3 85.0 85.0 85.0 86.8 88.4 89.8 87.9 88.1 88.8 83.5 82.7 83.2 82.2 84.5 88.6 84.1 85.0 87.2 87.2 88.9 87.6 89.1 90.0 91.9 94.0 95.5 93.1 94.2 94.1 90.9 90.6 93.5 91.1 91.8 89.3 85.4 87.9 85.8 89.0 89.2 87.1 89.8 91.8 90.9 92.2 92.2 85.4 89.6 88.5 88.5 88.1 88.7 89.1 87.6 88.8 87.7 86.4 86.0 84.1 85.1 84.7 85.7 86.4 86.4 86.1 87.0 86.9 88.0
84.7 86.3 84.0 84.9 83.6 86.2 86.6 85.7 86.8 84.3 83.1 84.0 80.0 83.1 84.0 84.2 85.2 85.9 85.8 86.8 88.4 88.8 88.9 89.1 83.7 82.4 81.0 83.8 85.0 84.6 84.1 85.9 83.7 86.8 86.8 88.8 88.4 89.8 90.9 91.4 93.1 94.6 92.8 94.5 92.3 91.1 90.8 92.8 92.7 89.7 90.8 86.3 86.7 86.7 88.3 89.5 88.3 88.9 90.3 90.6 90.4 92.0 90.2 90.4 88.5 87.5 86.9 87.4 88.2 87.4 86.5 88.6 86.6 87.4 85.5 85.7 84.4 86.1 86.3 85.3 87.7 86.2 92.0 88.0
84.2 85.4 87.5 85.0 84.8 85.2 85.4 85.7 85.9 84.2 83.1 83.6 84.3 83.8 83.3 83.9 85.2 86.2 87.4 88.8 89.2 87.8 88.5 87.4 82.2 78.9 82.0 84.0 86.8 84.8 85.7 87.1 86.2 86.4 86.7 89.0 88.9 90.2 90.4 88.9 92.8 94.1 92.5 92.8 93.6 92.5 91.7 92.3 88.2 91.9 90.5 87.5 87.0 87.3 85.7 89.2 89.9 89.2 91.7 90.2 90.4 90.9 90.4 89.5 87.2 88.5 86.7 86.8 88.0 86.7 88.1 89.6 88.6 87.0 86.8 87.6 86.5 87.1 86.1 86.3 88.2 87.1 87.2 85.1
82.0 81.4 86.6 85.2 86.1 85.8 87.0 86.6 85.7 85.0 83.5 86.0 82.0 84.2 83.0 84.4 87.1 87.0 87.7 87.4 88.9 88.4 89.0 86.6 81.9 81.2 81.1 84.9 84.8 85.0 85.2 86.7 85.3 85.8 87.7 88.0 90.2 90.4 93.5 90.3 88.0 93.6 93.2 97.3 93.4 91.2 89.9 91.5 88.4 91.5 89.1 87.5 88.4 88.2 89.2 88.5 91.6 89.7 89.4 89.9 88.7 90.0 87.9 89.5 87.7 86.9 89.5 87.2 88.8 87.2 87.6 88.7 88.3 87.3 85.9 87.0 83.8 86.9 87.7 86.5 87.8 86.0 88.2 87.3
80.0 83.0 85.0 85.1 86.7 86.3 85.6 86.4 86.4 82.4 83.9 84.0 81.8 85.0 81.4 84.6 86.3 88.2 88.9 88.7 89.4 87.4 86.5 85.8 81.0 83.1 82.1 85.0 80.9 85.5 85.2 86.6 83.9 86.8 89.9 87.7 88.9 90.2 91.2 90.7 92.9 93.6 92.9 96.2 92.9 91.1 92.3 91.3 90.2 92.0 87.7 87.8 87.6 89.4 90.5 89.3 91.1 90.0 90.6 89.7 92.2 85.9 88.3 90.0 86.7 87.5 87.8 87.3 87.1 87.6 87.0 88.0 89.3 88.1 85.8 85.9 86.2 87.0 88.0 85.9 88.1 86.6 87.0 87.7
83.6 84.4 85.8 87.8 87.5 86.0 87.4 85.6 85.0 81.9 83.1 83.2 82.9 84.5 81.7 84.8 86.8 88.7 89.0 89.0 87.7 86.9 83.1 84.5 82.8 83.2 81.8 82.8 83.7 86.0 86.1 87.0 88.3 89.4 89.9 88.2 88.6 90.2 91.1 91.2 93.4 94.2 92.8 95.4 93.7 92.0 92.3 92.1 94.5 91.2 87.7 88.6 85.6 91.4 90.5 89.3 91.5 89.5 90.4 87.7 91.1 88.4 88.1 90.4 89.6 87.7 87.9 88.3 87.4 87.1 88.1 87.5 89.1 88.3 86.6 86.3 85.4 84.0 84.2 82.8 86.9 87.3 87.8 88.7
83.2 86.1 84.4 85.6 85.5 85.4 84.9 86.3 86.1 81.5 83.3 83.3 81.7 85.0 83.5 85.2 86.0 89.3 89.8 88.4 85.4 86.8 84.7 85.3 82.7 83.8 79.7 84.0 84.6 86.4 86.3 87.8 83.0 89.0 89.0 89.2 90.7 90.2 92.5 91.8 94.0 94.2 91.0 92.6 93.7 93.5 91.7 92.3 91.1 91.1 85.4 90.1 92.9 89.5 93.4 89.4 92.3 88.9 91.9 89.7 89.0 89.4 87.4 88.1 90.4 88.0 88.8 89.7 93.6 86.6 88.9 88.1 88.9 89.2 88.5 87.8 84.5 81.5 84.0 84.7 86.7 86.8 87.5 89.3
83.0 85.5 85.4 84.3 85.3 86.6 84.1 85.8 84.9 84.0 81.1 83.8 83.9 85.2 85.1 85.9 88.4 90.0 89.5 87.1 86.6 85.2 85.5 86.0 83.6 84.7 83.6 84.0 83.8 84.4 86.4 85.9 86.7 89.1 89.2 89.3 90.4 90.0 93.1 92.0 94.3 92.8 94.3 94.2 92.8 93.3 92.3 93.0 92.3 89.8 88.5 89.6 90.3 91.4 91.6 88.5 89.8 88.5 90.0 90.9 90.0 87.3 88.4 88.8 83.2 88.9 89.4 90.6 89.6 87.7 90.1 88.8 90.3 89.7 87.8 85.5 81.9 80.6 82.7 83.3 86.8 87.0 86.7 87.7
84.1 84.6 85.3 85.3 83.7 85.8 85.8 85.4 86.4 83.0 83.5 84.3 84.1 84.2 87.4 86.9 88.6 88.8 93.3 85.6 87.7 86.4 89.2 86.7 85.8 85.6 83.6 83.7 84.2 85.4 83.1 86.4 88.6 89.7 90.1 88.6 90.2 89.5 93.6 92.0 93.0 92.5 93.2 95.2 93.3 93.6 91.4 93.0 91.9 89.9 92.0 89.5 91.4 91.5 90.9 87.6 86.2 88.9 88.0 90.1 89.9 87.9 86.5 89.6 88.2 89.7 88.5 89.3 89.8 88.6 90.1 89.7 89.4 89.6 86.1 83.4 78.9 80.0 85.1 85.1 88.7 86.3 87.4 89.0
84.1 83.4 85.6 85.4 84.5 85.8 85.1 85.8 85.3 83.7 84.5 84.2 87.1 86.5 83.3 87.5 89.4 88.3 88.7 87.0 87.5 88.0 90.6 88.4 87.3 86.8 84.1 83.8 84.9 85.9 85.5 87.8 88.1 89.2 90.3 89.4 89.6 89.8 91.8 91.4 92.0 92.4 94.2 94.8 94.4 93.7 93.2 92.6 91.7 90.9 88.7 90.2 90.3 90.9 90.0 88.1 85.0 87.7 88.8 89.2 89.0 88.3 86.4 89.4 88.7 88.6 90.2 90.7 89.8 88.6 88.3 89.6 89.9 89.0 83.0 80.2 80.4 80.7 84.6 84.6 87.0 86.0 89.1 89.4
84.4 82.2 84.0 84.2 85.2 86.1 86.2 86.1 83.0 83.5 81.6 85.6 88.4 87.8 88.1 88.0 88.8 87.7 88.3 86.8 88.8 89.4 92.0 90.5 91.0 86.6 87.3 86.4 84.6 84.5 85.9 86.7 88.5 88.8 90.8 88.8 90.3 90.1 91.7 92.0 93.5 92.1 94.8 94.4 94.0 92.9 93.2 92.4 92.7 90.4 92.3 90.1 90.2 90.3 90.2 89.0 88.7 88.5 89.5 88.9 87.4 87.8 87.0 89.0 88.9 89.5 90.2 91.6 88.5 88.7 88.1 88.4 90.3 87.0 75.4 75.3 79.3 81.0 81.9 84.7 84.4 85.1 90.1 88.7
84.6 82.1 83.5 84.9 86.5 86.7 86.8 85.1 83.3 83.4 82.9 88.9 87.6 86.9 89.3 88.5 87.8 88.4 90.1 88.1 90.6 91.0 91.3 90.4 89.5 87.2 88.9 88.3 87.0 84.1 86.2 86.5 89.6 88.8 89.5 90.2 90.6 92.4 92.4 91.6 93.1 91.8 94.6 94.9 95.3 93.9 93.6 92.5 91.3 92.8 91.1 88.8 91.4 90.1 90.1 89.9 89.4 88.3 87.3 87.9 88.6 88.7 87.5 88.8 88.9 89.1 91.2 91.8 91.3 89.0 88.1 89.5 92.5 82.2 76.2 74.7 76.7 79.4 84.1 84.3 86.5 86.9 87.6 89.0
84.0 84.8 87.7 85.2 85.8 87.0 85.4 84.9 82.2 83.8 83.8 89.0 88.7 88.5 89.7 89.9 89.0 89.3 91.3 89.8 91.3 92.2 93.5 91.7 92.7 90.1 90.6 90.2 86.9 86.6 85.1 89.0 89.8 90.3 91.8 89.7 91.7 90.2 88.4 91.0 91.7 92.2 93.4 95.0 95.8 93.2 92.5 92.2 90.5 92.0 91.7 89.3 92.0 89.8 90.1 90.6 89.3 87.1 88.1 89.4 91.9 87.4 89.2 88.9 90.3 88.8 91.0 90.9 91.5 89.6 90.9 89.8 89.5 78.0 70.7 72.8 77.2 80.5 84.3 85.5 84.7 87.3 87.6 87.9
86.8 85.0 84.0 82.3 85.9 86.7 86.3 84.7 82.7 84.5 85.0 87.3 89.6 90.0 91.2 89.4 88.0 90.3 91.4 91.6 93.0 90.8 93.3 93.5 92.9 91.6 94.9 91.4 88.4 87.4 85.4 88.4 88.6 89.6 90.7 88.5 88.4 90.2 92.7 90.9 91.0 92.3 94.9 95.4 93.1 92.6 93.0 91.4 94.9 92.1 91.0 90.1 94.1 89.9 90.2 91.5 90.2 89.6 89.1 90.3 88.0 86.7 85.7 89.3 91.6 88.8 90.5 90.4 90.8 89.7 92.5 90.7 84.3 72.5 69.3 72.1 76.7 80.2 85.8 86.4 86.5 87.4 88.7 87.8
84.7 83.7 83.9 89.5 90.0 86.3 84.4 85.4 83.4 85.0 85.1 87.4 88.5 90.7 90.7 88.2 89.2 91.1 91.9 92.3 93.2 90.5 92.6 93.2 93.1 91.1 92.5 92.0 90.5 88.8 86.1 85.8 88.5 89.1 91.2 88.7 89.1 90.9 91.3 91.4 91.4 92.3 95.3 96.0 94.9 93.3 92.2 91.3 95.9 91.3 91.8 90.4 91.9 90.2 90.4 90.4 91.1 90.3 91.5 91.7 86.5 87.3 88.5 89.7 86.6 89.0 90.5 89.9 91.9 89.8 92.9 90.3 78.7 70.0 67.4 72.2 78.3 79.1 85.1 85.3 85.4 87.4 88.1 87.7
84.3 83.5 87.3 84.7 85.3 85.8 86.4 84.2 82.6 86.3 85.4 88.7 90.9 90.6 90.9 90.2 90.9 91.2 94.2 92.4 92.5 92.5 92.5 92.6 92.9 91.1 95.1 92.5 89.9 88.4 85.8 86.4 86.6 90.3 91.0 90.4 89.9 90.6 90.7 91.4 91.3 91.6 92.6 96.5 95.7 93.9 92.1 91.5 91.9 90.5 92.3 90.7 90.9 92.2 90.5 90.3 89.5 90.3 88.8 90.9 88.0 87.8 88.2 88.4 87.9 88.8 91.2 88.9 92.8 91.0 96.0 89.7 74.9 67.2 66.6 72.4 78.0 80.0 84.1 86.9 86.5 88.7 88.6 88.6
84.9 85.3 86.2 85.0 86.3 84.8 86.0 84.0 84.7 85.0 87.6 90.1 92.0 91.5 89.2 92.3 92.1 92.0 93.4 93.9 96.9 93.6 92.3 92.4 93.9 92.5 94.0 92.9 92.0 89.4 88.1 87.7 88.4 89.4 88.6 90.3 89.2 90.8 92.2 91.5 90.5 90.8 95.2 96.1 94.8 94.1 92.9 92.2 93.2 91.1 92.3 91.3 92.2 91.8 90.4 91.6 91.6 90.5 90.3 89.9 87.0 87.9 86.8 88.1 88.5 88.9 89.8 90.7 92.5 93.0 91.1 85.7 67.3 64.6 66.1 73.1 76.8 81.7 85.1 84.6 85.1 87.9 85.8 88.1
85.1 85.4 86.1 83.4 86.4 85.4 85.6 85.4 85.0 86.7 88.1 89.9 91.9 92.6 91.1 91.8 93.9 92.1 90.3 95.1 93.4 91.5 92.8 92.9 93.5 93.3 93.9 92.9 93.6 93.2 88.5 87.8 89.9 89.3 90.2 89.5 92.2 90.0 90.5 91.5 90.5 90.7 93.2 95.1 95.8 93.9 92.2 92.5 92.4 90.9 91.7 90.9 91.4 90.8 90.6 88.2 85.1 92.1 91.3 91.3 87.4 89.7 88.8 88.9 87.6 89.8 89.1 91.2 91.8 93.0 90.4 79.2 64.8 63.7 67.0 73.9 76.4 82.7 83.5 84.3 86.4 87.4 91.4 88.0
85.7 85.3 86.2 85.9 86.0 86.4 84.9 86.0 87.8 88.3 89.2 93.5 91.5 94.5 91.5 91.8 90.2 93.3 94.2 94.2 93.4 92.5 93.4 94.0 92.4 93.2 92.3 94.6 91.3 94.9 91.2 88.6 88.0 90.6 89.3 90.1 92.0 90.1 90.2 88.0 90.9 91.2 91.9 95.9 95.6 93.9 92.3 92.0 92.5 92.7 92.7 91.2 91.2 91.5 92.6 88.1 89.5 83.2 91.1 89.3 88.6 90.2 89.2 89.2 88.9 89.9 86.8 90.4 90.8 89.1 84.5 74.3 64.7 57.5 68.9 73.2 76.5 83.1 81.6 84.4 86.7 87.8 87.1 88.8
85.2 87.5 86.3 87.0 87.3 87.1 86.3 86.7 86.1 90.7 91.0 93.1 91.6 93.8 93.1 92.2 93.1 93.2 95.0 95.2 94.0 91.8 92.1 93.9 91.9 91.1 92.1 93.4 94.6 95.3 90.3 90.4 88.4 92.5 89.4 90.2 90.9 90.7 91.2 91.2 90.7 91.9 93.1 95.0 94.8 94.4 90.3 92.1 89.2 94.0 92.4 94.2 91.6 91.7 92.1 89.7 90.5 83.0 89.5 89.2 89.8 90.6 88.9 89.1 89.3 90.7 89.2 89.4 91.2 86.1 84.6 70.5 64.9 62.6 68.3 73.8 81.3 84.9 85.2 84.8 87.2 88.5 89.2 86.9
86.1 86.8 88.0 87.3 86.0 87.7 85.7 88.8 89.2 94.0 91.4 94.3 93.0 93.7 90.9 92.2 93.6 93.1 92.7 98.1 94.4 90.4 87.4 92.9 93.3 92.2 91.1 92.9 94.3 91.7 90.9 90.6 89.2 92.8 89.3 90.1 91.0 90.9 91.1 91.9 89.8 91.2 93.4 97.8 95.7 94.4 92.7 91.9 92.7 94.6 92.2 92.9 90.6 90.1 90.5 89.7 91.5 90.9 90.9 91.1 89.5 90.5 90.5 90.2 87.9 90.2 89.7 88.4 86.8 84.3 79.4 66.6 65.5 64.7 70.1 74.9 79.0 85.0 82.3 83.1 87.3 86.3 87.4 87.7
86.4 87.3 86.6 86.8 85.9 88.7 87.7 89.2 91.1 93.7 93.2 96.0 92.7 94.0 93.0 92.3 91.2 92.4 97.6 95.7 92.6 91.5 91.8 93.0 90.4 92.9 93.0 93.8 92.6 88.8 86.9 89.8 88.9 91.2 90.5 91.1 90.8 90.3 91.1 90.7 89.8 89.7 92.0 97.8 95.4 93.2 94.0 92.4 91.1 92.5 91.4 91.9 91.7 92.0 91.5 89.5 91.8 89.4 90.5 91.0 88.0 91.3 89.3 90.1 88.9 88.2 87.5 87.1 82.9 81.1 78.4 65.9 63.7 66.4 71.1 77.3 80.5 84.6 83.8 83.9 86.5 87.1 86.1 87.4
87.3 86.7 88.1 88.0 86.6 87.3 89.1 89.1 95.0 93.2 95.2 95.3 94.0 94.0 91.3 92.5 93.9 92.2 94.5 94.2 91.9 91.8 93.3 93.2 90.3 93.5 92.1 93.9 91.3 86.5 85.4 89.6 88.8 91.3 87.9 92.1 90.5 92.2 92.5 90.0 90.0 91.2 94.6 93.6 97.1 95.0 96.8 92.1 90.8 91.9 90.2 91.7 91.9 90.7 89.9 89.5 89.9 88.8 88.9 88.4 87.7 89.4 88.4 89.0 88.0 88.9 87.0 84.2 85.3 79.1 73.9 67.8 63.3 68.4 69.6 78.1 80.4 82.7 83.3 85.1 86.9 88.8 87.7 90.4
86.0 87.4 88.2 89.9 88.4 87.9 87.1 92.1 94.7 93.1 91.9 93.0 91.7 93.7 92.1 93.1 93.6 91.6 93.8 92.2 92.5 90.8 93.3 92.9 94.2 92.4 91.8 92.4 88.2 86.5 84.5 90.0 88.7 90.9 90.8 90.7 91.3 93.2 88.7 90.1 89.6 91.5 89.6 92.9 95.5 94.4 92.1 92.6 91.6 92.0 90.2 91.4 88.0 87.9 88.1 87.8 87.1 87.9 93.1 88.7 88.8 87.0 87.3 88.5 87.1 87.6 88.1 83.0 82.8 78.7 73.9 66.3 65.7 69.3 72.0 79.2 78.8 80.4 82.5 84.0 86.9 87.3 87.3 91.0
87.0 87.5 89.4 87.0 87.0 89.8 91.1 94.4 92.4 92.6 94.4 92.5 92.5 94.0 92.1 92.8 93.4 93.6 94.0 92.7 86.7 90.7 93.1 92.1 91.3 92.7 88.2 91.0 88.0 87.1 89.0 90.2 92.6 90.7 92.2 91.3 91.3 90.7 91.1 91.3 91.4 90.5 91.1 93.0 93.4 93.4 91.3 92.4 89.7 91.8 91.7 88.9 85.1 82.8 85.4 86.7 88.2 86.8 89.0 87.4 86.1 87.2 87.2 87.1 86.6 86.4 85.3 81.0 80.9 80.8 68.8 64.7 64.9 70.4 73.3 79.4 80.2 79.5 81.9 85.5 88.7 86.7 87.4 90.1
86.4 87.1 88.7 88.2 89.8 90.4 92.1 95.0 94.9 92.3 93.7 93.1 92.3 93.7 92.8 92.4 91.8 93.7 93.6 93.0 93.8 91.2 94.2 92.6 91.1 92.9 90.0 89.6 87.4 88.3 84.2 90.1 90.8 91.2 91.1 91.8 91.2 89.1 91.7 90.6 90.3 90.8 92.2 93.1 93.7 92.5 92.5 90.8 91.5 90.5 90.4 82.2 82.0 80.5 81.2 84.8 83.7 86.3 87.8 87.0 83.7 87.4 86.3 85.4 85.5 86.3 84.0 79.4 80.0 78.5 66.4 64.9 65.1 72.4 76.4 77.2 81.9 82.0 85.5 85.1 86.5 86.8 88.5 87.4
86.3 86.8 90.6 88.6 90.7 90.9 93.5 94.1 93.3 93.2 92.3 92.7 93.9 94.3 91.5 92.7 92.1 90.8 94.3 93.0 95.1 91.9 94.2 92.7 91.9 91.2 89.1 88.9 89.7 91.5 87.4 88.1 89.4 91.7 92.7 92.2 92.1 88.2 91.6 90.0 89.4 91.3 92.4 92.5 91.4 91.7 92.9 90.3 91.7 90.7 88.1 80.9 80.2 78.0 80.4 80.5 79.7 84.0 87.6 85.8 84.6 85.6 86.9 84.2 84.0 84.0 82.8 81.4 80.3 75.6 67.3 65.3 69.1 76.2 74.6 77.7 81.0 81.8 82.8 85.1 86.2 86.8 89.0 88.2
86.8 85.6 87.2 88.3 91.2 90.9 94.7 93.6 91.8 93.7 91.3 92.0 94.0 95.4 92.8 92.2 92.2 91.5 92.8 92.6 92.9 91.9 91.3 92.6 90.2 91.0 91.8 88.1 88.0 89.3 91.6 87.3 91.1 92.0 92.4 91.8 91.7 90.5 90.7 90.2 92.8 90.8 92.2 92.1 91.2 92.1 91.3 90.6 90.9 90.4 86.2 81.7 79.7 76.8 78.6 77.1 82.9 83.1 86.1 86.1 83.8 85.1 87.7 83.1 83.1 82.5 81.4 80.3 80.0 73.5 65.9 66.9 74.6 79.4 75.9 80.4 82.2 82.3 83.3 84.8 86.2 87.0 81.9 86.7
87.2 85.2 88.9 88.0 91.2 90.8 95.6 93.3 92.9 93.7 91.9 91.8 92.7 93.2 92.1 91.9 92.6 90.9 92.0 93.6 91.2 91.6 94.2 91.9 91.6 90.3 90.5 89.1 89.2 88.8 94.4 89.6 92.0 92.1 92.3 93.3 91.3 91.4 90.8 89.7 91.1 90.9 93.7 91.7 91.4 91.7 90.4 89.5 90.9 88.0 84.2 82.1 81.1 76.0 71.8 74.0 79.2 81.9 81.6 85.9 81.1 85.0 86.2 83.8 82.9 83.4 81.3 80.1 78.8 72.3 66.3 68.8 79.7 81.8 78.6 80.2 80.7 84.1 83.6 85.7 87.3 85.9 86.0 86.4
87.3 85.6 86.3 88.3 90.6 95.0 95.6 91.6 92.2 92.8 91.1 91.4 91.6 93.5 92.9 92.4 93.3 90.7 91.6 93.3 92.2 91.9 90.6 90.7 91.2 89.4 90.2 88.3 87.0 89.3 91.5 89.6 91.3 92.5 93.7 91.5 90.0 90.8 92.2 89.9 94.0 92.8 92.3 89.1 90.1 90.7 90.4 87.4 90.2 86.8 85.0 83.4 77.1 74.4 78.6 75.1 77.5 79.0 85.7 84.7 85.8 84.6 82.8 83.5 82.8 82.6 81.8 79.4 77.9 70.4 67.5 71.3 75.8 84.9 81.5 82.1 83.1 84.5 84.2 86.2 86.3 87.0 87.9 86.8
86.5 87.0 86.7 89.6 91.1 93.3 93.5 91.2 93.3 93.2 92.6 91.1 93.3 92.5 91.5 94.3 91.8 90.2 91.0 91.0 90.7 90.5 93.3 89.8 92.0 91.2 91.2 87.9 89.9 91.0 89.7 90.2 92.5 92.6 92.3 91.8 91.2 89.9 92.1 89.9 91.9 91.4 91.6 87.9 88.4 89.9 85.6 87.5 87.4 84.3 85.5 86.8 79.9 75.1 76.2 77.2 79.0 79.0 84.8 83.9 81.1 84.8 84.7 82.8 82.5 81.7 80.3 78.8 77.1 69.8 69.5 75.5 81.1 88.4 76.7 84.8 82.5 84.6 84.6 86.8 86.8 88.6 86.2 89.3
88.4 85.5 88.8 88.9 88.1 92.5 92.7 94.0 94.0 93.4 92.1 91.4 93.7 92.1 94.4 95.9 92.2 87.6 86.8 90.4 91.2 90.2 91.2 88.3 92.7 90.6 91.0 88.7 90.2 91.9 90.8 90.0 90.6 91.4 93.1 92.5 92.3 87.8 91.2 90.2 91.2 90.6 96.1 89.5 91.6 91.8 89.3 90.5 84.8 82.3 84.6 87.5 85.8 77.8 82.0 80.3 78.3 79.7 90.6 86.6 85.6 86.1 84.9 85.9 84.1 81.4 83.5 77.5 74.4 69.7 71.6 79.5 87.1 88.3 80.4 85.2 85.1 84.6 86.6 86.8 87.1 88.3 88.5 90.4
87.8 87.4 88.8 87.8 91.1 91.3 93.6 93.1 91.2 93.0 92.0 91.6 93.6 92.5 93.7 94.0 91.9 86.8 82.3 88.8 90.6 89.8 91.5 90.3 91.0 91.6 91.2 89.7 90.2 94.0 91.2 90.5 88.6 92.8 93.3 92.7 92.9 88.6 90.6 90.7 90.9 89.4 90.7 89.5 89.5 93.1 91.9 90.7 87.1 82.5 89.8 88.9 87.5 84.3 83.5 83.1 80.3 82.0 82.6 87.2 84.1 85.6 83.7 82.9 81.7 80.5 80.1 76.4 75.7 70.6 74.2 81.4 88.4 88.9 78.8 85.0 86.6 85.5 85.8 85.7 87.8 88.5 88.0 89.7
87.5 88.1 88.5 88.6 90.2 90.4 93.6 93.3 91.8 92.8 92.5 91.9 95.3 93.2 92.4 92.2 90.0 88.1 84.7 86.8 86.7 89.9 90.9 89.8 89.9 92.9 87.3 90.8 92.2 93.3 91.0 89.8 89.4 93.1 93.5 91.8 92.9 90.0 89.9 90.2 89.1 89.3 90.1 89.0 89.0 92.5 92.9 90.9 88.9 85.3 88.9 88.5 87.5 84.7 84.5 85.5 81.0 81.7 81.5 85.6 84.1 85.6 84.3 81.7 81.8 79.9 79.5 76.4 74.0 72.2 78.3 83.2 87.7 89.8 81.0 84.6 85.7 86.2 85.8 86.2 88.8 88.5 90.0 88.1
89.2 88.5 88.8 88.5 89.3 90.4 91.3 93.1 91.3 92.9 93.0 91.8 90.8 93.9 92.3 92.3 89.5 87.6 84.4 84.5 87.6 89.2 89.8 89.7 91.4 89.6 89.2 91.2 91.8 93.7 94.2 88.6 85.8 92.9 93.3 91.0 92.3 89.3 92.8 90.0 89.3 90.2 91.5 89.4 89.8 91.8 92.9 89.3 90.4 88.8 89.5 88.6 86.4 84.5 85.1 85.8 82.3 83.6 85.4 85.9 84.3 87.8 84.6 83.5 80.6 78.7 78.6 74.7 77.3 74.1 81.1 86.0 87.3 89.2 82.8 83.9 88.9 86.9 86.1 86.2 88.3 88.8 89.1 87.6
89.3 88.4 88.9 89.2 94.1 89.6 91.7 92.3 91.6 91.6 93.2 92.4 91.3 93.3 92.7 93.0 89.9 88.9 88.5 84.4 87.0 87.0 89.0 88.5 90.7 89.0 89.0 92.4 92.3 94.1 90.3 86.7 82.2 90.5 94.1 91.9 91.8 90.4 91.2 90.7 90.4 90.5 89.1 88.7 88.7 91.4 94.2 88.7 89.6 89.0 88.9 88.2 86.3 85.3 86.0 87.5 83.9 83.9 86.6 85.8 84.5 84.8 84.7 82.1 79.8 78.1 76.3 74.0 74.6 77.1 83.8 86.5 87.9 89.2 83.5 84.4 84.5 85.7 84.2 87.5 88.9 88.2 88.7 87.8
