surveys/q10_1/matrix_q10_1s1.txt
north:            -502.50
south:           -1197.50
east:             2705.00
west:              -93.00
rows:                 141
cols:                 279
null:              -999.0
[rows 38 to 75 of 141, columns 84 to 167 of 279]
89.3 87.6 84.6 87.3 86.9 86.5 88.3 86.5 87.9 87.6 88.8 86.0 85.7 82.7 83.7 85.3 81.4 81.9 81.2 83.1 83.0 83.7 84.6 82.2 83.0 83.4 84.6 83.8 87.4 87.2 89.6 88.9 90.7 94.5 91.4 91.3 89.7 91.6 91.3 92.3 91.1 91.5 90.1 88.4 88.8 85.1 88.0 87.6 84.5 88.0 87.7 88.1 87.2 87.9 87.8 87.3 86.8 87.5 89.8 88.8 91.1 94.4 94.8 91.2 91.7 90.9 92.3 93.7 90.8 90.2 90.2 90.1 88.8 88.9 89.7 87.9 84.2 85.8 85.3 89.2 87.2 88.5 86.9 87.4
85.5 90.5 87.2 86.9 88.6 88.7 87.5 88.2 87.5 88.0 88.7 86.8 85.4 86.1 85.5 85.5 81.8 81.8 82.6 83.7 81.2 82.3 84.0 83.2 83.2 83.9 84.2 85.2 89.2 87.4 90.4 89.4 93.5 92.2 92.4 92.1 90.0 91.2 86.5 91.4 91.9 90.9 89.3 88.9 88.1 86.5 85.7 89.3 86.2 88.1 89.0 87.4 87.1 88.0 87.6 86.1 86.4 88.2 88.7 88.3 93.5 96.2 93.9 91.3 92.2 92.2 91.8 93.4 89.5 89.7 92.0 90.3 89.4 88.2 88.4 85.7 85.0 84.5 84.9 88.6 84.9 87.4 87.7 87.6
86.5 89.9 89.1 87.3 87.9 88.5 87.3 89.1 88.8 88.5 89.1 87.7 86.1 86.3 83.8 85.5 82.1 79.3 82.0 81.6 82.5 84.4 83.9 83.3 83.6 83.1 83.5 85.2 87.8 88.1 90.6 89.4 90.3 90.8 90.8 91.5 90.1 92.1 89.6 90.8 90.9 92.0 88.6 89.2 87.9 88.4 86.3 88.9 86.0 87.3 87.4 88.7 87.2 88.9 89.5 85.9 84.9 87.5 89.3 87.5 91.0 92.9 93.2 92.2 90.4 93.6 93.1 92.4 91.5 89.9 90.0 90.3 89.0 86.7 84.9 84.0 84.4 83.1 85.4 86.2 85.4 86.2 84.1 86.2
86.5 88.0 89.5 88.6 88.3 88.8 86.7 87.8 91.7 87.7 89.2 89.8 84.7 86.0 85.6 83.9 82.7 78.3 79.5 79.6 79.9 84.5 82.5 82.5 84.6 82.8 86.1 86.2 88.3 88.0 89.0 91.2 92.6 91.1 90.5 91.2 91.2 90.7 88.9 92.0 93.5 89.2 88.6 89.1 89.1 88.3 86.2 90.1 90.4 88.7 86.5 89.5 88.6 89.7 85.6 87.4 86.4 86.0 88.2 86.4 92.6 89.4 91.2 91.9 89.9 90.7 93.0 91.6 92.8 90.7 90.1 91.7 91.4 84.3 84.7 84.4 84.1 83.0 82.8 82.3 83.6 85.5 85.0 85.1
85.4 87.7 88.8 90.6 89.2 89.7 81.0 89.9 83.3 87.3 88.2 90.8 87.9 87.8 84.2 81.1 80.4 77.5 79.4 79.2 80.0 80.3 82.3 80.6 83.2 82.7 86.5 86.7 87.4 87.2 87.9 87.7 90.6 89.7 90.9 91.1 93.1 92.4 91.4 92.1 92.6 93.0 90.5 89.1 85.8 87.3 89.0 91.4 88.8 88.2 88.8 89.6 89.2 89.3 88.1 86.7 87.0 86.4 87.8 86.4 86.7 87.4 90.2 91.5 90.6 88.5 91.8 90.1 91.9 90.2 88.9 92.0 92.0 85.2 86.9 87.2 83.5 81.4 81.1 80.0 83.4 83.8 80.9 84.9
87.7 88.4 90.4 89.5 89.3 86.9 86.5 90.8 86.8 89.9 90.6 89.8 89.3 88.1 84.3 79.2 79.5 79.3 78.6 79.9 79.1 82.9 82.9 82.1 79.6 82.1 86.4 86.4 86.6 87.0 89.5 89.3 91.0 90.7 91.3 91.6 92.8 92.8 90.3 93.2 92.2 94.8 88.4 88.5 87.4 86.3 87.2 90.4 87.7 89.6 85.7 89.1 88.1 89.6 95.1 87.0 88.7 86.6 88.9 86.8 85.9 87.8 89.4 91.3 93.0 90.6 90.2 91.3 94.3 90.1 88.8 91.6 90.7 85.7 84.8 85.2 81.0 79.6 81.1 79.3 81.5 80.9 81.1 81.8
86.8 89.3 92.1 88.7 86.9 88.0 87.7 90.3 91.3 90.5 90.0 89.6 86.8 87.0 82.1 79.8 79.8 80.9 79.9 81.4 81.6 82.8 83.1 82.0 83.2 81.9 86.8 85.2 89.1 86.9 89.4 89.9 91.9 90.8 91.8 92.2 92.8 93.5 91.8 91.8 93.5 93.0 90.3 90.9 88.7 87.0 88.5 91.1 89.5 90.7 90.9 90.3 89.5 90.4 90.8 88.9 87.4 86.2 89.2 85.2 86.2 85.4 88.1 90.1 90.6 90.7 92.8 91.2 90.1 88.9 89.3 91.5 89.8 86.3 90.5 81.0 80.0 77.2 79.0 78.5 81.1 81.7 81.1 81.1
87.7 89.4 89.4 88.4 88.3 88.9 88.1 90.1 90.9 91.9 89.8 88.4 87.4 83.4 79.4 80.3 82.6 83.5 82.1 85.6 83.2 83.7 83.8 83.3 82.6 82.0 86.0 86.5 88.4 87.2 91.6 91.7 90.3 91.7 90.7 92.5 92.1 93.6 90.7 93.5 90.6 89.6 91.3 93.3 85.3 89.0 87.6 91.9 89.0 90.4 91.1 90.4 90.1 91.0 90.2 90.0 85.6 87.2 88.0 86.4 87.0 87.4 85.5 89.8 91.6 90.8 92.3 90.7 88.9 89.1 90.3 91.0 86.6 85.5 86.1 79.6 74.9 76.8 78.9 79.1 82.0 82.9 81.1 81.5
87.4 86.8 88.0 88.0 90.3 89.0 86.5 90.0 89.3 90.8 89.6 87.9 84.7 81.7 79.9 83.0 84.5 85.8 84.8 88.4 84.6 85.3 83.3 84.8 83.4 83.9 83.3 86.4 87.9 88.7 90.1 89.4 91.4 95.1 90.7 92.4 91.5 90.4 90.6 91.6 90.3 91.4 95.2 91.6 88.6 91.6 87.0 92.1 89.7 91.2 91.6 89.3 90.7 90.4 91.7 90.4 88.5 86.7 88.2 88.2 88.7 87.5 86.1 89.7 90.4 91.1 91.7 86.1 86.9 88.4 87.3 90.7 87.0 90.4 82.1 73.0 75.0 77.0 79.7 79.5 80.7 83.1 80.1 83.2
86.4 86.3 91.3 88.7 86.5 88.2 90.5 90.2 88.9 90.4 90.1 86.7 83.4 82.4 82.4 84.8 87.2 88.0 91.1 90.9 87.4 87.3 87.1 85.7 86.8 83.7 87.5 85.9 87.2 88.6 90.0 88.2 91.2 94.6 90.5 92.2 91.9 91.1 92.1 90.9 87.0 93.0 90.5 90.5 88.1 93.5 90.7 92.2 94.8 93.5 91.7 91.7 92.5 91.1 90.6 91.0 91.9 85.9 88.8 89.0 86.4 86.1 86.2 87.5 89.1 91.4 89.0 86.3 93.4 90.1 86.1 88.4 84.5 87.3 80.8 71.2 73.6 77.5 73.3 79.7 81.5 83.0 80.2 83.5
85.9 87.4 87.5 89.5 89.0 88.3 89.9 90.4 88.5 91.1 89.1 84.9 82.2 83.2 83.0 86.7 88.3 88.3 92.6 89.0 88.3 89.4 89.3 88.5 86.8 84.6 86.4 85.6 86.8 87.1 89.7 88.6 89.9 93.9 92.2 90.9 91.4 90.9 90.7 89.5 88.6 92.8 86.2 91.5 88.3 94.6 93.1 92.2 93.1 93.8 93.8 92.7 92.0 92.9 88.7 91.1 92.8 90.8 90.2 89.6 88.7 86.4 84.9 86.4 87.3 89.0 90.2 87.2 89.7 90.4 88.0 87.5 88.0 85.5 81.2 69.5 73.3 78.2 81.2 79.1 78.1 83.4 80.2 83.5
87.5 88.3 88.0 89.0 88.2 89.7 91.5 89.2 89.8 91.2 90.1 82.5 82.6 84.1 81.7 88.4 88.9 89.4 89.7 88.7 88.4 90.1 87.5 87.3 88.8 86.7 87.8 85.6 87.5 86.6 90.5 90.5 91.5 91.7 93.3 91.5 90.7 90.3 94.5 89.6 90.1 93.5 92.5 91.9 90.2 93.1 90.4 95.0 93.1 93.4 90.6 91.6 93.2 94.7 90.3 93.2 92.0 91.0 88.8 90.4 88.7 89.5 86.8 85.8 87.3 87.0 89.4 89.5 87.4 90.2 88.5 87.4 87.9 82.5 73.4 70.6 72.7 78.2 80.1 79.1 82.6 82.9 80.9 81.7
88.2 88.3 87.7 88.8 89.3 88.6 88.7 88.9 90.6 92.9 90.6 83.1 82.8 84.5 88.3 90.8 91.1 89.7 88.7 90.5 86.3 90.2 89.8 91.6 89.7 87.7 85.4 85.6 86.8 87.0 90.9 89.8 91.1 91.0 90.8 91.5 90.0 92.0 93.1 89.8 92.9 93.3 98.5 91.6 93.1 93.5 92.5 94.4 93.9 91.5 93.7 90.6 91.5 91.4 90.4 91.9 91.4 92.1 90.7 91.0 91.6 89.8 86.4 84.9 87.1 85.2 90.3 89.7 91.3 88.5 88.3 88.5 88.2 79.7 73.8 69.3 70.8 77.3 80.2 81.9 82.0 82.1 81.4 82.3
87.5 87.6 87.3 88.7 90.2 89.4 84.4 92.4 90.3 90.4 89.1 83.2 82.9 86.4 88.0 90.1 89.1 91.0 87.8 90.9 87.1 89.8 90.8 87.4 89.4 86.9 88.2 85.8 87.6 87.0 90.1 89.1 93.6 91.2 91.8 91.3 89.2 93.5 92.6 88.1 90.6 91.3 92.7 91.8 92.3 92.0 90.4 93.7 94.4 94.5 92.7 94.4 89.9 91.9 92.7 91.8 91.3 90.8 90.7 90.6 95.0 89.9 87.4 84.0 86.0 84.6 90.9 89.0 90.7 88.4 87.4 89.1 85.5 77.3 70.7 69.3 74.7 78.3 81.2 81.6 80.8 84.2 78.7 82.7
87.0 87.1 90.2 88.3 90.4 88.8 89.9 89.9 91.3 90.8 89.6 86.5 83.1 87.8 90.5 90.9 86.4 92.6 87.6 91.0 86.9 90.0 92.5 93.5 89.4 89.5 90.4 86.4 88.3 87.2 92.0 88.3 90.8 90.7 91.3 91.8 89.1 93.8 91.3 90.7 91.0 92.2 94.1 92.5 95.8 96.2 92.4 94.4 95.1 94.3 90.5 94.0 89.7 91.8 91.7 92.6 91.6 90.6 90.2 91.3 93.9 90.4 88.4 85.8 84.9 84.6 86.3 89.8 90.4 88.0 88.9 89.7 76.6 72.7 70.1 71.1 75.1 78.6 81.7 81.6 84.2 83.7 83.2 84.1
87.2 86.8 87.4 88.2 91.0 89.2 88.1 90.0 88.6 90.6 88.4 86.5 83.6 88.3 90.1 92.2 91.6 91.7 90.2 93.7 92.1 91.9 91.0 91.0 90.9 90.7 92.0 88.4 88.9 87.8 87.8 88.2 91.6 90.2 90.0 91.4 92.3 89.4 90.5 91.2 91.1 93.6 92.7 93.8 94.5 94.4 94.8 92.7 93.4 93.8 91.3 94.6 92.1 88.9 92.6 92.9 90.2 89.8 94.2 91.6 92.7 91.7 89.2 88.7 85.0 84.4 84.2 89.9 90.4 86.9 89.5 88.7 82.1 70.0 68.3 70.9 75.6 80.8 84.2 82.3 84.1 83.8 82.0 82.9
87.1 86.4 87.9 88.6 90.1 90.4 89.8 90.7 90.3 90.8 91.0 86.7 84.8 88.3 90.5 94.1 88.9 91.5 90.1 91.9 91.8 92.6 89.9 90.9 93.0 94.5 92.3 89.7 90.9 87.4 88.6 88.9 92.0 89.7 88.7 91.3 92.0 88.2 90.6 89.8 91.5 93.0 93.2 97.4 95.2 95.0 92.8 93.8 93.7 94.2 93.2 93.8 92.5 92.9 93.2 92.8 92.8 92.5 92.3 91.3 94.4 92.0 90.8 89.1 87.0 83.8 83.4 89.3 91.7 90.0 87.0 88.0 79.2 68.8 68.0 71.9 77.0 81.3 83.5 83.9 83.2 85.4 82.7 85.2
85.7 86.0 88.7 89.1 90.7 91.3 89.5 89.9 90.7 91.5 91.5 87.0 85.2 89.5 91.1 94.1 90.6 92.3 89.5 91.4 91.0 92.1 91.6 91.6 96.0 95.9 93.9 90.9 90.8 88.4 90.6 90.8 93.3 89.7 89.0 91.2 87.2 91.1 92.2 90.8 93.4 93.1 96.1 97.2 96.3 96.3 96.4 93.6 93.0 95.5 93.6 93.0 93.2 92.4 93.2 91.5 91.5 94.5 90.4 90.1 92.8 92.4 90.9 89.7 87.4 83.4 82.6 85.6 93.2 90.2 86.2 83.8 76.6 68.5 68.2 72.4 77.2 81.5 84.3 84.7 84.6 85.3 85.4 86.6
83.9 88.9 89.4 89.0 89.7 91.4 88.0 91.3 91.2 91.3 87.3 88.7 88.6 90.0 91.3 93.8 93.0 92.6 92.0 91.0 90.8 92.7 93.3 91.9 93.3 91.8 91.1 91.4 90.9 88.7 89.2 91.1 92.2 89.8 89.8 90.9 93.7 92.1 94.6 92.0 95.7 92.6 95.2 97.7 94.7 96.3 94.2 93.5 92.1 95.1 95.3 92.9 92.0 92.3 92.1 92.8 89.3 94.6 93.9 89.9 92.7 94.4 89.9 91.5 87.7 83.7 82.5 83.6 90.2 88.7 83.1 81.2 71.6 65.1 70.6 73.8 76.8 81.2 85.0 85.2 84.3 85.4 85.9 86.9
88.8 88.8 89.7 88.9 89.5 91.2 89.4 90.9 91.0 90.4 87.5 87.7 88.7 90.9 90.7 93.5 91.8 93.5 93.5 95.6 94.4 93.6 92.7 92.4 92.7 91.3 92.2 91.7 92.5 89.8 89.5 91.4 92.1 89.3 91.2 91.8 91.7 92.8 92.9 92.4 92.6 96.1 95.3 96.7 91.5 96.5 95.1 93.4 92.2 94.8 94.8 92.5 91.5 95.9 95.0 90.7 92.8 90.4 89.6 90.0 92.9 94.7 91.1 92.6 91.7 85.5 82.2 82.8 89.0 87.7 86.6 79.2 69.5 65.2 70.8 76.6 80.1 81.6 85.5 85.3 87.1 86.0 83.6 88.6
85.4 88.8 90.0 88.9 89.7 88.4 89.7 91.2 91.7 90.3 88.6 88.3 91.5 90.9 92.9 92.5 91.7 92.1 93.4 91.9 93.4 94.6 91.2 91.8 93.1 91.3 92.3 92.7 92.3 90.6 92.6 92.7 94.0 89.9 92.4 92.1 89.6 93.2 91.7 93.4 92.2 94.9 95.0 95.7 95.7 96.2 96.0 94.7 92.7 94.5 94.4 91.9 93.2 97.5 90.7 90.5 92.7 91.5 92.9 90.7 90.9 90.9 93.1 92.0 92.6 85.2 82.5 82.7 84.7 87.0 88.8 79.3 70.4 65.2 69.9 77.2 80.2 82.0 86.5 86.7 86.0 87.3 88.3 89.4
86.1 88.3 90.4 89.3 92.3 91.0 91.1 91.6 88.6 90.5 85.9 89.0 91.8 91.4 92.8 92.7 92.5 91.9 93.7 92.0 92.9 92.6 91.8 92.6 90.8 94.7 92.9 93.5 91.9 90.7 91.9 90.3 90.7 90.9 92.0 92.6 92.9 94.1 94.3 94.2 93.5 93.3 95.1 95.5 93.9 95.3 95.4 94.7 91.9 94.3 94.2 93.5 95.5 92.0 92.4 91.3 93.6 91.1 91.2 92.0 91.6 90.7 89.5 91.5 91.1 89.7 86.1 85.7 83.7 84.4 88.4 80.1 67.7 66.0 71.3 80.8 79.9 82.4 83.6 86.2 86.5 87.3 85.4 89.6
89.0 87.9 90.9 90.1 89.5 91.8 92.4 92.3 90.6 90.8 89.5 91.7 92.0 91.7 93.2 93.3 93.5 93.1 92.9 93.0 91.6 91.9 93.5 91.9 89.4 94.1 94.5 92.8 92.4 90.7 92.0 89.5 92.2 91.3 91.6 94.7 92.6 93.7 91.6 93.1 94.1 94.4 95.3 95.1 95.6 96.3 95.0 97.3 92.3 93.6 93.0 93.3 97.8 92.8 92.3 91.9 94.0 91.3 91.8 92.0 91.7 90.7 91.4 92.2 91.0 89.3 86.4 83.3 81.7 84.6 85.6 80.9 70.4 66.6 70.7 83.1 79.6 83.1 84.4 85.1 86.6 89.3 87.6 90.1
86.5 86.3 90.4 89.0 91.0 92.4 90.6 92.9 90.8 90.8 90.7 91.5 92.7 92.9 93.8 93.5 89.4 94.1 93.3 93.7 92.5 92.3 92.4 90.9 91.9 93.0 93.5 91.9 90.9 88.3 91.1 91.2 92.1 90.4 92.8 94.9 92.1 93.2 92.7 93.8 96.9 95.1 95.1 94.1 95.8 96.8 94.0 93.4 92.2 94.7 96.9 93.6 91.2 93.3 92.8 91.5 95.4 91.0 91.0 91.0 90.9 92.2 92.0 92.5 91.1 89.6 87.6 82.7 82.4 86.6 84.3 81.4 74.2 69.6 73.0 85.7 83.0 85.3 84.1 86.8 86.9 88.2 87.1 90.1
87.0 89.8 90.2 88.8 92.7 91.7 89.4 91.9 91.9 90.6 90.1 91.7 94.2 93.0 93.0 92.6 91.0 93.0 93.6 94.1 91.8 90.8 91.3 91.0 91.7 93.0 92.9 91.8 92.5 88.7 90.8 89.8 91.0 92.2 93.6 93.3 92.5 93.4 93.5 93.2 97.6 95.8 93.3 91.8 96.0 97.0 93.6 93.1 92.5 94.1 93.8 93.4 92.5 94.3 91.6 89.8 91.4 90.5 90.9 90.3 91.1 89.6 90.3 92.2 90.0 89.8 91.8 82.4 81.9 82.4 84.4 81.6 74.5 72.5 74.4 89.3 85.8 85.7 86.6 87.1 86.8 86.5 90.0 88.3
87.0 90.7 89.0 91.1 89.9 91.9 92.5 92.0 91.3 89.0 89.1 92.3 91.5 93.6 92.5 92.0 93.7 92.2 93.1 94.2 91.5 90.2 92.3 93.4 92.4 94.0 92.2 92.1 92.4 88.0 90.2 91.4 91.6 96.0 88.9 93.3 93.6 95.2 92.8 93.5 93.7 95.9 94.8 94.3 95.5 96.7 92.9 93.2 92.0 93.6 95.0 92.9 92.8 93.8 92.5 91.3 91.8 90.6 90.6 89.9 88.5 89.0 91.1 94.0 90.1 91.7 88.3 81.5 80.6 81.9 83.1 76.5 72.8 75.0 81.4 88.7 84.7 89.7 86.5 87.3 88.9 86.7 91.1 88.8
87.5 89.5 89.6 92.6 90.0 92.6 91.5 92.1 93.2 91.2 90.6 92.3 95.4 92.9 93.1 91.2 91.6 92.6 93.6 93.6 90.2 90.9 90.8 93.3 93.8 92.3 89.7 90.4 88.8 85.4 90.4 91.5 91.2 94.6 93.0 94.1 93.9 94.1 92.4 95.4 94.4 95.0 97.5 94.3 93.7 96.2 92.8 93.6 93.3 93.6 92.2 92.8 92.8 93.0 92.4 91.7 91.7 91.9 91.2 90.0 89.7 88.4 89.5 92.9 90.9 89.1 90.2 82.0 83.0 79.7 83.5 76.3 74.5 77.7 84.1 88.0 83.3 87.3 84.9 87.1 88.1 88.4 90.8 89.5
88.5 89.1 88.5 91.7 90.6 92.5 91.8 92.1 93.6 89.3 92.4 95.2 95.8 94.0 92.2 91.8 91.7 91.9 91.9 93.0 92.3 90.7 91.3 92.7 92.4 91.3 94.3 89.3 81.7 86.7 90.6 90.6 90.6 93.2 93.1 94.1 96.0 93.4 95.4 94.4 89.6 93.6 93.9 94.2 93.9 96.2 95.0 94.1 93.8 94.0 90.7 93.6 92.6 90.1 92.9 91.4 93.9 90.5 91.0 88.8 89.6 88.6 89.2 91.0 90.5 85.9 90.7 86.1 84.5 80.1 83.7 70.6 75.2 79.4 87.6 89.4 88.2 85.8 86.8 88.1 88.3 90.1 90.5 89.7
88.1 88.9 91.5 91.6 92.1 91.9 92.3 91.7 88.7 92.0 92.9 93.0 93.3 93.8 93.3 91.6 93.1 90.9 89.5 91.4 93.5 90.8 92.0 91.6 91.8 89.8 92.7 89.6 85.9 86.7 91.4 87.9 92.2 92.9 93.1 91.5 90.3 92.3 92.9 92.8 94.2 94.0 93.3 93.9 95.5 95.2 95.2 94.3 91.9 91.5 92.4 92.6 91.7 84.4 91.8 90.0 92.7 89.8 89.1 89.6 89.6 88.1 88.7 90.3 90.8 91.3 89.0 86.6 82.7 80.4 82.8 70.0 76.3 82.5 91.1 89.4 90.2 85.7 84.1 88.9 87.2 89.8 87.0 89.4
89.5 89.1 93.4 91.4 91.6 93.7 92.4 91.4 90.3 91.9 93.1 92.7 94.1 93.5 94.0 91.7 92.7 90.1 91.4 92.7 92.6 92.3 91.8 91.4 92.7 89.8 91.5 88.8 90.0 87.5 88.1 83.3 94.2 93.1 94.3 92.0 92.8 94.1 92.8 94.4 93.9 94.5 91.4 92.7 94.6 94.2 95.5 94.1 92.5 93.6 91.4 91.6 92.7 91.1 91.4 89.9 90.8 88.9 90.7 90.8 88.7 87.5 86.0 90.0 90.9 92.5 91.8 80.7 83.5 80.8 82.1 68.7 76.4 87.3 88.5 89.9 89.3 86.5 88.1 90.0 89.2 89.7 89.2 89.9
90.8 90.0 90.8 91.5 91.7 96.4 92.0 90.6 91.0 91.8 92.9 92.7 92.9 93.9 91.6 91.7 92.5 90.2 91.3 92.0 92.6 93.2 91.3 89.3 88.5 89.9 90.5 88.5 89.2 86.7 89.4 88.4 90.5 94.1 93.8 92.4 92.6 94.4 94.3 94.0 94.2 93.3 95.2 92.9 93.1 94.7 95.6 94.7 93.5 92.7 90.4 92.0 92.6 91.8 90.6 90.7 92.8 90.3 91.3 90.8 90.0 87.4 87.0 88.8 91.2 91.9 89.3 81.2 84.4 82.5 80.9 70.5 74.1 88.9 89.5 90.1 87.9 87.5 87.7 90.0 87.6 89.2 88.9 90.6
89.9 90.8 88.6 92.4 92.3 93.3 91.5 90.8 90.8 91.8 93.2 92.7 91.6 92.4 92.3 91.5 91.0 89.6 89.3 92.7 87.5 91.9 90.8 92.7 90.0 90.9 89.0 88.3 89.0 86.6 89.9 89.9 94.3 94.9 94.1 92.4 92.0 94.9 93.6 93.7 92.5 92.2 93.6 93.0 92.7 94.7 95.0 96.8 91.8 89.9 92.5 92.5 96.2 91.0 91.6 90.5 92.5 90.1 89.9 90.3 89.6 86.9 88.5 89.7 90.4 87.0 86.1 78.6 80.0 82.9 82.0 73.5 78.4 90.1 89.1 90.2 86.5 86.7 88.3 87.9 88.0 90.2 88.6 91.2
90.2 92.3 94.7 92.6 90.8 92.2 91.8 91.1 88.6 93.4 91.6 93.3 92.9 90.1 93.3 92.1 92.8 88.2 88.2 92.8 92.8 90.3 90.2 91.6 92.4 90.7 90.2 88.3 90.5 87.9 90.3 89.2 95.5 94.3 96.7 88.9 94.5 94.6 95.0 94.0 94.3 97.7 91.9 93.0 92.3 94.3 93.9 94.5 90.4 90.6 90.5 93.3 92.4 93.4 92.2 91.0 89.4 88.9 88.5 90.0 88.1 88.6 87.4 86.8 89.5 86.4 80.5 78.3 77.7 81.7 80.1 75.7 83.7 91.5 89.6 88.3 84.1 85.8 84.0 87.6 88.5 88.5 89.1 90.3
90.8 91.8 93.0 94.8 95.2 93.6 92.4 91.8 89.0 94.3 94.0 93.6 93.5 91.4 91.5 91.9 91.1 87.2 87.0 92.7 91.1 90.8 90.5 90.4 91.5 92.4 89.0 91.6 89.8 90.0 90.3 89.1 93.1 92.2 94.7 91.8 93.3 93.0 94.1 91.9 93.6 92.9 92.1 94.7 91.8 93.0 94.8 93.8 91.5 90.9 91.5 93.2 91.2 91.2 94.6 93.9 90.4 90.2 88.5 89.0 89.0 89.0 88.2 84.8 88.3 85.8 80.9 77.2 75.0 78.6 80.5 76.8 78.5 90.9 89.5 89.4 77.0 86.3 90.6 88.0 86.4 88.1 89.4 91.3
90.9 92.7 91.4 91.9 94.2 94.0 92.8 92.3 89.4 96.3 92.4 93.6 94.6 91.7 92.6 92.3 90.0 84.9 81.5 91.0 91.3 90.2 89.9 90.1 92.3 92.3 85.9 91.9 91.0 90.3 91.1 88.7 92.4 93.4 92.6 93.2 92.6 93.2 93.6 92.5 94.1 91.9 92.1 92.5 92.8 91.4 92.0 93.3 89.6 89.8 92.4 92.1 91.8 91.0 91.4 92.5 92.8 90.3 88.2 88.7 89.9 87.2 88.8 84.5 85.5 79.7 80.6 75.9 75.0 73.2 75.7 77.0 87.0 91.6 89.4 89.1 83.8 86.1 85.9 88.5 85.0 89.2 87.8 90.9
90.4 90.5 95.0 90.4 93.4 92.7 92.5 92.2 88.6 92.8 90.6 94.5 93.0 91.4 93.6 92.2 88.0 87.4 84.5 86.8 91.2 91.3 90.7 91.4 89.3 90.5 90.5 93.1 89.6 91.4 89.7 87.3 91.9 92.3 94.7 92.4 92.4 93.3 94.3 92.4 91.0 92.0 91.3 92.8 93.3 91.3 93.6 92.6 92.4 90.5 93.6 92.5 92.3 92.3 92.6 91.7 92.3 91.1 88.5 89.5 90.2 89.9 88.7 86.0 82.1 79.8 80.6 77.3 74.0 72.0 73.6 78.9 90.5 92.1 90.5 87.5 84.9 85.2 81.5 86.3 86.7 88.0 88.1 89.6
91.3 92.0 92.3 92.4 92.7 92.4 92.3 93.0 93.3 93.2 95.7 95.6 91.6 92.2 91.8 92.1 83.6 88.2 84.4 83.8 86.5 88.7 91.1 89.5 94.0 91.7 90.0 92.4 93.3 93.6 90.4 87.2 92.0 90.9 92.7 92.5 93.2 93.7 92.9 93.6 96.0 92.6 92.7 92.2 94.7 92.0 97.0 93.8 90.6 90.2 91.6 92.6 91.4 92.8 93.3 90.5 92.3 89.5 89.6 90.9 91.1 90.1 88.5 86.8 84.9 80.8 78.1 78.5 75.9 77.3 77.1 81.3 91.6 96.3 89.7 86.8 85.4 86.5 87.0 87.9 86.0 87.7 88.0 90.5
90.6 91.7 92.5 94.4 94.1 91.0 92.2 92.3 91.2 93.1 93.7 94.2 92.0 93.0 91.6 91.4 87.1 89.8 87.1 82.8 86.2 87.3 90.8 87.3 91.7 88.5 89.1 89.5 91.8 93.8 89.6 88.5 91.9 93.6 93.9 93.8 93.1 94.1 92.3 94.9 93.4 90.7 94.2 91.6 90.1 93.3 94.3 93.2 89.9 90.4 92.1 92.6 90.4 95.0 91.8 91.5 89.1 90.3 92.2 87.1 88.2 88.7 87.4 90.9 81.6 81.4 80.5 80.5 76.4 81.8 82.9 88.8 92.8 93.2 91.1 89.4 85.5 85.6 87.2 88.4 86.7 87.6 89.7 89.9
