surveys/q10_1/matrix_q10_1s6.txt
north:            -537.50
south:           -1247.50
east:             2697.00
west:              -93.00
rows:                 144
cols:                 279
null:              -999.0
[rows 76 to 113 of 144, columns 168 to 251 of 279]
89.3 86.0 87.5 83.6 85.0 87.5 85.6 88.2 87.1 84.0 86.4 87.5 94.1 90.1 91.3 90.2 89.9 90.9 91.3 91.9 92.3 94.0 88.5 90.1 92.2 89.0 85.1 89.6 85.4 86.7 86.0 88.7 86.7 91.3 86.9 88.9 86.4 82.1 81.7 75.8 76.3 87.4 89.4 86.5 85.7 88.1 86.9 87.7 88.0 91.3 91.3 88.6 90.0 91.6 94.4 88.9 90.0 89.4 89.8 91.9 93.4 91.8 89.9 94.0 90.7 89.2 89.9 89.5 90.3 91.5 92.8 91.8 91.0 89.3 92.1 90.1 88.3 89.7 90.3 86.5 87.0 79.2 75.2 77.3
87.1 85.3 85.6 84.8 87.0 86.4 86.0 87.8 86.9 88.3 85.6 89.4 93.9 92.4 87.9 90.4 88.6 90.3 92.5 91.6 92.5 90.6 88.1 89.9 90.6 86.8 86.5 89.3 88.0 87.2 84.7 84.4 88.1 90.2 91.2 88.6 87.2 80.7 77.5 77.1 74.9 86.1 88.1 86.6 85.8 88.2 89.5 88.2 87.3 89.1 90.7 87.7 94.5 91.7 93.7 90.7 89.8 89.0 86.2 93.9 93.6 93.4 95.6 92.9 91.6 89.2 89.5 88.7 89.1 90.7 91.6 88.0 92.4 88.0 92.6 89.7 89.8 89.1 91.1 88.7 85.3 83.7 77.8 81.7
84.3 83.7 85.3 86.2 84.8 85.4 85.8 87.0 87.1 89.2 85.0 88.9 92.8 91.4 89.5 88.8 89.7 91.0 93.1 92.8 92.1 89.7 90.1 90.1 88.9 84.5 84.9 88.2 87.7 89.2 80.7 82.0 86.7 88.4 88.6 88.1 83.9 82.4 76.5 78.6 76.0 80.8 87.2 87.8 83.6 88.7 84.4 88.1 89.3 87.1 90.5 90.6 89.3 90.4 92.9 91.0 89.8 89.3 87.3 94.4 93.4 94.3 92.3 93.4 91.0 90.2 90.8 89.1 88.0 89.3 91.7 90.4 92.0 89.7 92.1 90.0 89.5 90.7 88.3 86.9 85.4 84.4 83.0 84.2
86.4 84.7 82.8 89.3 84.9 85.8 83.3 87.3 88.6 88.4 86.2 91.2 90.6 90.9 90.0 89.1 90.7 89.9 89.3 92.6 91.3 88.4 90.9 91.1 89.2 82.5 87.6 88.6 85.3 91.0 82.7 83.8 86.5 87.5 86.4 87.4 82.7 83.2 77.6 79.9 75.6 77.9 87.5 88.3 87.0 87.7 88.4 88.4 89.5 86.7 90.8 90.7 90.5 91.3 92.2 92.0 88.9 89.5 86.0 93.8 94.0 93.8 92.7 94.1 91.2 89.8 91.4 89.5 87.3 89.5 88.9 90.8 92.5 88.3 91.8 90.1 94.8 92.8 92.4 85.6 88.1 84.6 82.5 85.0
86.1 85.0 83.4 87.7 86.5 86.8 85.1 87.2 87.5 88.7 87.6 93.0 90.2 90.9 90.8 90.3 90.4 90.5 92.2 92.9 91.3 86.9 91.7 90.3 85.4 82.8 88.9 88.5 89.4 90.8 87.1 85.4 87.6 88.3 87.1 86.4 85.3 84.0 78.4 81.5 78.6 75.5 84.0 87.6 83.5 87.0 87.9 88.0 89.0 88.8 91.7 88.2 90.1 90.9 94.3 92.5 89.5 89.5 88.0 94.1 93.3 93.4 94.9 94.3 90.8 89.0 91.0 88.9 86.9 88.3 89.9 89.7 92.2 90.2 90.0 91.3 92.5 91.5 87.5 82.0 84.1 83.8 84.0 86.7
84.5 84.4 85.8 87.2 86.1 86.3 85.7 87.0 88.4 89.6 86.8 95.1 90.4 92.2 91.5 90.4 93.5 91.5 91.0 92.7 88.3 87.3 91.7 90.7 86.1 83.6 89.9 88.1 90.0 91.2 87.7 88.2 85.9 87.2 88.1 85.3 82.8 84.8 83.1 83.0 82.5 72.9 85.8 87.0 88.4 86.1 87.5 88.2 89.4 88.2 91.2 89.5 87.9 90.1 99.4 92.4 88.8 89.0 89.3 95.4 92.0 92.7 95.1 93.1 94.0 90.0 91.6 89.1 88.0 89.4 88.8 89.0 92.5 91.2 91.4 90.3 93.4 89.1 83.8 85.1 84.3 83.8 86.3 86.0
85.7 85.1 85.3 87.1 85.2 85.6 83.2 88.0 88.5 87.3 86.5 94.0 90.1 91.9 92.2 91.3 91.0 91.3 89.9 92.2 90.9 89.0 90.6 90.8 86.0 85.3 91.5 88.3 89.9 90.8 89.8 91.1 89.3 86.7 83.7 85.5 85.0 87.3 84.3 80.0 83.9 73.4 84.8 87.4 87.7 87.0 87.6 88.4 89.2 88.9 91.1 88.4 86.5 88.9 91.5 91.0 89.4 88.6 89.0 95.0 92.6 92.6 95.2 91.4 86.5 91.5 89.7 89.9 88.7 88.8 88.0 89.0 91.7 91.7 90.6 89.6 93.9 87.4 82.8 84.2 86.0 83.7 83.8 85.9
84.1 83.9 84.1 86.8 85.1 84.6 87.5 90.1 86.8 79.9 89.6 92.7 92.0 88.7 90.5 92.8 90.7 91.7 90.1 92.6 90.2 88.5 89.0 88.8 84.1 89.0 89.0 92.0 92.2 92.3 89.3 92.0 87.0 88.5 82.5 84.2 87.6 87.1 82.1 81.5 83.2 73.9 83.8 88.8 85.9 87.9 85.7 86.9 89.0 89.1 91.6 89.1 89.9 88.0 91.3 91.2 91.3 90.2 93.9 93.8 92.3 93.3 95.3 90.8 91.4 91.7 90.4 88.6 90.9 90.0 87.7 88.1 92.8 92.1 89.9 89.5 90.2 85.1 83.2 83.2 83.4 84.4 84.3 85.5
83.6 83.3 84.4 86.3 85.2 86.1 87.9 90.1 88.4 81.8 89.5 92.8 89.5 89.6 92.4 91.4 90.1 92.3 94.2 92.9 87.5 84.3 87.2 89.4 82.7 93.4 90.8 92.4 90.8 91.3 90.7 92.8 87.7 87.0 83.9 86.2 87.0 86.7 89.7 85.4 82.8 74.3 83.4 86.6 85.5 86.1 90.4 85.5 85.7 88.9 89.7 88.8 88.5 86.2 91.1 92.8 87.9 90.5 93.6 93.6 93.8 92.9 92.6 91.4 94.4 89.8 87.0 87.9 90.1 90.2 88.7 88.9 93.3 92.0 92.3 90.6 90.2 80.3 83.8 83.5 83.2 84.7 85.2 85.8
85.9 82.2 84.6 86.1 84.2 87.7 85.7 89.1 87.7 87.6 91.8 92.0 90.2 92.3 90.2 91.2 91.2 93.9 92.6 89.3 88.9 87.4 86.0 86.8 82.9 92.2 89.6 92.8 94.0 91.5 89.5 92.6 85.6 85.5 83.5 86.1 87.3 87.7 91.0 84.9 81.2 77.1 81.1 84.7 87.0 86.9 83.7 85.1 86.4 90.0 87.9 88.2 86.9 84.5 91.1 92.7 91.7 90.3 93.5 97.1 91.7 92.2 92.7 92.8 92.1 88.9 88.4 87.2 92.9 89.9 90.4 90.3 91.4 92.3 89.5 90.6 90.5 82.8 84.8 82.8 85.5 84.7 86.1 86.3
86.2 82.3 85.0 86.8 84.8 88.5 87.7 87.9 88.0 87.3 91.8 89.8 91.7 91.8 91.6 92.0 90.3 92.7 94.2 90.8 87.7 87.3 85.6 86.5 87.3 91.6 96.2 93.9 93.8 92.1 94.7 92.6 85.4 84.5 83.3 85.9 86.9 90.1 87.8 84.9 81.6 79.3 77.1 85.5 84.9 87.7 94.4 84.9 88.4 90.7 89.8 88.0 82.7 87.7 91.1 91.9 91.5 90.2 93.0 93.3 94.2 91.5 92.5 93.5 93.1 88.9 88.8 87.8 90.2 89.6 91.4 90.9 91.0 91.6 91.0 86.8 83.8 84.2 83.0 83.8 85.5 83.1 88.2 85.9
88.7 84.0 84.8 86.9 86.4 88.5 87.8 89.3 90.6 88.4 94.4 89.0 93.9 91.3 93.5 92.7 90.7 92.2 92.9 90.2 87.8 86.8 84.7 87.4 89.6 91.7 91.3 94.0 91.5 92.1 90.5 92.3 87.2 84.6 83.6 87.5 86.9 91.0 89.1 85.4 84.1 80.8 71.6 83.5 84.3 86.7 87.1 86.3 88.2 89.4 89.6 89.9 87.0 87.1 91.8 90.7 87.8 91.9 94.4 94.9 94.0 90.3 92.1 91.1 94.5 89.2 92.3 88.9 90.8 90.6 94.7 89.8 89.8 91.7 90.0 84.7 83.2 83.5 83.2 83.3 84.7 82.6 86.8 86.1
84.8 85.6 85.3 86.6 87.6 87.4 85.8 90.3 91.7 90.4 94.7 91.3 92.2 91.9 90.7 93.0 92.5 89.8 92.6 88.5 88.8 86.9 87.0 89.3 93.3 92.2 90.7 93.4 91.3 91.0 90.4 91.2 85.7 83.8 84.4 88.2 88.9 89.7 87.2 86.4 82.2 80.6 70.3 82.7 85.7 86.2 84.3 87.5 86.5 88.4 91.0 89.6 87.8 84.8 92.8 90.5 92.7 91.1 93.9 95.4 92.9 88.8 92.7 91.8 90.9 89.3 89.7 89.3 91.0 91.0 92.8 88.9 90.6 91.0 86.9 83.6 80.9 80.4 82.9 83.4 82.0 86.6 84.1 89.5
84.6 85.9 85.4 86.9 87.6 87.3 87.2 89.3 90.0 89.9 92.7 91.3 93.4 92.5 90.8 93.7 93.4 91.9 93.1 87.8 88.1 86.5 87.7 91.2 90.5 91.9 91.2 93.3 90.9 89.7 92.2 90.9 82.0 83.1 88.0 86.0 85.9 89.1 87.7 86.9 84.1 81.1 73.1 81.5 84.0 85.2 85.4 86.4 85.8 88.7 88.9 88.7 89.8 85.1 90.5 88.8 90.9 90.4 94.3 92.4 94.7 92.2 92.1 92.3 88.6 89.5 90.8 88.6 90.6 90.8 91.1 88.7 89.5 88.0 86.3 80.7 82.5 81.0 79.8 83.8 85.2 86.0 89.6 84.9
81.9 84.9 85.7 87.1 86.7 88.0 89.1 90.5 86.9 92.1 93.4 91.9 90.4 92.8 94.0 94.3 92.1 92.0 90.5 89.1 87.8 86.8 87.6 91.8 92.7 92.1 90.1 93.9 89.1 89.4 90.7 91.5 85.3 84.1 87.0 85.8 86.1 88.7 89.0 87.6 83.3 82.1 72.6 78.7 82.4 84.2 85.4 84.5 89.8 88.7 88.4 88.8 87.7 84.4 88.2 88.1 89.8 90.9 94.8 92.3 94.6 92.7 92.7 92.4 91.5 91.4 91.9 88.4 89.5 89.5 90.9 88.3 83.8 85.2 82.0 80.9 81.5 82.2 82.7 84.3 84.0 84.6 85.8 87.2
87.2 83.3 85.8 87.6 88.2 89.4 85.4 91.3 91.3 94.1 93.2 91.2 91.7 92.9 91.3 94.5 90.7 89.0 92.8 88.2 87.8 88.5 92.1 91.7 91.3 93.2 89.3 92.5 91.2 89.5 91.1 91.1 83.6 84.6 87.8 86.0 91.7 88.5 88.4 87.2 83.8 84.1 70.4 75.1 84.5 83.6 85.8 84.8 83.9 85.9 90.6 88.6 87.9 85.3 86.4 88.0 89.6 91.2 93.8 92.8 94.2 92.7 91.7 91.8 90.8 93.2 91.1 88.3 90.0 88.0 87.6 88.3 85.1 84.0 79.2 81.0 83.0 80.8 82.9 84.2 86.5 84.9 87.4 87.0
83.1 85.1 84.7 88.5 89.8 89.9 90.8 91.3 91.3 94.6 91.9 91.5 93.0 93.7 92.7 93.2 89.6 88.3 87.8 88.0 89.2 89.3 92.4 93.6 91.6 93.8 91.8 93.3 90.0 89.0 91.3 89.0 84.4 85.5 89.1 87.6 89.4 89.4 91.2 85.6 86.2 84.4 73.6 72.5 84.5 84.0 85.9 84.8 86.1 86.2 89.9 88.8 88.0 85.3 86.6 87.8 92.0 89.5 95.0 91.2 97.1 92.6 92.9 90.9 93.2 91.1 88.2 88.3 87.6 87.5 85.5 84.9 85.4 82.3 77.9 83.5 83.7 84.4 80.5 84.3 89.7 85.5 88.3 86.2
84.9 85.2 90.2 88.0 88.8 90.6 90.2 88.9 90.2 93.7 93.3 93.4 93.6 91.9 92.1 93.0 89.7 89.0 86.6 88.8 85.3 89.3 92.8 93.8 94.4 93.8 91.6 92.2 89.5 87.1 89.2 86.9 83.2 87.6 88.3 87.9 89.6 89.8 87.6 85.8 87.3 83.8 75.3 71.1 82.1 82.6 85.9 88.7 85.2 88.9 89.3 89.6 88.1 84.6 85.6 86.0 91.1 89.3 90.1 91.2 92.8 93.5 94.0 91.2 88.5 90.8 88.8 87.3 88.8 86.0 84.9 83.2 85.0 81.1 81.8 82.7 83.8 83.4 84.7 85.2 88.7 86.1 87.0 86.7
83.6 85.9 88.6 87.7 87.3 91.2 88.8 92.8 90.0 95.2 90.4 92.9 93.6 94.7 92.0 93.2 85.9 89.3 88.7 90.1 86.6 90.6 92.1 92.8 91.1 94.4 92.0 91.9 83.2 84.1 90.6 88.2 84.4 89.0 88.0 87.9 90.1 88.9 83.8 86.3 87.8 84.8 81.9 68.5 81.6 75.2 86.0 87.5 84.4 88.0 89.4 92.5 90.0 85.8 85.2 84.0 89.3 87.7 90.5 91.6 93.2 92.0 92.5 92.2 90.7 91.3 87.1 84.8 86.3 84.1 83.9 82.9 82.1 80.6 78.9 80.6 81.1 82.6 83.4 86.5 87.4 86.0 85.6 87.4
84.9 86.9 85.6 88.8 90.0 92.2 90.9 91.4 89.6 96.8 90.7 91.7 94.4 95.8 92.0 90.8 86.3 89.4 89.2 90.1 89.1 88.8 91.0 92.7 93.3 94.2 93.0 93.7 88.5 86.6 90.8 88.3 85.3 87.6 88.3 89.5 88.9 88.8 91.3 86.3 87.0 84.5 81.7 69.9 79.9 81.9 87.4 87.3 86.6 85.4 89.6 90.4 94.2 87.8 86.7 85.1 88.7 90.8 87.9 87.8 92.9 89.7 96.7 89.9 91.4 87.7 86.8 83.3 84.1 84.9 85.3 80.6 81.0 79.8 80.3 79.6 80.1 84.0 85.0 85.5 89.2 88.5 87.6 87.1
83.4 85.9 87.0 88.7 89.3 91.7 91.4 91.6 90.6 95.6 93.6 93.6 94.2 94.0 88.8 90.0 87.9 88.3 89.2 88.7 87.7 88.3 92.1 93.9 95.8 93.3 93.8 92.5 88.0 88.4 90.0 87.0 89.8 87.2 90.4 90.1 89.0 89.0 90.6 86.6 89.0 86.5 84.1 70.8 70.1 82.2 83.5 84.3 86.6 86.5 88.1 88.7 89.8 87.4 86.2 85.2 87.3 89.3 87.0 86.6 92.6 91.9 91.4 94.6 92.0 85.0 82.3 82.0 85.2 84.1 83.5 78.8 79.2 78.3 80.7 79.7 85.1 83.9 85.4 86.6 88.7 89.2 87.1 86.7
83.9 84.7 88.2 89.3 91.1 89.8 91.6 92.3 91.2 93.8 91.4 95.2 94.2 92.3 87.2 90.2 87.6 88.3 89.0 88.5 86.9 88.3 90.2 94.7 91.8 94.8 90.9 91.7 88.9 88.3 90.4 83.2 90.3 85.9 90.5 89.2 89.9 89.2 90.8 87.6 89.3 86.9 83.7 73.9 72.1 82.1 83.0 84.8 85.6 86.1 89.3 88.5 87.5 87.8 85.8 84.7 86.8 88.5 85.2 86.4 89.4 93.1 92.7 91.7 86.6 83.0 77.0 80.8 82.4 83.9 81.7 75.9 81.5 78.0 80.5 81.0 82.3 82.8 87.8 88.8 87.2 87.3 88.6 87.8
86.8 86.7 87.1 90.5 86.6 91.3 89.7 92.4 92.7 91.9 91.9 94.0 93.7 91.3 86.5 90.3 89.8 88.9 87.0 88.9 88.8 88.5 89.4 95.1 91.8 94.7 92.3 91.0 88.1 87.8 86.2 86.2 90.0 88.5 88.0 87.5 92.0 91.1 88.5 88.0 90.8 88.3 85.2 76.8 71.9 81.7 83.2 85.8 84.3 85.5 89.7 89.5 87.5 87.3 85.0 83.0 87.6 87.4 85.9 85.8 88.3 91.3 91.3 87.7 85.8 82.0 81.5 79.6 82.7 82.4 82.3 76.6 80.7 78.4 80.9 81.4 85.3 83.9 86.4 87.7 87.6 86.7 90.0 88.0
84.9 86.6 88.3 89.3 91.3 89.9 91.7 91.3 91.9 92.0 92.9 93.9 92.9 91.6 88.9 89.3 88.2 91.2 89.1 89.7 87.0 89.4 91.7 96.1 94.0 94.5 92.9 91.3 86.7 84.6 85.4 88.9 89.6 90.9 87.6 87.1 93.9 91.7 91.5 86.6 90.7 89.5 88.4 79.3 68.8 81.7 82.2 83.8 85.0 85.4 91.7 86.6 87.2 85.7 83.5 81.8 79.9 84.2 89.1 85.5 87.0 85.7 87.8 83.6 83.3 82.0 79.3 79.8 82.3 79.6 79.3 78.1 80.8 79.3 82.4 82.5 85.8 85.6 86.4 87.6 84.3 87.5 89.5 86.1
84.1 85.8 86.6 90.1 92.1 89.8 90.4 92.0 93.2 93.0 92.8 95.2 93.0 89.5 86.0 89.3 90.4 92.7 88.7 91.6 87.7 90.8 91.2 95.2 91.9 94.3 95.7 90.6 86.9 88.6 86.3 86.5 93.0 91.8 88.7 87.9 91.0 91.6 91.0 91.5 94.4 90.6 89.5 81.3 68.7 80.2 83.2 85.2 85.3 84.2 89.9 88.8 89.6 85.2 83.9 79.1 81.6 81.7 88.9 84.5 84.4 82.3 85.6 81.4 80.9 86.2 84.8 80.7 78.6 80.3 76.4 79.4 80.7 81.6 82.5 83.1 82.3 85.6 87.6 86.5 89.3 88.6 89.7 87.5
84.5 88.5 86.6 88.9 90.0 92.0 92.5 93.5 94.1 92.2 92.7 93.7 91.6 88.3 88.8 91.2 92.3 92.3 90.1 90.7 88.9 91.5 90.9 93.7 92.1 93.3 91.4 88.9 88.6 90.4 87.6 86.8 88.9 88.6 91.1 91.0 92.3 91.6 91.9 90.9 91.4 87.5 90.2 84.9 69.9 77.6 82.4 85.3 84.6 83.0 88.2 89.1 86.0 86.0 83.2 83.3 81.7 80.4 87.4 83.0 81.5 78.4 80.7 80.5 82.9 85.7 86.7 83.9 80.5 79.5 80.2 80.0 82.5 80.8 84.4 82.8 85.6 83.6 87.7 85.0 87.8 89.4 86.5 87.8
86.6 86.7 87.5 90.4 89.3 94.3 90.7 94.3 94.1 95.5 93.3 91.3 92.7 87.0 89.6 92.0 92.8 92.1 91.5 91.1 93.0 92.4 90.0 94.3 91.6 94.2 93.6 88.5 89.8 89.2 90.5 87.9 90.1 88.2 89.8 90.2 89.8 92.8 89.7 91.3 92.4 92.1 91.0 87.7 70.3 76.3 81.0 83.7 83.2 86.0 87.5 88.5 88.4 86.6 86.3 82.6 82.4 77.3 84.8 78.6 75.7 72.8 77.3 78.7 83.1 84.2 86.8 87.7 81.5 80.9 80.7 81.2 82.9 80.9 85.1 84.1 85.7 84.1 87.7 84.2 86.1 87.6 89.4 87.5
86.7 86.3 89.5 90.3 89.4 91.8 90.9 93.9 94.7 95.3 93.0 90.3 94.8 89.6 91.1 94.2 93.3 92.6 91.6 90.7 91.1 92.9 91.8 95.1 93.8 92.7 93.9 91.0 90.2 89.5 87.6 88.0 87.9 88.8 90.4 90.2 94.2 92.0 93.2 90.9 89.5 90.5 91.7 90.8 73.5 77.6 82.8 82.9 83.8 85.0 86.7 84.5 88.2 86.6 86.7 82.3 80.3 76.0 79.7 78.2 72.2 67.7 73.0 76.3 81.1 83.7 87.2 87.2 83.8 82.4 82.0 82.4 84.0 83.3 84.2 85.4 86.6 85.3 87.5 84.7 87.3 86.7 89.1 87.2
84.9 87.0 86.9 90.0 89.9 92.0 91.0 95.2 97.0 94.4 92.5 92.4 92.0 91.0 92.8 93.9 91.9 93.3 89.9 92.4 91.6 92.5 93.4 94.9 94.0 94.2 90.8 89.9 90.2 89.8 89.4 87.0 88.5 88.5 91.4 90.5 91.5 91.0 91.2 89.2 90.1 90.0 92.1 88.4 76.2 72.5 78.1 83.6 84.3 84.5 87.9 86.3 86.1 83.2 87.1 84.4 80.9 76.5 83.6 70.0 66.7 67.3 69.2 74.6 79.4 83.5 86.0 85.1 85.2 85.7 83.9 82.4 83.8 82.9 84.4 84.7 86.8 85.5 87.4 85.6 86.6 86.0 84.7 87.4
85.9 88.1 87.1 89.1 90.5 92.2 92.5 95.1 98.3 94.0 94.3 94.2 92.1 90.6 92.0 92.4 92.2 94.2 92.4 92.0 90.6 92.4 92.9 94.1 96.5 92.3 93.4 89.6 89.9 90.4 89.7 87.4 88.0 87.9 90.1 91.6 90.5 91.0 91.2 88.1 88.5 89.6 91.3 87.7 81.9 71.0 79.9 85.1 83.4 82.4 87.6 87.7 88.5 86.0 87.4 85.8 82.1 77.8 78.8 68.2 65.2 66.1 68.1 70.1 77.5 81.7 84.5 82.9 86.4 83.0 85.0 81.8 83.2 83.1 83.0 85.5 84.6 86.0 88.7 87.0 86.0 87.0 87.2 86.5
85.1 87.5 87.2 88.8 90.0 91.8 93.5 95.5 93.8 94.2 93.3 91.6 89.8 89.4 91.9 93.7 94.0 94.2 90.8 91.7 91.0 93.5 95.7 94.4 94.2 93.4 92.0 90.4 88.5 90.4 89.1 87.4 87.4 87.9 88.4 89.3 91.2 90.9 90.3 86.1 88.4 91.5 90.1 90.3 82.9 69.7 80.9 83.9 82.7 81.6 89.6 87.7 88.5 86.9 86.9 85.2 84.1 78.7 78.1 64.9 64.7 63.6 68.5 68.7 74.3 79.3 79.7 82.4 86.4 83.8 84.2 83.5 83.9 81.8 85.0 85.1 85.7 85.8 83.5 85.7 87.1 85.6 87.3 85.9
86.3 87.4 90.2 91.2 92.4 91.4 93.4 95.9 95.6 94.1 95.8 91.1 91.3 89.1 89.6 94.5 93.5 93.6 91.0 91.5 90.6 93.2 93.4 95.6 96.2 94.1 89.9 92.6 93.7 89.5 88.6 87.8 88.2 89.3 89.6 87.9 91.6 89.4 87.9 88.2 88.2 90.3 89.9 89.7 85.1 69.5 79.9 84.0 82.6 81.0 85.9 89.3 89.2 88.1 89.2 85.1 82.7 77.6 72.4 64.7 63.6 63.4 65.2 68.0 73.0 76.9 80.7 82.0 86.1 83.1 82.7 85.1 82.9 83.5 85.4 84.9 85.1 85.0 87.4 86.0 89.1 85.0 86.6 83.4
84.8 88.1 89.7 90.8 90.8 92.4 94.5 96.5 92.8 93.7 93.7 92.5 89.0 90.3 93.2 94.2 94.8 94.1 93.1 92.1 90.2 91.6 93.4 96.4 94.0 92.8 89.3 92.6 93.6 90.0 89.7 88.6 91.6 88.5 90.5 89.9 92.2 86.8 87.8 87.6 87.8 90.0 93.1 89.2 86.6 69.5 78.3 83.6 80.9 80.5 88.9 89.8 88.1 87.7 91.2 85.8 87.8 77.0 71.4 61.7 64.3 63.7 63.0 66.5 68.0 74.8 79.1 79.3 86.1 82.6 85.0 84.2 84.1 84.2 85.6 85.2 84.1 85.0 85.7 86.1 85.7 84.4 85.7 84.4
85.2 89.0 87.1 88.9 93.6 91.2 94.3 96.3 98.5 94.7 95.3 92.3 89.5 90.5 93.5 94.0 94.7 95.9 93.4 92.7 92.9 93.2 95.6 95.5 94.3 93.8 89.9 91.3 91.7 90.1 88.7 88.3 89.0 87.9 90.7 90.3 93.9 86.5 89.0 88.4 88.9 90.0 92.7 87.8 87.5 69.8 77.6 81.2 80.7 80.3 86.4 86.8 91.2 86.6 88.8 86.8 86.5 76.3 68.7 64.0 64.7 64.3 64.8 65.5 69.6 73.1 78.6 80.1 82.8 83.3 84.7 83.2 84.4 84.1 83.8 83.6 82.3 85.6 85.4 85.1 85.0 85.6 85.2 84.8
84.4 88.8 89.9 89.0 89.6 91.6 96.6 94.7 96.8 96.3 91.4 93.0 87.1 94.5 94.0 94.5 94.5 94.5 91.5 93.3 93.8 94.3 94.4 95.4 95.3 94.5 91.7 92.4 93.0 88.6 90.6 86.9 89.0 88.7 90.7 88.8 91.1 86.1 86.4 87.6 90.5 90.2 89.1 87.7 88.0 72.5 73.8 80.8 81.0 81.7 84.1 86.8 91.3 86.6 88.2 86.3 87.2 73.8 67.1 66.1 64.3 65.0 63.3 64.2 68.4 71.7 76.3 76.2 84.6 82.7 82.8 81.2 81.9 83.7 83.6 84.4 86.2 85.2 85.8 84.4 83.1 84.1 83.2 85.2
86.6 89.1 89.8 91.1 91.4 92.0 94.0 94.3 95.7 94.8 94.0 93.9 91.1 96.4 94.0 97.6 93.9 94.5 92.8 93.3 94.0 94.5 91.9 95.4 92.1 92.8 92.1 93.5 91.7 90.2 91.2 87.6 91.4 90.2 90.0 88.2 87.2 83.7 85.7 88.7 92.4 90.0 91.6 87.3 89.8 76.0 72.4 80.6 82.5 80.4 83.3 89.4 93.8 88.4 86.4 86.0 83.0 70.6 65.6 67.2 67.0 68.7 61.8 64.5 64.0 69.6 74.6 75.1 81.2 81.3 82.8 81.8 82.2 83.8 83.5 82.0 85.6 84.4 84.8 86.2 83.6 85.6 82.4 83.0
85.7 89.8 85.2 90.9 93.7 92.0 93.8 94.0 95.7 95.2 95.6 93.9 90.7 93.5 93.2 97.5 93.7 95.8 92.1 93.3 93.8 93.8 91.5 94.9 93.7 93.4 92.3 95.6 90.0 90.0 88.2 88.0 91.6 89.0 86.8 86.5 87.9 84.8 84.8 88.5 91.1 89.5 91.6 89.1 88.5 74.8 70.0 80.5 81.5 78.1 84.6 90.0 90.7 89.8 89.2 82.6 79.2 72.2 67.9 69.1 71.4 70.1 65.5 62.5 65.3 68.0 75.8 74.6 80.0 82.7 80.8 81.8 83.3 82.8 84.1 81.5 84.0 84.0 84.1 83.3 83.8 83.5 82.9 81.6
86.4 89.1 85.7 92.3 89.0 92.0 94.7 95.0 94.1 95.7 94.6 93.3 92.9 93.2 92.0 96.8 95.0 96.8 94.0 93.3 93.3 92.5 95.5 93.7 93.5 94.4 93.6 97.6 91.4 90.2 92.6 87.6 91.1 88.7 88.1 86.4 86.4 87.0 85.9 89.1 92.4 92.8 90.0 89.7 87.3 80.5 65.6 77.5 78.7 78.7 82.5 89.1 93.2 91.5 88.1 82.8 75.6 70.9 71.9 73.1 72.3 72.6 70.9 69.2 66.8 67.2 72.1 75.0 77.6 81.8 81.3 77.8 83.9 84.7 82.2 82.1 85.1 83.0 86.0 82.6 81.8 82.8 82.9 79.8
