surveys/q10_1/matrix_q10_1s0.txt
north:            -502.50
south:           -1197.50
east:             2709.00
west:              -93.00
rows:                 141
cols:                 280
null:              -999.0
[rows 0 to 37 of 141, columns 168 to 251 of 280]
105.3 108.6 113.0 105.0 90.1 98.5 95.7 94.6 91.7 87.3 87.6 86.8 81.9 80.9 81.2 86.1 88.1 86.0 86.6 82.2 84.9 80.8 75.0 77.3 86.3 89.1 81.6 76.1 89.0 89.2 90.8 94.1 86.4 87.2 84.0 88.7 91.0 92.7 95.6 96.4 93.6 91.5 87.2 91.8 84.6 93.3 85.0 86.6 88.9 87.5 86.0 91.9 95.2 96.6 88.0 93.4 103.6 117.3 103.1 112.0 106.1 101.7 97.7 91.4 87.5 88.5 86.3 82.8 89.1 90.5 83.7 84.2 92.1 86.8 80.1 71.0 70.4 76.4 86.6 86.2 83.4 83.2 78.4 77.4
105.4 108.5 112.9 105.2 94.6 98.6 95.7 94.9 92.5 87.4 87.6 87.1 81.5 80.9 81.2 86.1 88.0 86.8 86.1 82.7 85.2 80.7 75.8 77.3 86.3 89.1 81.6 76.1 89.0 89.0 90.8 94.1 85.7 87.1 84.0 88.6 95.2 92.7 96.3 96.7 93.6 91.6 81.7 91.8 88.3 93.7 89.4 86.4 88.6 88.2 85.9 91.7 96.1 96.6 88.0 93.4 103.0 117.2 104.1 112.0 105.7 102.4 97.7 91.4 87.3 88.6 85.1 82.7 88.6 90.3 83.7 83.9 92.5 86.9 80.1 70.9 71.5 76.8 86.6 86.3 83.3 83.2 78.7 77.3
106.6 113.5 114.3 105.9 95.2 98.9 102.1 94.8 95.5 89.0 90.7 89.1 84.4 84.1 84.6 86.7 90.8 89.3 92.4 84.3 89.4 84.7 75.8 80.0 89.0 92.5 81.3 78.9 88.2 91.8 94.0 96.5 89.6 91.3 90.1 91.3 90.9 94.9 100.0 97.8 93.7 91.0 87.8 93.7 90.3 93.9 91.0 89.8 93.6 91.6 89.2 96.7 97.1 97.5 91.1 92.4 102.7 117.9 99.2 112.7 107.5 105.6 101.7 93.3 88.3 88.7 87.2 84.5 91.4 92.4 83.9 89.4 90.5 87.8 81.8 73.8 72.6 81.7 86.9 87.1 83.9 84.0 78.7 77.2
112.6 115.2 116.6 107.7 101.6 103.2 101.0 97.0 95.4 90.7 92.5 95.5 87.5 87.1 86.6 88.2 95.4 92.6 89.8 87.6 89.6 82.9 80.9 82.9 92.9 95.4 81.1 82.0 92.1 95.3 95.2 99.2 97.9 93.2 94.4 94.6 98.4 98.6 101.7 100.7 97.0 93.7 88.7 94.7 93.7 96.6 96.6 93.8 95.9 93.4 91.6 100.3 98.6 99.8 97.3 91.4 104.4 115.7 99.4 111.7 108.9 108.0 103.5 94.1 86.7 90.9 92.2 86.9 93.9 93.4 87.7 87.1 91.3 87.8 85.7 76.5 73.8 82.8 88.1 87.9 85.1 85.7 80.5 77.1
115.5 117.0 115.1 107.7 103.1 105.2 103.8 101.8 100.1 94.0 94.4 99.1 87.8 90.7 92.0 92.3 93.8 95.3 93.1 87.8 92.5 84.8 81.7 85.6 95.0 99.7 85.7 83.2 92.1 97.4 97.2 99.9 94.7 95.3 96.9 98.5 101.5 101.0 103.2 103.1 96.7 95.2 91.3 96.4 97.6 99.4 99.0 97.3 98.6 98.5 96.0 103.4 100.8 103.8 94.0 90.5 104.7 115.9 106.0 109.3 110.8 109.2 106.1 97.7 90.1 89.9 89.7 88.9 95.7 95.1 89.9 90.3 97.1 92.5 86.3 78.7 75.3 85.0 89.1 90.3 86.7 85.4 80.3 75.9
120.9 117.9 119.6 114.3 105.8 110.9 107.4 104.8 99.6 97.8 99.0 101.1 91.8 93.2 93.2 94.6 100.6 95.7 92.8 89.6 94.2 89.2 84.3 88.1 97.6 103.9 87.7 87.1 92.5 100.2 98.5 102.3 98.0 98.2 97.2 101.8 104.4 103.2 108.8 106.1 98.8 98.0 93.6 99.2 100.9 100.6 103.2 98.1 101.1 99.3 98.9 104.7 102.0 105.0 95.1 92.1 106.2 109.5 105.5 108.8 114.3 113.9 109.6 101.4 94.1 90.3 93.4 93.5 100.7 100.3 91.4 93.5 97.9 94.3 87.6 80.6 79.4 87.2 90.0 90.2 87.4 84.8 81.5 74.6
121.3 119.4 121.9 119.0 108.9 112.1 110.3 107.2 103.5 100.2 100.1 104.1 95.3 95.9 96.8 95.9 104.0 97.1 95.1 90.4 97.7 95.1 87.6 90.3 102.5 105.4 91.5 91.7 97.9 102.1 102.8 106.0 99.8 100.0 99.6 105.3 102.3 108.0 107.3 111.3 100.8 101.6 97.0 102.9 105.3 103.2 106.1 102.3 105.5 100.1 102.4 106.3 103.9 105.6 100.4 94.4 107.3 108.8 106.6 114.6 112.4 115.3 111.3 104.3 88.4 91.7 94.6 96.9 102.2 102.0 94.3 95.7 99.2 94.6 93.2 84.0 84.6 92.6 95.5 93.8 88.9 87.4 81.5 74.6
120.2 119.5 124.3 125.3 113.3 113.6 113.9 107.9 109.6 105.0 103.8 106.8 99.4 98.2 101.6 98.7 102.8 99.8 100.9 96.4 100.7 97.2 89.0 91.9 99.7 106.9 94.6 96.0 99.5 104.1 107.2 109.3 103.9 103.0 104.5 108.4 104.5 110.3 114.5 114.4 102.1 104.8 101.8 102.5 108.5 104.7 108.5 108.1 107.3 104.9 104.5 109.7 107.3 106.7 100.4 94.3 105.9 107.4 110.9 118.0 116.4 116.4 108.7 105.7 92.8 93.5 95.4 98.9 104.5 103.7 97.6 97.7 102.0 94.8 94.4 86.6 84.1 95.1 100.8 95.6 93.0 88.6 82.6 76.5
122.0 120.4 125.2 123.9 113.9 115.4 114.1 111.6 111.4 109.0 106.2 110.4 101.6 102.9 104.5 103.4 107.6 104.0 100.4 98.8 104.8 100.5 90.2 96.6 108.3 108.5 100.0 99.5 102.7 105.1 108.5 110.8 107.9 108.1 106.3 112.2 108.0 112.6 116.0 116.5 104.0 108.4 102.3 103.8 106.6 108.9 112.2 111.3 109.4 108.1 107.9 115.4 109.3 109.5 103.0 97.8 104.5 107.3 114.3 118.5 116.8 119.8 109.3 108.6 95.2 95.2 98.1 102.7 105.9 107.4 100.2 99.3 102.7 99.0 99.7 88.6 88.1 97.3 101.1 98.5 96.3 90.6 82.5 81.4
120.5 117.0 122.8 124.2 118.6 117.8 115.8 116.2 113.7 109.9 112.1 111.5 104.1 106.0 107.9 114.5 125.2 117.8 102.1 101.3 108.0 103.5 96.1 100.4 108.9 111.3 103.9 104.8 105.4 105.9 109.0 111.5 110.7 109.1 111.3 115.2 109.8 114.8 117.1 117.7 110.9 111.5 104.7 105.4 105.2 109.8 113.8 114.9 112.7 112.0 110.3 115.8 109.6 111.3 105.0 101.7 104.3 112.2 117.8 120.3 115.1 119.6 109.1 110.2 96.3 97.0 99.9 103.3 111.2 108.3 102.6 102.4 101.5 102.3 99.6 91.5 89.8 99.9 103.5 101.3 99.5 94.7 84.6 83.1
123.2 122.8 122.5 124.3 121.8 120.5 118.2 117.9 116.0 109.2 114.8 114.7 106.7 106.7 109.9 119.3 124.3 126.4 119.8 100.2 107.1 106.6 98.7 103.2 111.1 113.8 106.0 106.9 110.2 109.6 113.0 114.0 113.2 111.3 111.7 116.7 114.6 118.0 121.6 119.8 114.1 115.2 110.5 108.5 105.3 112.2 116.1 117.2 115.9 114.5 111.7 117.0 113.2 113.1 110.9 105.8 105.6 115.1 120.2 120.8 116.1 120.4 105.1 110.7 95.9 100.1 100.7 104.5 113.4 112.2 106.2 107.7 105.0 103.0 101.7 93.8 91.6 101.8 107.1 106.6 100.1 97.2 88.6 85.2
121.2 123.5 122.2 124.3 121.6 122.4 121.0 119.9 116.9 112.1 114.7 116.9 111.0 107.4 110.2 127.1 126.7 128.4 125.0 103.1 110.2 107.5 102.7 103.9 112.3 115.9 105.8 107.4 109.6 113.4 115.8 113.4 113.0 113.2 113.6 120.9 118.7 121.0 124.6 118.9 119.8 118.3 111.8 110.5 105.8 115.8 119.9 118.4 118.6 115.3 116.9 118.3 113.3 116.8 110.3 108.3 107.5 117.0 122.8 123.3 119.3 121.9 102.8 109.3 118.0 106.5 99.4 109.6 117.4 112.1 108.6 107.8 109.3 106.0 105.0 95.7 95.7 104.7 109.4 108.6 104.5 99.5 93.8 87.2
125.0 124.5 122.9 123.5 123.5 123.3 128.1 123.0 115.6 116.2 115.4 119.9 112.9 107.4 122.5 126.9 127.1 128.4 129.6 120.5 109.8 105.0 103.7 107.0 116.1 118.8 113.2 109.8 116.0 118.9 115.5 118.8 120.7 116.0 117.8 120.7 121.1 120.8 124.2 120.7 120.4 121.4 116.8 112.2 111.4 120.1 120.1 121.8 121.7 118.4 120.2 119.6 116.5 119.3 114.5 110.3 109.3 119.3 124.3 124.3 120.6 122.1 101.9 110.0 132.9 131.7 131.6 118.7 118.1 116.3 110.0 109.8 111.9 108.9 104.1 97.8 98.7 108.9 111.6 110.9 105.9 104.8 93.4 89.4
126.2 127.9 124.6 124.9 124.8 126.6 123.3 124.7 120.4 118.0 118.9 119.5 116.5 126.5 129.4 125.9 127.0 126.4 130.9 126.7 118.0 105.7 104.5 110.0 114.6 122.6 114.3 109.6 117.9 122.8 119.8 120.2 122.3 117.2 119.9 121.5 123.3 123.8 125.7 120.5 121.2 120.9 118.1 114.6 112.4 121.2 122.5 123.0 119.6 120.5 120.3 120.5 117.2 120.8 117.4 112.5 110.8 120.1 132.1 125.6 124.1 121.4 100.5 110.0 135.4 136.5 134.5 129.5 118.8 118.1 112.4 112.9 113.4 110.4 108.6 101.0 100.8 112.0 118.4 114.0 109.1 105.8 93.5 91.2
127.5 129.5 128.2 127.9 127.7 128.1 129.2 126.7 127.7 126.5 127.6 126.5 124.9 130.4 132.9 128.0 127.3 129.8 129.5 132.3 125.1 119.4 108.0 123.7 115.7 122.3 116.1 117.3 120.8 116.9 122.2 123.1 124.5 120.7 121.1 123.9 124.3 125.1 124.4 124.1 122.8 121.1 120.8 116.1 120.2 122.6 126.1 124.4 123.1 121.2 122.3 123.1 121.6 120.6 121.0 111.6 112.7 122.8 128.8 124.6 126.2 118.5 99.4 134.7 138.0 139.4 138.0 136.8 118.5 120.4 115.7 114.4 115.3 112.1 113.0 103.1 103.0 115.0 122.1 116.0 113.5 105.6 98.5 93.3
132.1 131.2 132.0 131.2 132.2 130.8 130.5 130.1 130.5 130.9 130.1 131.2 134.3 133.1 132.7 128.8 127.2 128.7 128.9 133.2 128.1 128.4 129.9 127.6 129.2 128.4 127.8 127.9 127.3 127.6 127.7 124.3 126.7 123.2 124.4 126.1 126.5 126.4 125.6 131.2 123.4 123.8 122.0 121.3 123.0 125.4 126.1 128.6 123.6 124.1 126.3 127.0 123.1 124.8 120.4 114.1 115.5 123.5 129.9 127.5 127.8 120.3 95.8 138.5 137.4 139.6 138.7 139.7 130.1 121.3 118.5 114.1 117.8 116.5 111.3 104.7 106.6 118.1 122.5 119.0 115.8 109.6 100.5 98.1
132.3 131.7 131.6 130.7 132.3 131.9 130.2 131.5 131.6 131.3 131.6 132.5 136.0 136.9 133.8 129.8 127.7 128.0 128.6 132.2 131.1 130.8 129.7 130.5 129.5 130.4 131.4 128.4 130.2 129.8 130.1 130.1 131.3 129.1 129.7 130.7 132.6 131.2 131.1 131.7 133.5 131.4 131.6 131.0 124.2 131.9 132.6 131.0 131.9 130.5 132.3 128.1 127.5 124.9 122.9 118.2 113.9 124.0 130.0 129.8 128.3 127.5 120.5 140.8 138.5 139.2 137.9 139.3 135.8 123.1 120.7 115.3 119.0 119.6 111.6 105.8 107.8 120.1 124.1 122.2 118.2 112.3 98.3 96.9
131.5 132.1 131.5 131.7 131.0 132.4 129.7 131.5 131.2 130.9 132.2 132.3 134.1 136.5 133.7 130.0 126.6 126.7 125.9 131.7 131.1 133.5 130.2 129.3 130.1 131.1 129.7 127.9 131.8 129.7 129.5 129.8 130.2 131.0 130.4 131.6 132.3 131.7 130.2 132.3 133.0 133.7 134.8 132.5 133.3 132.2 132.6 132.4 133.5 134.5 134.5 133.4 131.5 132.0 131.8 133.8 135.4 133.7 130.7 135.3 135.7 134.8 132.8 141.1 138.8 139.8 136.8 139.8 141.7 131.4 132.6 122.9 132.0 130.1 129.1 110.3 104.8 124.3 126.9 126.2 118.9 116.1 98.8 118.2
132.0 131.3 131.5 125.6 132.0 131.1 130.8 129.7 133.1 128.2 130.7 131.7 133.7 135.1 132.3 129.6 126.2 125.7 128.2 130.2 131.2 132.1 130.9 131.1 128.4 128.9 130.8 126.5 128.8 129.3 129.6 130.3 129.5 129.4 130.9 131.5 132.3 132.1 132.0 133.2 134.0 132.4 131.6 133.8 131.4 133.2 134.8 131.5 132.8 133.6 132.4 134.0 134.0 134.1 132.7 135.1 131.0 134.5 133.7 137.8 137.3 139.0 141.0 141.0 139.6 140.3 139.8 140.2 143.0 139.4 137.0 137.3 138.8 136.7 135.3 136.4 138.0 135.9 138.0 137.8 133.1 135.8 139.3 136.4
130.1 125.4 132.7 92.1 134.4 124.1 123.4 123.4 132.5 125.2 125.6 130.3 134.0 128.9 129.3 116.1 124.4 118.7 127.5 126.2 128.7 129.0 128.6 128.3 129.6 129.2 129.3 127.5 129.2 127.4 129.8 128.9 130.8 127.4 131.0 130.3 131.1 131.4 133.0 133.2 134.8 132.8 133.9 132.6 136.5 133.1 134.5 131.7 130.7 133.3 134.5 134.7 132.2 132.9 131.9 134.7 134.6 131.7 134.2 135.4 138.5 141.3 142.3 140.8 139.4 139.9 140.1 140.7 143.5 142.5 138.6 138.4 138.9 138.6 138.6 139.4 140.7 143.6 139.5 141.0 140.7 140.6 140.1 141.7
85.7 90.4 86.5 87.4 87.5 88.6 89.4 91.4 83.7 99.5 87.0 119.7 127.5 117.3 97.7 93.1 82.4 100.1 107.9 79.3 122.8 112.0 129.8 107.0 128.4 107.1 127.9 105.4 130.0 118.4 127.4 122.3 131.6 116.9 116.3 123.1 132.0 126.3 131.5 131.1 132.2 132.7 133.1 130.3 133.0 132.2 132.4 130.7 132.1 135.1 133.3 132.5 133.0 133.1 137.1 134.4 134.3 133.0 134.7 133.6 137.8 141.2 140.8 141.6 138.2 139.4 132.5 139.7 144.1 144.7 140.8 138.5 139.0 137.9 137.8 141.3 141.5 140.6 139.6 141.1 140.8 141.8 140.2 141.8
83.1 86.7 86.9 86.4 86.9 85.7 86.5 85.7 86.2 82.7 86.6 86.3 88.4 85.4 84.2 86.3 82.9 86.5 87.3 80.2 90.1 81.5 82.5 81.5 78.3 79.9 81.1 77.6 86.8 78.7 100.3 80.2 77.4 82.2 127.6 88.7 81.1 97.6 85.2 121.3 131.0 122.4 127.7 124.3 128.6 124.2 131.7 126.9 130.5 128.4 131.6 125.6 132.7 124.0 133.1 131.5 135.0 131.8 135.7 134.0 138.2 141.9 136.4 141.0 138.0 137.7 136.8 139.7 141.8 142.9 142.8 138.1 138.8 137.8 138.1 140.3 140.8 140.3 139.6 141.2 140.3 142.0 142.2 141.2
86.8 86.7 87.1 85.7 87.2 87.3 86.1 84.2 86.2 83.9 84.3 85.4 86.9 82.7 83.9 85.5 84.0 86.2 83.5 80.5 79.7 82.1 82.8 79.8 78.7 77.7 78.7 76.3 77.2 77.0 77.3 78.5 79.1 79.3 76.9 82.4 81.0 83.7 81.8 85.7 126.8 87.8 88.8 89.6 87.2 92.9 96.0 92.9 109.6 92.7 86.7 89.0 87.2 98.9 89.8 117.9 109.7 123.2 133.2 87.8 133.7 132.9 136.7 135.0 135.1 133.8 137.1 137.0 139.7 132.4 141.5 136.5 138.4 134.9 137.5 141.8 140.1 138.2 139.7 139.6 142.5 142.3 142.8 140.4
87.4 86.1 87.6 86.9 84.4 86.3 86.4 84.0 82.5 84.2 84.1 85.9 84.0 83.8 85.0 84.7 85.6 82.9 84.5 80.3 80.6 81.7 81.4 79.1 75.9 78.5 77.7 75.7 75.3 76.1 75.6 76.2 79.2 77.3 77.5 79.8 80.9 84.8 80.8 81.8 95.5 83.9 85.9 85.6 86.5 87.8 93.7 91.8 88.6 89.8 90.5 87.9 87.2 86.8 87.2 90.4 92.0 89.8 84.9 90.2 109.7 112.0 108.9 101.2 126.4 118.3 131.4 124.7 133.3 68.6 135.5 88.6 138.0 116.3 129.5 110.3 139.7 114.7 139.1 125.9 141.6 141.9 141.2 131.9
87.6 85.5 85.1 87.1 85.7 84.9 87.3 84.4 85.1 84.8 85.5 86.2 86.0 82.4 84.7 82.8 83.1 85.2 82.0 80.5 81.2 81.8 79.8 81.9 78.1 78.4 78.0 75.0 74.8 76.2 76.5 76.4 76.1 75.9 78.9 81.6 79.4 82.8 80.6 82.2 83.6 83.5 83.4 84.9 87.3 85.8 90.6 89.3 88.1 90.7 87.6 88.1 86.5 87.8 85.3 87.2 87.0 86.1 86.1 83.3 77.5 72.8 68.8 76.1 72.9 73.2 92.4 69.7 73.9 68.2 70.0 74.6 77.9 82.9 84.5 92.2 93.1 87.6 97.1 97.2 84.1 124.8 118.9 119.2
88.3 83.5 84.5 87.1 86.2 84.5 85.6 83.8 85.1 83.0 85.5 86.2 85.0 83.1 84.8 83.8 83.7 86.4 84.8 81.4 81.5 82.0 80.4 81.8 80.8 78.7 80.5 76.8 74.4 75.9 78.2 77.6 79.1 76.4 77.7 81.0 78.5 81.2 80.0 80.1 85.1 85.2 84.5 84.8 88.4 84.7 87.0 88.9 88.2 90.8 85.5 87.5 85.7 88.5 85.1 85.8 85.5 86.2 83.7 83.7 79.5 72.3 68.4 70.8 70.7 66.8 67.4 62.9 61.0 64.7 68.4 70.6 75.6 79.3 79.6 77.3 86.1 85.0 84.9 85.1 87.2 87.3 85.9 84.1
84.8 83.6 85.0 86.5 85.0 85.9 84.5 85.4 85.2 84.4 85.2 85.1 85.9 85.4 85.4 83.6 83.4 85.2 83.9 80.6 81.3 81.6 79.6 80.5 79.5 80.3 77.6 79.8 78.9 76.5 75.9 78.4 77.0 79.1 80.3 79.3 82.5 81.6 81.6 84.4 81.4 85.7 85.0 85.2 86.8 86.7 90.0 90.6 87.8 88.6 87.6 88.3 86.1 85.2 86.4 86.7 83.7 85.1 84.5 82.8 75.6 72.4 69.8 72.0 71.0 67.1 68.8 63.5 65.3 64.8 67.1 71.2 72.9 77.4 78.4 79.3 84.5 83.6 84.0 84.8 92.4 87.8 86.1 88.2
87.4 85.7 85.5 87.2 85.7 85.9 87.3 82.3 84.7 83.2 85.0 84.6 85.9 85.9 83.5 81.6 83.2 84.7 84.7 81.1 82.2 81.1 78.6 81.5 79.8 80.2 78.0 80.1 75.7 77.4 80.0 79.6 80.0 79.5 75.4 79.8 80.5 83.5 83.7 81.4 82.7 83.9 86.2 87.0 87.0 86.0 86.9 89.1 90.1 89.0 87.6 88.2 86.4 86.1 83.9 86.8 84.9 85.4 85.9 83.0 76.1 74.1 69.2 72.5 69.5 67.8 65.7 64.2 63.9 63.8 65.1 70.2 73.5 76.1 77.1 78.0 82.3 83.3 81.6 84.5 88.4 89.1 86.5 86.8
81.4 84.3 81.4 86.4 86.4 85.4 84.4 82.7 85.3 83.3 85.7 85.4 88.1 84.7 83.5 83.4 84.0 84.7 84.9 83.5 84.1 82.4 82.6 83.4 80.6 78.9 83.0 79.6 78.3 79.4 77.8 78.7 81.1 79.5 80.8 77.3 78.6 82.9 82.8 81.5 83.3 84.9 87.3 86.4 87.6 86.5 89.4 89.2 88.9 88.0 89.1 88.0 84.4 86.3 85.0 84.9 85.7 85.4 86.3 82.6 78.0 76.3 71.4 73.1 70.9 67.9 66.2 66.4 69.0 65.1 68.2 71.1 72.6 77.0 76.0 77.6 82.1 81.8 83.4 83.8 87.3 86.4 86.5 86.3
84.3 84.1 84.8 86.3 83.7 86.9 81.9 83.0 87.7 84.9 82.6 86.3 86.4 84.4 84.2 81.6 82.8 84.3 82.7 84.3 82.4 84.1 84.0 81.4 82.9 82.9 81.9 80.3 79.7 80.0 80.7 79.2 78.7 79.3 81.0 80.6 81.0 83.0 83.3 82.7 84.5 86.2 84.7 85.5 87.8 87.3 89.6 89.7 87.8 87.8 87.7 89.4 87.4 85.6 83.7 86.0 85.8 85.3 85.7 82.1 78.8 79.3 77.4 78.0 72.6 68.4 68.2 69.1 66.3 66.8 70.2 72.0 75.1 77.1 75.8 79.0 82.3 82.0 82.7 83.2 87.0 85.5 85.7 86.0
84.4 85.1 84.7 86.3 87.3 87.1 84.1 81.4 83.5 85.2 85.7 85.8 84.4 84.7 83.5 84.1 82.0 82.4 84.5 84.7 82.9 82.9 81.6 80.6 83.1 82.9 83.8 81.5 80.7 80.1 80.1 79.5 79.9 83.3 78.9 81.0 79.7 86.0 84.1 84.8 85.3 90.7 84.2 85.8 86.1 87.7 89.7 88.2 88.1 87.5 88.8 89.6 86.1 85.8 86.4 86.4 83.8 85.3 90.3 83.7 80.2 77.6 76.0 78.2 72.3 70.6 70.0 69.0 70.4 70.4 70.1 71.6 76.3 76.8 75.0 79.9 81.4 81.8 86.7 83.3 85.5 86.8 88.6 86.0
84.1 84.8 85.6 84.2 85.3 86.7 84.0 81.2 81.6 83.1 86.7 84.7 85.3 84.4 78.9 84.4 83.7 81.1 85.5 83.0 83.8 82.6 82.0 82.4 83.7 82.4 81.5 81.3 80.9 83.0 79.0 80.8 81.6 81.4 80.8 80.5 80.1 87.7 83.5 86.7 83.7 89.0 85.3 86.1 89.7 90.0 88.2 89.0 92.9 87.5 88.5 91.2 86.9 87.9 87.2 86.8 87.6 86.8 84.8 82.7 81.9 77.9 80.7 76.6 69.0 73.3 73.9 75.3 71.6 73.5 72.5 72.9 76.8 77.9 76.9 80.4 83.5 82.5 84.0 84.4 87.4 91.3 83.7 85.9
84.1 84.6 84.5 85.6 87.9 89.2 85.4 81.6 83.7 84.4 85.8 84.2 89.1 85.5 84.5 84.6 85.2 83.8 86.4 85.3 83.9 83.4 84.9 83.0 83.0 84.5 84.3 82.4 82.3 81.2 81.4 82.4 80.5 82.3 83.5 81.1 79.0 83.3 82.9 87.3 84.1 87.2 85.7 88.6 89.1 86.5 88.1 90.1 90.1 87.9 88.3 89.1 86.8 85.0 86.5 86.8 86.3 85.9 84.0 81.3 81.3 80.3 80.5 78.0 75.0 75.0 72.6 74.6 73.6 75.4 72.8 74.4 74.7 80.6 79.5 79.8 77.7 81.6 83.5 85.7 85.1 87.8 86.1 86.1
85.7 85.8 84.9 87.4 87.7 88.5 82.3 82.9 87.1 85.4 82.4 83.2 84.9 85.6 85.1 84.9 84.9 84.7 86.8 84.7 84.6 82.3 82.9 83.1 83.7 84.5 83.8 83.0 80.5 82.4 83.5 82.6 82.0 84.6 82.0 80.6 84.6 84.0 82.5 84.0 86.4 86.7 85.9 85.5 89.9 87.5 87.6 89.5 92.9 87.2 88.9 91.1 86.5 89.6 87.2 88.5 85.8 85.4 78.4 82.5 81.5 80.7 77.8 78.5 78.1 78.8 75.3 76.9 76.0 76.5 78.4 75.8 78.8 80.0 79.4 79.0 81.9 82.5 83.5 85.4 85.0 86.5 86.4 86.3
85.0 86.3 84.6 85.6 87.5 86.1 83.0 84.1 81.1 85.2 85.6 84.4 87.3 85.7 87.3 85.1 87.5 84.1 87.2 83.7 85.6 81.1 84.6 82.4 83.5 83.1 82.0 81.3 83.3 84.1 83.7 83.3 82.9 85.3 82.5 80.2 85.2 84.7 83.4 84.9 86.7 86.5 84.5 86.8 89.2 89.3 89.2 90.0 88.7 88.0 89.5 90.2 90.0 88.7 87.4 88.7 90.2 83.5 79.2 83.9 82.9 80.7 78.3 79.0 81.1 80.7 82.2 77.8 80.5 78.3 76.3 79.4 77.7 78.5 79.7 80.5 80.8 81.9 83.9 84.2 85.1 85.9 84.4 85.7
84.0 86.0 86.7 86.5 87.9 86.2 84.1 86.0 85.6 85.5 84.2 84.5 88.1 85.5 84.8 85.6 84.0 84.5 83.9 83.6 82.9 83.1 80.2 82.2 82.1 83.8 80.4 83.5 83.1 84.8 83.7 86.4 84.7 85.9 83.0 82.7 88.0 84.8 86.0 84.9 87.9 86.7 87.5 86.7 89.3 89.4 91.1 90.2 91.8 88.5 89.6 87.0 87.1 87.0 88.5 88.1 84.1 84.4 79.6 80.2 81.5 80.9 78.9 81.4 80.5 82.4 80.9 81.6 81.9 78.5 78.3 78.9 76.7 79.0 78.9 80.4 82.0 81.8 82.9 83.2 85.5 85.5 86.5 85.8
86.3 86.5 87.6 85.0 86.6 87.6 85.6 85.4 84.0 85.1 85.5 84.6 85.5 87.3 86.5 85.8 86.3 84.2 85.9 83.7 82.5 83.3 83.0 82.8 82.2 84.2 84.9 83.6 82.0 85.8 84.8 85.9 87.0 85.6 83.5 85.4 85.3 86.9 84.0 83.6 83.6 86.9 83.8 86.7 88.6 89.4 90.1 89.0 88.1 89.4 88.6 87.8 87.7 86.2 87.6 89.0 84.3 80.9 77.8 80.6 81.7 83.0 80.3 81.3 79.2 83.4 84.1 84.8 82.5 82.5 82.6 80.6 80.7 78.4 78.9 79.6 79.2 82.2 80.7 83.0 85.9 86.9 86.2 87.2
83.8 87.4 87.1 85.7 88.1 87.8 86.7 83.5 83.7 84.5 85.1 84.3 90.0 85.6 84.9 85.0 85.0 84.0 82.0 83.6 78.9 84.1 83.4 83.3 85.0 85.1 85.5 84.4 82.6 86.8 85.4 87.1 86.6 86.9 85.3 86.7 88.8 86.8 85.4 84.0 85.1 86.6 85.1 86.7 87.3 90.3 88.7 92.7 90.4 90.2 88.3 88.7 89.3 87.7 87.2 89.9 86.3 78.1 78.7 81.4 81.6 83.4 83.3 82.1 82.5 83.3 86.7 85.7 87.7 84.3 81.7 80.5 80.1 79.8 78.1 81.5 79.8 80.4 82.2 85.3 86.7 86.8 87.3 87.8
