surveys/q10_1/matrix_q10_1s6.txt
north:            -537.50
south:           -1247.50
east:             2697.00
west:              -93.00
rows:                 144
cols:                 279
null:              -999.0
[rows 0 to 37 of 144, columns 84 to 167 of 279]
115.6 133.8 133.9 133.9 126.1 122.3 120.5 123.7 126.6 122.5 123.8 125.3 128.7 124.0 121.4 121.4 117.2 125.0 126.6 125.5 125.3 126.2 127.6 128.8 125.4 127.9 127.4 119.6 118.7 125.5 124.3 121.9 125.8 125.9 123.4 119.2 119.1 112.3 109.8 119.1 121.7 123.8 121.6 122.3 121.8 122.1 122.7 122.7 121.2 124.9 -999.0 123.2 124.2 128.0 130.8 126.9 128.1 128.2 127.3 124.2 124.6 127.6 121.4 121.0 122.6 120.6 117.5 120.5 120.1 125.0 126.2 122.3 122.3 128.6 113.9 123.4 117.1 123.6 120.3 118.4 114.1 123.2 120.0 120.5
115.1 134.0 134.3 133.8 123.1 123.7 125.1 123.6 126.6 123.0 124.9 124.6 128.0 125.3 121.5 121.8 117.2 124.9 126.6 125.4 124.5 128.6 127.2 130.0 125.4 128.3 127.4 120.0 117.9 126.0 124.9 123.7 126.0 125.9 123.8 118.9 119.1 112.0 111.6 119.2 122.8 124.2 121.6 123.6 121.5 122.1 123.5 122.6 122.4 124.9 126.7 126.0 123.7 129.0 130.5 127.4 127.9 128.5 127.3 124.3 124.3 127.6 120.9 122.0 123.0 120.6 117.2 120.4 119.2 124.9 126.2 122.3 121.9 128.5 115.2 123.4 116.4 124.3 120.1 119.1 113.7 123.3 121.0 120.2
125.9 134.8 134.3 134.8 134.8 127.5 125.6 125.0 126.8 125.6 125.4 127.7 128.7 127.2 123.0 124.5 118.2 127.0 127.5 126.3 131.1 128.6 130.2 132.3 126.9 128.3 127.5 121.5 121.6 126.0 125.5 126.3 126.8 126.9 126.6 124.7 121.2 112.3 113.8 120.4 124.8 129.9 124.0 126.6 124.4 125.0 125.2 126.7 123.6 124.2 126.7 132.7 132.8 131.8 132.1 129.5 129.5 128.6 127.8 127.5 127.4 128.4 124.0 124.1 126.5 122.6 119.7 123.3 123.5 126.4 126.0 123.5 123.7 126.5 119.4 123.6 114.9 126.1 121.5 119.6 119.3 123.4 122.6 123.2
133.4 135.7 135.5 135.8 136.6 135.2 121.8 125.0 123.6 127.3 127.1 127.8 129.9 128.8 124.6 126.3 120.2 126.6 128.0 127.5 127.0 128.3 132.9 131.7 129.0 128.7 129.4 124.5 126.1 128.5 127.3 127.9 126.8 126.6 128.4 126.9 126.3 112.5 116.7 124.8 126.8 130.1 127.8 127.2 125.4 126.8 127.2 125.9 123.1 132.2 128.3 134.4 132.2 134.2 129.7 133.8 129.0 131.7 127.8 127.9 127.6 131.2 127.2 126.0 128.2 124.7 122.1 126.1 122.7 126.7 127.5 126.8 124.6 127.7 121.7 126.1 118.9 126.6 124.4 119.9 119.0 122.5 122.6 122.1
134.4 135.1 134.3 135.9 134.5 138.0 128.6 122.8 124.1 128.2 130.2 131.4 132.1 129.8 126.1 127.6 122.2 125.1 128.8 129.4 131.1 128.3 135.6 131.2 129.9 130.5 130.8 127.2 128.9 128.9 128.4 127.2 127.4 128.8 127.3 127.6 128.5 120.6 120.0 125.1 126.5 130.2 127.4 128.6 127.1 127.1 127.4 127.2 123.8 137.9 133.9 133.9 135.1 136.2 131.5 129.0 132.7 132.6 128.9 128.9 128.2 134.2 129.5 129.5 129.6 125.2 123.0 127.6 126.4 126.9 130.4 126.0 124.2 128.0 121.7 126.2 123.7 126.1 123.6 125.1 119.6 123.9 121.9 122.0
135.1 134.2 135.0 136.2 135.8 139.1 135.9 124.7 124.5 130.1 128.0 132.0 131.5 131.2 127.8 129.5 123.2 128.7 131.0 128.4 129.4 128.1 133.6 130.9 131.1 131.9 131.1 132.1 128.6 130.9 129.7 129.3 128.4 129.0 127.4 127.7 129.2 123.7 124.8 127.4 128.3 130.2 129.3 129.0 127.4 127.9 127.4 126.3 125.5 137.5 133.8 131.9 133.5 136.6 131.9 133.1 131.5 133.0 131.1 130.1 128.5 132.1 135.8 129.8 131.7 125.5 127.2 128.2 126.8 129.2 127.7 129.8 129.1 128.4 126.2 126.7 124.0 127.1 125.2 123.0 120.3 124.6 122.1 124.7
132.2 133.8 135.0 136.6 136.0 138.8 139.1 137.8 131.2 133.8 133.1 137.4 131.3 132.9 132.0 134.5 127.9 130.9 131.2 130.1 132.5 132.3 133.2 133.3 131.4 135.3 133.6 134.9 129.7 132.4 129.9 132.6 129.5 131.2 127.8 129.8 132.0 126.9 126.5 130.2 130.3 130.2 131.2 130.7 129.7 130.9 128.7 128.6 134.0 137.3 134.8 134.9 136.0 136.3 134.6 134.5 132.4 133.5 130.4 129.9 128.4 130.4 132.5 129.4 134.5 127.4 129.5 128.3 126.9 127.9 129.9 131.1 127.0 129.0 129.5 128.0 125.6 128.7 126.1 122.6 123.3 125.1 122.8 125.9
132.2 132.4 135.0 136.4 134.2 138.7 139.7 138.3 136.1 139.0 135.4 138.0 135.8 137.3 136.9 137.4 134.9 136.3 134.9 136.7 137.1 136.0 133.5 136.7 135.5 137.0 135.2 136.5 135.7 134.4 136.0 136.1 134.7 134.2 136.3 133.9 133.6 133.8 130.3 133.7 135.8 134.3 134.6 134.8 133.6 132.6 133.2 134.7 139.1 136.9 132.0 134.4 135.9 136.4 140.9 136.1 134.2 134.1 133.3 130.5 132.9 132.8 129.8 132.7 134.1 129.3 132.9 128.0 129.4 133.6 133.1 130.4 128.5 130.5 128.3 128.4 127.1 133.0 126.7 124.8 124.3 128.6 129.1 126.1
132.2 133.3 134.5 136.3 134.6 139.4 139.4 137.0 140.0 140.2 138.2 138.0 138.1 138.3 138.8 139.0 137.5 136.4 135.3 136.9 136.8 137.1 138.0 137.8 138.4 138.2 136.9 138.0 136.7 137.9 136.6 137.7 137.0 136.3 135.6 137.4 135.2 136.2 136.3 136.4 134.0 134.9 136.6 135.4 134.2 135.7 134.5 138.5 139.6 138.0 133.1 135.3 134.8 135.7 141.0 140.5 139.1 135.9 135.4 134.0 135.2 135.1 136.2 135.6 135.7 134.3 135.5 128.8 132.3 133.5 134.0 133.8 134.8 133.0 136.2 133.5 132.7 132.8 131.7 132.4 131.4 131.4 131.6 130.7
133.4 133.9 136.3 136.5 135.7 138.9 136.7 137.0 140.7 140.3 138.5 138.0 139.8 138.7 138.8 139.5 137.4 136.6 136.9 137.1 137.7 137.2 138.7 139.0 138.4 139.1 140.6 139.2 139.5 138.3 137.6 138.4 138.6 136.0 137.2 139.3 137.6 136.3 137.6 139.9 135.9 135.1 137.2 135.8 136.5 138.0 136.4 139.8 140.1 138.5 134.1 135.0 135.9 134.4 139.0 141.7 139.0 135.9 135.8 136.4 135.3 135.5 133.7 136.5 138.1 136.8 138.1 131.2 134.6 133.2 133.8 133.3 134.7 133.5 133.5 133.8 134.1 132.5 133.1 130.8 132.2 131.8 133.2 130.7
123.2 132.2 137.2 135.4 133.6 136.3 138.2 136.7 141.5 139.1 135.9 136.2 138.7 137.2 138.8 137.1 136.0 136.1 136.4 137.4 137.2 134.3 140.1 139.3 137.7 138.2 139.6 138.9 137.1 137.9 140.1 138.2 137.4 131.8 136.9 138.8 137.6 136.7 138.1 140.3 137.0 136.1 135.9 135.3 136.7 137.3 138.6 139.1 140.2 139.0 134.5 135.5 137.9 135.3 140.7 141.2 143.1 136.6 136.0 137.7 135.9 135.9 139.1 136.2 135.1 138.2 140.8 133.1 134.9 133.6 133.7 134.5 134.1 133.1 133.5 133.7 134.4 132.7 132.4 134.1 132.3 132.1 132.2 131.8
133.2 120.9 128.4 123.4 130.7 111.8 130.7 99.0 134.3 130.4 132.8 128.7 135.6 121.2 134.9 129.7 133.6 127.8 136.8 129.8 137.9 134.1 137.0 133.6 138.1 135.2 136.6 135.5 139.1 136.3 138.7 133.5 136.4 103.4 137.2 134.8 136.4 136.6 137.4 135.1 135.8 135.9 136.0 130.7 136.9 135.6 138.8 137.3 138.6 135.6 135.4 134.9 132.2 134.4 139.1 138.5 137.2 134.5 135.2 136.3 133.5 136.2 140.4 135.1 136.6 136.7 137.7 132.3 134.3 132.9 133.8 138.0 135.0 133.0 134.1 132.4 135.1 131.1 130.6 132.8 132.0 130.1 133.1 130.6
82.5 83.1 81.6 85.3 87.9 84.4 83.9 91.3 88.6 103.7 94.7 93.9 91.0 99.1 107.1 86.3 92.7 97.8 100.7 117.4 99.1 104.3 127.6 115.7 133.2 113.6 135.7 130.0 140.3 90.9 133.8 88.1 129.6 95.4 135.6 111.5 134.9 132.7 133.8 114.9 136.5 93.5 133.3 111.9 136.2 114.7 135.7 135.2 135.4 125.1 130.8 96.1 135.0 106.0 134.3 117.4 135.0 124.0 135.0 127.5 134.5 126.9 130.1 116.0 133.3 129.5 132.7 110.5 135.1 129.1 134.4 116.4 135.3 118.3 130.0 129.7 133.5 108.4 131.7 125.6 132.4 124.7 133.0 124.8
78.6 80.9 82.2 81.9 82.1 83.0 84.5 84.1 88.9 85.5 87.7 85.7 87.6 84.1 86.1 87.7 86.8 88.4 88.3 86.5 86.5 86.6 94.7 90.4 87.2 86.9 89.5 104.4 79.3 77.8 86.5 87.1 83.2 80.9 104.3 87.9 85.7 91.7 87.0 86.5 95.5 90.2 84.8 92.2 99.3 93.2 96.5 115.2 90.6 91.9 94.2 92.9 105.1 89.4 100.9 91.9 118.0 86.3 90.1 85.1 85.8 88.6 91.7 88.5 86.1 89.5 89.5 90.1 91.5 99.6 90.1 104.9 111.8 92.8 123.4 113.8 90.8 93.6 105.8 101.8 112.7 86.7 98.1 113.1
79.7 79.3 80.3 79.8 81.3 82.8 84.2 84.4 82.2 82.1 83.0 83.7 83.6 83.7 85.3 87.2 86.7 88.0 87.5 86.4 83.9 89.5 86.3 87.1 87.6 85.8 84.7 83.5 81.1 78.6 83.3 79.9 79.1 81.4 84.6 81.5 86.9 89.6 85.3 87.9 88.4 89.3 88.7 90.1 91.3 86.4 91.8 93.1 92.0 93.9 93.0 93.2 90.1 87.7 85.8 88.6 86.0 86.2 83.8 81.9 85.2 84.5 87.2 85.3 87.0 85.6 88.2 86.1 86.8 87.7 90.8 89.6 87.6 87.8 90.5 89.0 86.8 84.7 77.1 70.4 69.0 74.7 81.0 76.4
85.3 80.1 80.5 79.9 80.1 83.3 83.3 80.5 81.3 82.8 83.3 82.3 84.9 83.6 85.4 85.3 81.0 86.2 86.8 86.6 85.8 88.2 86.2 87.2 88.1 87.3 86.5 78.6 77.8 78.3 78.6 80.6 80.9 81.2 84.7 81.5 88.4 88.9 88.7 89.5 88.3 87.3 89.8 90.4 88.4 90.5 90.8 91.0 92.5 93.4 91.3 93.2 91.0 90.0 87.9 88.6 88.3 85.9 83.6 81.5 84.6 84.7 85.6 86.1 86.2 84.7 85.3 87.7 87.1 86.9 90.1 89.9 89.0 88.0 86.2 85.2 85.8 83.8 75.4 69.9 69.7 69.9 69.6 73.1
78.4 80.8 80.8 80.4 82.1 85.8 82.2 82.3 80.2 81.6 86.8 81.9 83.6 84.2 85.6 86.7 85.9 84.9 86.2 85.4 86.5 87.9 86.9 86.8 87.7 87.5 85.5 85.1 81.4 81.6 78.5 79.5 81.0 80.7 79.9 82.1 83.3 87.0 91.6 93.1 90.1 91.2 89.3 88.6 87.9 91.4 92.4 91.9 92.9 92.9 93.4 93.1 90.7 90.8 91.3 87.4 87.4 87.0 83.4 81.4 85.4 84.9 88.4 85.9 87.4 84.8 85.0 84.7 84.8 86.9 90.3 90.0 89.9 88.2 85.9 83.2 86.7 82.3 77.3 72.0 69.6 71.0 69.9 71.8
80.1 79.9 81.1 81.0 82.1 81.5 82.0 80.4 83.5 80.7 81.9 82.6 82.6 84.2 85.1 86.6 86.2 85.1 92.6 84.8 88.1 87.8 86.4 88.5 88.5 86.3 86.8 86.5 80.8 83.6 78.4 80.3 80.9 81.2 82.2 82.5 84.0 85.3 91.5 92.2 92.6 92.5 92.1 88.9 91.4 89.4 92.5 92.0 92.9 93.4 97.1 92.5 92.4 91.6 91.4 89.3 88.0 88.1 80.6 83.2 85.7 85.2 92.6 85.6 84.6 86.5 84.2 84.3 85.2 86.6 87.7 88.8 92.6 91.8 88.4 86.0 87.5 84.0 76.7 73.9 71.8 74.3 70.6 75.2
79.7 80.8 80.8 80.0 81.6 80.1 80.7 81.0 84.1 80.3 78.6 82.6 81.4 83.5 83.7 86.2 87.5 87.3 88.1 86.3 85.5 88.3 89.3 87.2 87.3 86.4 89.0 86.3 80.1 82.6 79.5 78.7 81.0 80.1 81.9 82.9 82.2 85.3 88.7 92.5 92.5 92.8 92.2 91.4 88.1 89.5 91.2 92.5 93.5 93.7 93.8 92.6 91.3 86.8 95.8 90.6 91.2 93.8 87.2 82.4 89.7 85.4 84.8 85.8 89.5 86.6 85.2 86.1 85.2 88.9 85.8 89.2 91.6 89.7 87.7 86.6 87.6 83.7 79.7 75.6 74.5 76.1 71.4 76.7
78.0 81.1 80.4 80.8 80.9 79.7 80.6 82.2 81.5 80.7 78.5 82.6 82.7 83.1 84.5 85.8 85.1 88.4 87.4 86.6 81.4 88.8 85.9 86.0 86.1 87.1 87.8 87.3 85.1 83.9 80.8 80.9 81.9 80.5 79.9 78.7 85.3 85.2 89.0 92.1 93.2 93.7 93.6 94.5 91.7 89.7 92.9 92.5 95.1 93.8 92.7 92.6 92.4 93.5 88.8 90.9 90.7 91.0 86.0 83.9 90.1 85.5 85.7 86.3 85.9 86.4 86.3 86.3 84.1 86.9 86.6 87.9 89.6 88.6 88.8 87.0 83.8 81.3 80.0 78.9 76.6 77.6 74.2 76.5
81.6 81.6 81.1 79.8 82.2 80.0 81.4 83.5 81.3 82.0 81.0 83.0 81.6 82.4 85.2 85.8 84.2 85.9 86.7 86.5 85.5 88.0 88.0 88.1 87.8 86.3 87.3 86.5 87.9 86.8 85.5 83.5 82.9 82.9 83.4 81.6 84.7 83.7 90.1 91.4 91.8 94.2 94.5 94.9 93.1 91.0 93.4 92.9 92.5 94.7 92.8 92.4 96.6 92.9 91.6 90.8 90.6 93.0 88.0 87.4 85.7 87.0 86.6 87.8 88.7 87.8 87.1 88.0 85.9 87.1 87.9 87.9 90.2 89.1 89.6 87.4 87.8 79.8 80.2 74.9 74.4 81.3 76.2 76.8
80.6 81.0 82.2 80.2 79.3 81.1 83.4 82.8 81.0 81.7 82.5 82.2 82.5 83.9 84.6 85.9 82.2 87.1 85.1 86.2 86.1 87.6 85.8 89.0 87.9 87.0 88.6 86.9 90.1 88.4 89.5 85.6 85.0 84.9 83.6 82.6 82.5 85.4 87.3 90.9 91.4 90.5 96.4 98.5 92.6 92.1 93.1 92.2 95.0 95.1 93.0 92.4 90.2 90.2 90.4 90.3 90.6 94.0 91.7 90.0 90.2 92.3 88.1 87.8 87.1 85.2 88.9 85.8 86.4 85.5 86.2 87.4 87.4 88.2 88.3 86.8 85.7 78.6 83.7 75.2 76.9 80.8 77.4 77.1
82.6 81.8 81.4 82.8 82.6 80.7 81.6 82.4 78.2 81.0 86.0 82.1 79.6 82.8 84.0 84.9 84.5 87.1 85.8 88.4 87.0 87.7 88.6 86.8 87.7 87.6 83.5 89.0 89.0 91.0 89.6 87.8 85.2 84.7 84.2 83.0 87.0 86.4 87.6 88.4 92.0 91.0 96.7 97.7 92.3 92.5 92.4 93.8 96.4 94.8 93.0 90.7 92.0 89.9 90.4 89.1 89.8 95.2 92.8 93.0 92.1 94.6 91.4 86.7 86.6 87.6 90.5 87.0 86.1 87.8 89.2 87.7 89.4 87.5 89.7 85.3 84.5 79.8 80.9 75.3 78.3 81.9 78.3 78.8
82.6 82.2 82.6 82.6 82.3 81.6 80.1 82.2 81.3 80.4 80.3 81.5 80.4 82.1 83.0 84.7 86.2 84.6 87.0 87.1 87.6 88.6 87.1 87.9 88.5 86.8 86.1 88.2 86.6 89.7 90.7 88.5 87.5 86.0 85.2 83.9 84.7 86.6 91.2 90.2 90.1 93.4 95.7 96.4 94.6 93.3 92.8 93.4 93.9 94.7 91.9 87.9 92.2 89.7 91.6 89.7 91.7 95.1 92.4 93.0 93.9 93.6 93.2 89.3 89.3 88.7 89.8 91.7 89.1 86.8 88.7 88.9 88.4 87.4 89.2 85.2 85.1 79.0 80.2 76.5 79.2 80.3 77.5 75.9
78.8 83.8 81.3 82.3 83.0 82.8 80.9 82.0 83.7 79.6 81.0 81.9 82.1 82.2 86.8 82.4 89.0 85.4 89.7 85.8 87.3 86.5 87.4 86.8 90.1 88.1 87.2 88.9 88.7 89.7 89.4 88.0 89.6 85.4 88.3 84.5 85.2 85.7 88.0 89.7 89.3 92.6 96.2 94.8 94.7 94.2 92.6 93.4 95.1 94.1 92.5 88.4 89.8 89.2 91.5 90.5 92.2 92.7 93.7 94.6 91.2 92.7 92.3 89.0 89.7 90.2 88.7 89.2 87.5 88.9 88.9 89.7 88.1 89.2 88.6 85.6 83.0 81.7 81.5 76.1 77.7 79.6 76.5 81.2
80.8 84.1 80.8 82.1 83.2 84.1 80.6 83.6 82.6 81.2 83.4 81.2 79.2 83.0 83.4 81.7 84.0 85.3 86.3 86.3 87.3 85.8 86.4 86.1 87.2 86.8 85.2 87.9 85.8 89.5 89.2 89.4 90.5 86.9 86.7 85.5 88.4 86.9 87.8 88.0 90.0 90.3 98.8 95.5 96.9 94.7 90.9 93.5 94.5 93.1 92.7 88.5 90.3 88.9 88.6 91.2 91.5 94.9 91.9 93.9 93.4 92.4 95.2 91.3 88.5 89.2 90.2 89.1 88.3 89.5 88.5 89.7 90.1 90.0 88.9 87.4 80.5 80.6 76.3 78.6 77.3 79.2 80.5 80.2
81.5 84.3 81.2 82.8 80.1 83.7 80.8 83.2 81.3 83.2 79.8 81.3 80.0 81.9 83.0 82.2 84.2 85.4 86.1 86.2 87.3 85.6 86.4 86.7 86.7 85.9 87.3 85.6 88.3 89.0 89.0 89.3 91.3 88.7 88.8 86.8 87.9 87.9 87.9 87.0 90.1 89.5 94.1 96.8 94.3 92.2 91.8 94.2 93.9 92.5 91.0 88.1 92.7 89.1 89.6 88.6 88.3 90.7 92.5 94.1 93.2 92.9 96.5 93.3 91.1 90.1 91.5 89.3 89.2 90.3 89.6 90.1 90.6 89.9 89.3 86.6 79.6 80.0 72.6 80.1 80.9 83.0 83.2 83.6
81.3 82.2 83.0 83.5 84.5 83.4 82.8 83.3 83.5 83.8 81.0 81.2 80.0 81.7 83.9 84.3 85.6 86.0 87.6 85.5 86.1 86.7 85.5 86.8 86.1 86.8 86.1 85.2 88.0 89.2 88.4 89.3 89.9 90.8 87.5 87.8 87.2 90.5 90.5 88.0 88.8 88.5 96.2 96.1 94.1 91.9 93.1 93.9 93.1 91.9 91.2 87.7 89.1 87.3 85.4 89.1 86.6 90.1 92.8 94.8 93.2 92.4 92.3 93.1 87.4 90.1 93.4 89.7 90.0 90.7 88.7 90.5 89.1 89.8 88.6 86.6 79.3 81.0 78.8 84.2 83.4 87.4 85.7 85.1
84.2 83.6 85.5 83.3 82.7 83.8 82.1 83.6 83.2 83.8 83.6 82.1 80.3 82.3 82.2 84.6 84.0 86.0 88.5 85.2 89.4 85.7 84.6 86.1 85.6 85.4 85.7 85.5 85.1 89.6 90.7 89.9 91.0 91.7 91.6 89.0 87.6 90.0 90.0 88.4 88.5 89.0 97.3 95.2 92.7 92.1 93.0 93.4 91.2 92.1 94.5 88.7 90.5 84.9 88.0 86.1 85.5 87.8 90.2 93.0 93.2 92.3 93.2 92.2 87.5 90.4 91.9 90.4 90.8 92.3 91.3 91.9 90.8 89.9 90.0 84.0 80.2 81.1 71.8 84.9 86.4 88.8 87.8 91.2
84.9 85.2 83.3 84.1 83.1 83.8 83.3 82.8 84.1 83.4 84.4 84.1 81.7 82.3 83.9 82.9 83.6 85.4 86.4 86.7 85.5 84.9 84.8 85.2 82.1 84.0 85.5 85.2 87.0 89.7 90.5 89.2 91.6 89.8 91.6 88.8 86.1 89.2 88.6 88.7 87.6 88.6 91.6 93.5 94.0 91.7 92.4 94.6 95.0 92.4 92.2 89.7 88.8 84.6 87.6 84.3 84.5 85.9 89.6 91.4 93.4 92.5 93.4 91.6 90.8 90.7 92.5 91.9 91.4 90.6 87.9 93.0 91.2 89.0 86.3 83.5 82.3 82.6 77.5 84.8 88.3 90.7 90.0 94.4
85.1 85.6 85.1 84.8 84.7 84.0 83.0 80.8 84.3 84.7 85.3 83.1 82.6 82.5 83.0 82.7 83.3 84.8 86.5 85.6 84.6 85.3 82.8 83.7 84.0 83.7 85.3 85.0 83.7 89.3 91.3 89.6 90.0 91.0 88.9 90.7 88.8 88.5 88.9 89.1 91.8 88.1 95.5 92.2 94.4 91.0 90.6 93.8 93.9 90.2 91.6 89.7 89.6 84.9 86.9 87.6 84.2 84.5 87.1 89.5 92.5 92.8 95.8 92.5 93.5 89.4 92.6 92.5 92.4 91.3 91.5 90.7 91.9 89.1 86.5 82.3 80.5 82.0 78.9 87.0 89.9 92.9 90.5 93.7
85.8 86.5 86.1 85.5 85.3 86.3 82.9 82.2 85.0 86.4 88.3 86.4 83.7 83.1 82.4 83.4 84.1 87.3 83.4 84.2 84.5 84.4 83.0 82.8 82.8 84.8 85.2 84.8 84.6 88.8 89.7 89.5 90.9 92.0 91.0 91.2 89.4 87.9 89.7 88.5 89.5 87.6 90.5 92.7 94.8 91.2 85.0 89.7 90.0 87.8 87.5 86.1 89.2 84.1 85.2 87.5 85.3 84.5 87.6 85.9 88.7 91.3 94.3 91.9 91.4 91.2 93.0 92.6 92.3 92.0 88.4 91.0 92.0 88.6 86.4 81.2 81.3 82.5 73.9 86.8 90.3 94.1 91.1 91.2
87.0 88.2 87.8 87.9 86.0 86.0 85.3 84.8 87.2 86.0 85.6 81.5 84.2 81.7 82.3 82.4 83.6 85.9 86.3 84.2 82.7 82.7 82.0 83.4 78.5 83.1 84.8 85.9 84.9 86.6 90.7 89.3 92.9 91.2 90.7 91.8 89.5 89.0 86.7 88.2 89.7 87.2 90.9 94.9 93.4 91.2 87.9 87.0 88.4 87.1 86.2 85.2 85.9 82.0 87.5 88.2 85.5 85.9 83.5 84.3 86.2 84.4 92.6 91.1 92.3 90.8 94.2 91.0 93.5 90.8 89.3 91.6 93.1 88.9 85.5 79.2 82.9 80.9 76.6 87.6 91.5 95.3 91.6 94.5
90.9 88.9 88.0 87.3 87.9 85.3 85.1 84.7 82.5 87.0 85.2 83.5 81.5 81.3 82.9 81.1 81.8 84.0 82.8 84.1 81.0 82.4 80.6 83.2 81.2 81.0 85.2 85.7 88.4 84.5 89.5 88.3 90.5 90.5 91.4 92.1 89.8 90.1 86.8 87.9 88.8 87.1 87.8 95.7 93.0 90.9 88.3 88.2 87.4 86.6 83.7 84.2 84.2 80.5 85.7 88.7 91.6 86.2 84.6 81.9 87.1 84.3 89.7 90.2 94.2 90.8 93.0 94.9 91.4 91.5 90.6 90.9 91.2 86.8 84.8 80.0 83.9 79.8 78.6 89.3 90.6 95.1 91.3 93.2
87.7 88.9 88.1 87.1 88.1 87.3 84.6 86.3 87.3 87.1 87.7 84.0 81.7 82.4 78.9 79.6 82.7 82.4 84.7 82.8 80.6 81.9 80.4 81.5 85.5 81.2 85.8 85.3 87.0 86.6 89.9 89.2 90.6 89.9 90.0 92.3 91.8 90.0 88.2 87.6 85.8 88.5 86.7 93.6 95.6 91.7 87.0 88.7 91.2 87.6 87.6 84.8 83.3 78.9 87.8 88.8 87.5 86.4 86.1 84.9 82.7 84.8 87.5 89.3 89.9 91.4 91.8 94.2 91.9 91.4 92.1 90.9 88.3 86.8 80.9 80.2 84.2 76.4 83.1 90.2 91.5 95.2 90.8 92.2
88.2 88.4 88.7 86.8 88.4 86.2 87.4 88.1 87.6 87.0 86.1 83.1 80.3 82.9 80.4 75.1 79.5 80.8 85.5 83.3 81.1 80.6 83.0 79.6 81.0 81.0 85.5 86.0 86.4 86.5 88.6 88.3 88.8 90.4 91.0 92.1 87.0 90.9 90.8 87.8 89.0 87.3 86.5 90.9 93.9 93.6 91.2 88.3 90.8 88.2 88.3 86.3 81.8 75.4 86.7 85.7 87.7 86.9 86.4 84.8 85.3 84.2 87.2 87.2 91.7 91.1 91.7 91.1 92.3 90.0 91.8 91.3 89.5 88.0 79.9 80.9 85.7 78.5 84.4 90.8 89.6 95.2 90.1 91.4
87.2 89.3 86.4 85.9 84.5 86.3 87.3 87.9 87.1 87.9 86.7 83.9 82.0 83.2 78.9 73.2 76.1 78.4 81.8 82.3 79.0 79.6 79.0 78.1 84.1 80.7 86.0 83.8 86.4 85.8 88.8 86.7 88.0 89.0 92.5 89.2 94.3 90.6 88.1 86.9 85.7 87.5 89.7 89.0 94.8 94.1 91.2 89.9 89.2 89.7 86.3 86.6 82.9 77.1 91.4 86.3 87.0 87.3 87.6 85.6 84.4 84.2 86.6 85.0 92.5 90.6 93.2 92.2 90.0 89.6 88.7 91.4 89.6 88.8 78.8 81.9 83.9 80.2 83.7 89.6 89.2 94.5 92.1 91.9
87.6 89.9 88.3 85.0 86.3 87.2 86.6 87.8 88.5 88.4 83.8 85.5 83.8 83.7 82.6 72.8 72.0 73.8 80.3 81.2 74.3 79.8 78.7 78.4 81.5 80.9 83.4 84.7 87.6 87.0 88.8 93.6 92.0 88.9 91.8 89.8 90.6 90.6 91.2 86.9 88.8 87.6 86.2 85.3 91.8 91.9 93.1 90.6 91.0 89.6 88.3 86.5 84.6 76.7 87.6 87.8 87.5 87.4 88.4 87.3 86.4 82.9 86.2 85.0 86.5 89.2 91.7 91.2 88.7 88.1 89.6 90.0 90.2 87.5 76.8 82.5 83.9 81.8 86.5 90.7 86.8 94.1 91.7 92.1
