surveys/q10_1/matrix_q10_1s1.txt
north:            -502.50
south:           -1197.50
east:             2705.00
west:              -93.00
rows:                 141
cols:                 279
null:              -999.0
[rows 38 to 75 of 141, columns 0 to 83 of 279]
78.6 76.2 75.5 76.3 77.7 79.4 80.0 83.0 83.4 84.5 85.1 86.3 86.8 86.9 88.3 88.4 88.0 88.4 88.1 89.6 88.6 89.6 90.2 87.6 84.0 85.6 82.3 84.9 85.3 86.8 87.2 88.1 91.4 91.2 92.7 86.5 79.4 78.2 77.3 74.5 79.4 77.1 77.6 80.2 77.5 81.0 82.2 81.1 79.3 80.3 78.8 80.5 81.2 81.4 83.7 83.8 86.3 83.3 84.2 85.1 87.0 87.2 87.3 84.7 86.8 86.0 87.5 87.2 89.8 86.7 86.1 85.1 85.9 88.0 84.2 85.1 85.6 84.1 84.5 85.7 82.9 83.1 86.4 84.9
78.2 74.8 72.0 76.2 78.2 79.7 81.6 84.6 87.7 86.3 87.5 86.6 87.9 86.9 86.9 88.2 84.7 87.4 87.7 89.3 90.1 89.9 88.5 89.6 83.2 85.1 86.6 86.5 84.5 86.5 88.6 87.6 91.1 90.9 91.2 88.0 79.1 78.2 78.1 77.4 79.2 76.9 76.0 80.2 77.9 81.2 78.5 81.9 80.2 81.1 79.4 80.5 82.7 80.7 82.0 82.4 83.4 84.6 84.8 84.4 87.3 86.5 87.1 86.7 89.3 86.5 87.9 86.2 89.5 87.3 86.5 86.3 86.3 85.5 84.4 83.5 85.9 83.8 85.5 84.3 84.7 85.3 84.7 84.5
76.4 73.5 72.3 75.8 77.7 80.2 81.8 82.8 86.4 86.9 88.6 86.9 88.5 86.7 86.8 86.6 87.8 87.0 89.2 89.0 90.6 88.7 87.8 91.6 82.2 83.8 85.2 86.6 83.2 86.6 86.2 87.6 91.2 90.4 91.3 89.1 80.4 79.3 79.5 78.5 78.4 78.0 76.1 79.7 77.8 80.4 79.6 82.4 81.1 79.7 79.2 80.4 80.8 80.1 82.7 81.5 85.1 84.8 84.1 83.9 85.9 86.3 87.5 86.6 90.4 86.4 87.0 88.8 88.6 85.7 86.6 86.2 88.8 83.7 82.5 84.6 85.7 84.2 83.9 84.5 89.2 84.3 84.8 84.1
73.6 72.4 73.6 74.4 76.9 80.7 81.9 83.9 86.3 87.0 87.1 86.5 89.3 86.8 88.3 86.3 86.5 88.7 88.9 89.4 88.8 89.2 90.7 91.6 83.2 85.0 85.3 84.0 85.2 86.7 86.2 87.7 90.6 90.2 91.4 89.6 81.1 78.2 79.3 79.1 76.5 78.8 76.0 80.2 76.3 79.7 81.1 81.9 83.1 79.2 79.2 80.0 80.2 81.3 82.4 80.4 88.6 83.5 85.9 83.8 86.0 85.7 87.1 86.1 89.5 85.0 88.2 87.4 86.8 85.1 87.6 86.1 87.4 84.1 84.8 85.8 86.2 83.9 84.3 84.7 84.6 83.9 84.2 85.9
73.3 72.1 73.7 75.1 77.8 82.1 82.2 85.6 86.2 87.1 85.5 86.8 88.3 88.2 87.8 86.0 87.9 89.4 89.6 89.3 90.6 90.8 88.4 90.9 83.6 85.8 84.8 88.5 82.8 87.8 86.1 88.6 90.6 89.4 91.5 89.3 81.7 78.2 77.8 78.9 79.7 80.3 78.7 80.7 78.2 78.9 79.6 81.1 80.7 79.4 73.2 79.2 80.5 81.1 81.8 81.2 81.3 82.7 83.1 83.6 86.3 85.7 85.6 88.6 88.6 88.5 88.6 86.6 87.0 87.1 87.3 86.8 87.2 84.6 86.3 84.3 85.0 84.3 84.5 83.8 83.7 83.8 84.8 86.5
68.4 70.8 73.9 75.5 77.5 81.2 82.6 84.1 86.2 85.7 84.6 87.5 87.6 87.3 89.5 88.0 87.9 89.7 89.2 89.3 90.0 88.2 83.9 89.0 83.7 85.1 85.2 87.9 87.3 89.8 86.7 88.7 92.8 90.2 91.9 88.1 82.1 78.3 82.8 78.7 73.0 79.5 79.2 80.0 79.1 79.1 81.2 79.5 80.4 80.0 78.0 79.4 79.2 79.2 82.9 82.8 83.5 82.7 83.5 83.5 85.9 85.7 85.4 88.3 87.4 88.2 89.7 89.4 88.3 88.4 88.1 87.0 90.2 82.1 85.5 84.0 85.3 84.7 85.5 85.7 87.4 85.8 85.5 86.6
68.5 70.2 75.2 76.5 78.6 81.5 83.7 83.9 84.5 86.0 87.5 89.4 90.3 86.0 89.0 89.6 89.1 89.4 94.2 89.3 87.8 88.5 88.3 88.6 86.0 86.9 87.6 88.2 89.1 87.4 85.6 87.8 92.2 90.8 91.6 85.0 84.8 79.1 77.8 77.0 78.1 78.6 79.9 78.7 81.4 82.2 83.3 82.0 82.4 81.5 83.7 78.9 77.0 79.6 81.4 81.2 83.6 82.3 83.4 83.1 86.8 85.1 86.4 86.6 87.5 87.6 86.8 88.4 88.3 88.8 87.5 86.6 87.7 82.9 85.2 86.1 85.9 84.8 83.5 85.1 86.4 85.8 87.9 86.3
69.9 70.9 74.0 75.8 79.8 83.3 84.1 85.4 86.0 85.5 88.0 89.9 88.2 86.0 89.1 89.2 89.7 90.5 91.3 89.9 91.1 87.8 89.0 87.6 84.9 86.5 86.8 89.3 86.8 88.2 86.2 88.7 89.9 89.9 91.5 84.8 86.4 82.7 78.6 76.5 78.6 78.5 79.8 79.0 81.5 82.9 82.9 84.8 83.4 83.8 83.3 81.1 83.4 80.8 81.3 81.0 83.6 81.9 80.8 80.8 86.7 84.4 85.9 85.2 86.3 86.4 90.4 86.7 87.4 88.1 86.0 86.7 86.7 83.0 83.4 86.1 82.9 85.4 90.1 84.9 85.6 86.1 86.5 89.8
66.6 71.0 73.9 76.9 80.7 83.3 83.5 84.5 86.7 85.6 88.7 88.0 84.3 86.1 90.7 88.1 91.0 89.9 90.3 89.8 88.5 88.4 89.2 85.4 83.7 85.9 91.9 88.5 87.0 87.9 85.6 88.0 91.6 91.5 90.7 88.4 85.2 84.0 79.4 81.2 78.6 78.4 78.9 80.5 82.3 82.8 83.1 84.4 83.1 84.7 84.9 81.8 83.9 80.8 81.1 81.0 82.8 80.9 83.6 80.9 86.5 85.0 86.6 85.6 86.7 87.1 87.7 87.6 87.9 88.1 86.7 88.0 82.4 79.5 83.2 85.1 83.4 84.8 83.4 84.7 87.7 86.4 86.3 87.0
70.0 71.0 75.5 78.7 83.2 83.3 83.4 84.2 86.5 91.8 89.7 87.4 86.6 87.2 89.2 88.5 89.9 89.0 90.0 89.1 84.4 87.8 88.7 83.6 84.7 86.4 86.6 88.2 87.1 88.7 86.5 88.7 93.5 91.5 91.1 88.5 86.1 85.2 84.9 83.2 78.1 78.1 80.3 80.7 81.5 82.5 84.4 84.7 85.1 85.2 84.7 82.0 83.1 81.7 79.1 81.3 82.3 80.2 82.9 81.5 84.3 84.1 85.2 85.8 85.2 87.4 88.4 89.9 88.6 88.4 87.7 88.1 82.6 85.2 84.2 86.2 86.3 85.4 84.3 84.8 86.3 85.8 86.6 88.7
71.0 72.1 80.9 78.9 80.1 82.9 84.1 85.1 87.2 87.1 88.5 86.2 89.1 89.1 90.0 88.4 89.7 89.0 89.5 90.4 85.4 86.9 88.1 84.8 86.4 86.7 87.0 87.4 86.5 87.9 87.5 88.9 96.3 91.3 91.4 89.9 86.2 87.2 86.1 85.6 82.9 81.3 78.4 80.1 81.2 80.3 83.6 84.9 84.7 84.9 84.4 82.7 82.4 81.3 79.2 80.2 82.2 80.2 82.7 82.0 84.2 83.3 85.8 85.9 82.5 86.6 88.4 88.2 87.5 88.0 86.7 86.4 83.2 82.9 83.7 86.6 84.9 85.4 86.5 85.4 85.2 85.0 83.6 85.5
70.1 72.7 74.8 78.1 82.4 83.5 84.1 85.4 86.1 86.0 86.5 88.5 89.0 87.3 89.4 89.1 91.6 90.6 89.1 90.4 88.6 88.9 87.0 84.5 84.9 87.3 85.3 86.7 88.1 89.2 86.9 89.5 89.4 89.8 91.7 89.0 90.0 86.9 88.1 90.0 84.3 86.7 81.3 80.0 78.8 80.4 82.3 84.8 84.2 83.5 83.2 82.6 82.1 81.8 81.2 83.3 82.2 83.2 81.9 83.1 83.1 81.7 85.3 84.7 84.7 86.3 88.6 85.7 88.4 87.9 86.6 87.5 81.0 83.0 82.4 82.2 86.3 84.4 85.5 84.5 85.4 83.4 86.9 85.7
69.7 72.8 78.3 78.0 82.0 83.6 85.3 85.2 86.5 86.6 88.1 89.1 89.6 87.8 90.4 89.9 92.3 89.3 88.3 90.0 87.9 90.8 89.1 84.3 85.2 85.4 87.0 88.5 88.7 88.5 90.5 90.0 92.2 91.6 94.0 88.3 89.1 88.5 90.5 90.9 88.8 84.2 82.2 82.6 82.0 80.7 81.7 83.0 82.8 83.3 83.4 81.7 83.5 84.4 82.8 85.8 80.1 85.2 84.3 83.1 79.2 82.1 83.2 84.1 85.5 85.9 87.0 85.8 88.8 87.8 82.0 86.6 81.7 84.6 82.3 83.1 83.7 82.8 82.5 83.5 83.0 83.0 83.9 86.6
72.2 73.8 79.6 79.1 82.0 84.6 85.5 85.2 86.7 89.1 87.3 88.3 89.0 87.7 89.9 92.6 87.4 88.6 88.3 89.9 91.4 88.2 89.9 84.3 85.3 85.6 87.9 88.2 88.5 88.8 89.6 89.6 90.1 90.8 90.7 88.3 90.8 89.7 89.6 93.5 88.2 88.2 84.3 83.4 81.4 81.3 80.4 81.0 82.3 82.5 80.8 80.6 80.9 84.8 84.6 83.4 84.4 81.1 79.2 84.2 85.4 83.1 84.2 82.1 85.1 86.4 85.2 86.0 88.2 86.0 85.2 85.9 82.6 82.1 82.2 82.1 82.5 79.5 82.0 83.3 82.7 81.7 82.3 85.5
72.5 74.6 79.8 80.7 82.7 85.6 85.2 85.6 85.2 87.9 84.8 87.4 90.6 88.5 88.7 88.3 91.0 87.7 88.1 89.5 86.8 89.4 83.0 85.4 85.5 85.9 86.9 87.7 89.9 86.0 89.4 88.3 90.0 91.0 95.0 88.3 91.1 91.1 91.1 91.6 91.0 91.4 86.5 85.9 79.7 83.4 82.2 80.5 81.2 81.6 80.7 80.2 82.4 82.0 83.8 84.9 86.3 81.2 83.6 82.5 83.3 83.8 85.4 80.9 85.2 86.5 87.0 86.7 85.7 85.0 86.1 85.3 79.4 82.2 80.5 77.9 78.7 77.9 81.9 82.3 81.8 81.4 83.3 85.4
72.5 75.9 81.0 83.2 84.5 85.8 84.4 85.2 86.4 87.7 87.7 85.2 87.7 89.9 86.1 89.5 88.5 88.2 88.8 89.2 88.9 90.5 88.9 85.0 86.6 86.8 87.3 86.9 91.2 86.2 89.2 87.8 92.8 92.4 93.1 89.0 90.5 90.4 91.0 90.4 90.8 91.8 89.2 89.4 83.6 85.1 83.5 83.1 81.8 82.1 81.7 79.9 80.3 80.1 84.6 85.2 83.4 82.1 80.4 81.4 82.9 83.8 83.7 83.4 84.3 86.3 87.1 86.7 84.8 85.0 86.1 85.6 80.0 81.8 78.7 77.8 77.5 75.4 78.0 79.8 79.7 81.4 83.9 86.8
75.1 76.9 81.0 81.0 84.2 85.6 86.2 85.1 86.2 86.8 88.9 86.0 87.3 91.0 89.2 89.1 89.5 88.3 88.4 88.7 88.6 89.4 88.7 85.3 87.6 86.9 88.1 86.4 91.3 87.7 89.8 86.8 90.3 92.6 92.0 88.2 90.6 89.9 91.5 89.3 91.0 92.3 91.8 91.2 85.2 87.0 82.1 83.6 82.0 80.5 81.2 75.2 80.5 78.4 83.0 85.0 85.9 82.4 86.2 82.0 83.7 83.0 85.6 83.2 84.8 83.9 85.8 85.9 84.7 85.0 88.1 83.5 78.7 79.1 76.9 75.5 76.8 75.0 79.0 79.1 80.5 82.1 82.5 86.0
76.8 79.5 81.0 80.1 82.7 86.1 85.4 86.3 85.8 86.3 91.2 86.1 88.0 89.2 88.6 89.8 88.6 89.4 88.7 87.8 88.4 88.7 87.0 86.2 86.8 86.9 87.8 87.9 90.6 88.8 90.1 86.7 90.6 92.4 91.3 90.3 91.0 88.9 91.2 91.1 91.2 93.8 86.4 89.9 86.8 89.6 84.2 84.1 81.9 85.0 78.8 78.2 78.2 79.6 81.5 82.7 84.3 82.1 85.2 82.2 83.3 81.8 85.0 83.5 83.6 84.4 85.2 84.5 84.8 85.5 86.2 81.0 77.9 76.7 74.6 74.2 75.9 74.3 78.9 78.5 82.7 81.8 84.0 84.8
76.0 79.5 81.2 83.8 83.4 86.2 84.5 85.8 85.3 86.3 87.9 86.6 90.3 88.9 89.5 89.7 88.4 88.6 88.3 88.1 90.2 88.4 86.0 86.1 86.0 87.6 85.9 88.2 89.5 88.5 89.7 86.8 90.4 91.6 91.2 90.5 91.8 89.6 92.5 90.5 91.3 92.4 90.4 89.9 88.2 89.1 84.4 84.0 81.8 86.2 82.5 80.5 75.7 77.6 81.4 81.3 83.9 81.0 85.5 82.0 83.8 80.9 87.3 83.4 84.9 84.8 84.6 81.6 82.9 83.9 84.3 80.9 73.3 74.1 73.2 74.3 74.4 74.6 77.9 78.1 80.3 81.6 85.8 85.2
76.6 80.8 83.4 85.2 84.2 85.6 86.2 84.8 84.5 88.8 87.0 87.0 88.6 88.4 89.9 89.5 89.0 88.8 89.1 90.4 90.4 90.8 84.3 86.0 86.0 88.3 88.3 88.3 89.6 88.3 89.6 88.0 92.0 90.5 91.4 91.0 91.1 90.4 91.9 90.0 89.2 90.2 89.3 91.9 88.4 88.6 87.4 86.5 83.5 87.7 84.4 81.1 78.6 77.5 80.8 79.2 83.1 80.4 83.5 82.5 83.9 81.7 83.3 83.4 84.4 85.6 84.1 82.7 79.4 84.1 82.0 80.1 74.2 73.8 72.9 71.7 73.6 74.5 80.0 74.9 80.5 81.7 84.7 86.7
80.7 82.2 85.3 81.1 83.6 84.4 83.7 84.2 85.2 87.4 89.9 86.9 89.1 88.3 88.5 88.9 86.5 89.3 89.0 89.5 88.3 87.5 84.8 86.6 86.3 87.4 87.7 88.1 89.7 88.8 89.5 89.1 92.7 90.0 95.2 91.4 90.7 88.6 90.9 91.2 93.7 91.8 89.5 91.5 90.4 90.3 88.6 88.4 84.5 88.2 83.3 83.3 82.1 79.4 80.4 78.8 82.5 79.1 82.2 81.7 83.1 81.1 83.8 81.0 83.5 84.9 83.4 83.0 84.1 82.8 85.4 78.8 77.4 73.6 72.3 72.8 70.8 73.1 77.6 77.6 82.1 82.8 84.4 87.1
82.2 81.5 83.1 80.8 85.6 85.4 84.4 86.9 86.9 87.1 89.0 86.9 89.3 88.1 88.2 88.7 88.6 89.5 88.5 89.5 89.3 88.3 84.9 86.7 87.6 88.0 87.6 87.2 87.7 89.6 90.6 89.9 92.4 89.5 91.9 90.9 91.3 90.5 91.5 94.0 90.8 91.2 91.9 90.5 89.0 90.7 87.1 88.3 86.5 88.5 86.9 86.2 84.9 80.4 80.1 79.2 79.9 79.1 82.6 81.3 82.2 81.7 84.3 85.3 82.6 82.6 81.9 82.9 81.7 80.8 83.8 78.9 76.5 74.6 72.9 73.3 74.6 72.8 76.3 79.1 78.6 81.7 85.1 86.5
84.3 81.6 84.3 83.7 85.2 85.6 84.6 87.4 88.4 87.6 87.8 86.9 86.6 88.3 90.5 89.3 89.1 89.6 89.3 89.6 89.7 90.7 84.4 86.7 85.6 87.2 87.6 86.8 89.1 89.8 90.3 89.9 92.2 91.3 92.4 91.0 91.6 90.5 91.2 92.6 89.9 91.8 90.5 90.0 88.9 90.6 88.7 90.7 89.0 89.1 89.8 87.5 90.4 82.6 79.3 81.9 79.3 79.0 82.1 80.4 82.4 81.2 83.9 85.3 82.5 83.5 85.3 84.6 83.8 79.5 80.4 77.8 74.9 71.0 73.0 74.2 70.0 74.0 78.4 79.9 82.4 80.1 84.1 86.3
88.9 82.8 84.4 83.7 85.5 85.6 85.3 87.5 87.1 88.9 91.0 87.4 88.2 88.8 89.4 88.1 88.7 88.8 88.7 90.1 89.3 89.7 87.6 86.7 87.2 88.4 88.1 88.9 88.8 89.2 89.3 89.9 93.9 91.7 94.9 91.1 90.4 90.8 90.3 91.7 90.7 91.4 90.0 89.4 89.1 89.9 89.7 90.8 89.5 88.9 88.1 89.1 91.5 85.9 82.0 79.6 79.0 78.8 80.3 78.1 80.2 80.8 81.5 81.5 81.1 82.1 82.4 81.2 83.1 80.2 78.6 77.2 74.8 73.0 76.4 73.7 74.5 74.9 78.0 78.8 82.2 83.9 85.3 88.0
88.0 82.4 84.6 84.8 84.9 85.6 86.6 86.6 87.3 89.4 89.7 87.5 89.1 88.4 90.2 88.8 88.8 89.3 88.4 89.9 84.4 89.1 85.6 86.6 86.8 88.6 87.7 88.7 90.5 90.2 91.2 91.3 92.4 91.4 92.2 92.7 92.1 90.9 91.5 91.5 91.7 91.4 89.3 88.9 89.1 89.7 90.7 89.8 88.0 88.5 88.2 90.1 93.4 88.1 84.4 80.9 76.8 80.0 80.1 78.2 80.3 78.6 79.6 81.4 81.6 79.6 77.8 78.9 80.1 78.2 76.1 74.9 71.7 73.1 73.9 73.9 73.5 76.5 76.0 78.3 83.6 84.2 86.5 85.6
87.9 82.7 84.4 86.3 85.8 86.0 87.3 90.0 87.5 89.1 88.1 87.6 88.9 87.7 89.6 89.4 89.3 89.1 87.0 88.3 85.9 88.6 84.5 84.8 86.9 88.7 85.7 88.9 90.1 89.4 89.1 93.8 93.3 88.8 91.6 93.1 91.3 91.2 90.5 91.3 91.4 92.1 86.9 90.4 89.5 89.1 88.3 89.2 86.8 88.5 90.9 91.2 103.0 90.4 89.2 82.5 77.2 79.1 78.2 76.2 79.9 77.1 80.3 80.0 79.0 77.9 79.4 81.3 79.1 76.0 74.3 73.7 72.6 71.2 72.3 73.1 75.1 76.8 77.7 79.3 83.7 84.3 83.1 88.3
88.0 84.1 85.8 87.1 86.5 86.4 87.9 87.1 92.6 88.1 91.2 86.4 88.9 88.4 88.5 89.3 90.0 88.7 90.3 90.3 87.0 86.5 84.7 84.1 87.0 88.8 87.1 88.9 87.6 88.1 89.8 92.3 91.4 90.8 92.9 91.8 91.4 91.6 94.4 91.9 91.8 92.1 88.3 90.6 89.5 89.3 87.6 90.3 89.7 88.4 91.6 90.7 93.5 90.6 89.1 84.1 80.5 78.8 77.8 77.6 79.1 75.9 81.4 78.7 77.8 75.5 78.0 76.6 76.5 75.0 73.4 72.1 72.7 71.8 71.1 74.4 74.8 77.4 81.4 80.4 83.4 83.5 84.8 86.5
89.3 86.2 85.4 89.5 88.0 88.7 87.5 88.4 88.0 87.9 88.0 87.3 88.7 89.2 90.4 88.8 89.6 88.3 87.5 89.2 87.3 85.5 84.8 85.6 87.9 87.3 88.0 88.7 87.0 89.4 92.1 92.0 89.7 91.3 91.9 91.2 94.2 92.5 92.5 92.1 90.6 92.0 89.4 90.3 90.0 87.3 87.5 90.0 87.3 88.8 92.3 92.2 93.0 91.4 88.9 85.1 80.6 78.4 77.4 78.1 77.2 74.4 80.0 76.9 75.7 72.5 76.7 73.2 74.3 74.4 73.9 71.6 71.5 70.9 70.6 75.2 74.9 78.2 79.9 81.1 83.1 83.5 85.2 87.7
88.8 89.0 85.9 86.4 88.4 86.8 87.7 88.4 88.5 88.6 87.1 87.9 89.2 88.0 90.2 88.9 90.9 87.2 87.8 87.1 87.6 84.5 84.8 86.6 86.5 87.2 88.0 87.4 87.9 89.7 88.3 92.0 89.8 91.4 92.3 90.8 89.1 90.3 93.2 94.5 92.3 92.5 89.4 90.6 87.6 90.2 86.5 89.8 88.3 89.7 91.5 91.3 91.1 91.6 87.0 85.0 85.3 79.1 78.9 78.2 76.5 74.5 78.9 74.1 76.2 72.6 75.5 70.9 72.2 73.5 72.2 71.4 72.1 70.6 70.3 76.4 76.4 79.3 80.8 80.4 82.6 83.8 85.2 86.7
89.2 89.4 86.2 86.5 87.6 87.2 87.1 88.4 87.0 87.1 88.0 88.5 88.3 87.5 89.0 89.1 89.0 88.5 88.0 87.7 88.3 84.2 85.1 86.2 87.6 87.8 87.1 87.4 87.4 90.4 92.1 91.7 89.9 92.6 93.0 91.1 93.6 92.0 93.8 92.0 91.2 89.8 90.6 88.0 89.5 89.5 88.8 89.8 89.1 92.8 93.2 91.1 90.1 92.0 88.4 85.2 88.0 80.4 80.5 77.8 75.5 73.9 75.6 73.9 70.4 72.9 72.0 71.2 72.4 71.5 70.4 71.2 70.4 70.4 73.1 76.0 79.1 80.7 81.5 81.8 83.3 85.3 86.4 87.7
90.4 89.2 86.7 86.4 86.7 87.2 87.4 88.1 87.1 86.2 86.7 87.3 86.2 88.7 90.1 89.5 88.7 88.1 86.3 88.6 88.3 85.6 86.5 84.8 87.2 88.7 87.2 85.5 89.3 89.0 91.3 91.4 92.9 94.5 93.3 91.5 93.4 92.8 93.0 93.2 91.0 89.7 90.6 87.5 90.7 88.7 89.2 89.9 87.9 92.7 93.3 91.2 92.9 91.3 88.3 84.7 86.7 79.9 79.9 79.3 75.7 72.7 74.7 73.8 72.4 72.7 70.3 70.3 69.2 69.6 69.0 70.4 70.0 71.8 75.1 81.7 79.3 81.8 82.0 83.5 83.4 85.2 85.3 88.0
88.8 89.5 86.2 87.0 87.8 87.2 87.2 87.2 85.6 85.9 86.5 87.6 90.3 90.1 90.4 89.3 87.6 87.6 87.2 90.0 87.2 86.9 84.2 83.5 86.7 87.4 86.4 86.6 90.2 88.4 92.1 90.3 90.0 89.0 92.8 92.8 92.4 92.5 93.3 93.4 91.2 89.8 91.8 89.1 89.8 89.1 88.8 88.4 89.2 92.3 88.5 91.4 92.8 90.5 85.9 84.2 88.3 86.3 83.3 81.1 76.1 71.2 71.3 71.2 71.4 72.3 70.2 70.1 70.8 70.6 70.6 70.5 69.4 73.5 75.5 82.4 76.3 84.6 85.2 84.3 86.0 85.6 86.5 88.2
87.9 88.0 88.2 87.7 88.1 86.5 85.4 86.4 86.0 85.7 86.8 86.5 88.7 86.0 87.9 89.1 86.7 86.8 87.6 87.8 86.0 84.0 83.2 83.8 86.5 87.1 88.3 88.1 93.4 87.2 87.0 87.6 88.6 90.4 92.6 92.6 94.1 91.3 92.8 93.3 91.6 89.5 90.4 90.3 88.1 88.5 86.8 88.3 89.8 92.4 91.1 91.8 93.3 90.3 87.5 85.6 89.6 87.2 85.2 82.6 75.6 69.8 70.2 71.0 71.5 72.6 72.3 70.3 69.9 71.7 70.8 71.2 70.8 74.4 77.4 83.7 84.2 85.3 84.7 82.5 85.8 85.9 88.9 88.2
89.2 88.0 88.3 87.6 87.3 86.0 86.4 85.4 86.0 85.4 84.0 85.7 88.0 86.7 86.1 87.2 88.5 87.1 87.3 89.1 82.9 84.3 84.1 84.8 85.7 86.9 87.6 88.8 89.4 88.4 88.6 87.4 89.2 90.7 91.3 91.6 93.9 89.6 92.1 92.9 91.8 89.7 91.4 91.2 89.7 88.1 85.9 90.1 89.1 91.5 93.0 92.7 91.9 90.1 87.5 86.3 89.2 88.0 84.7 85.8 79.2 70.2 70.0 72.8 76.3 77.5 73.2 73.1 70.3 71.7 71.5 70.1 72.1 77.2 80.7 84.7 83.8 85.7 84.5 84.9 86.0 85.6 82.3 88.4
88.9 89.5 87.2 87.4 86.2 85.6 84.5 86.0 85.3 84.7 86.5 84.7 86.8 83.7 85.9 86.6 87.0 87.0 92.2 87.4 81.2 84.8 85.8 85.3 85.4 86.9 88.0 88.8 89.2 88.5 87.8 90.7 89.2 89.9 90.7 90.8 90.9 90.3 92.8 92.6 92.3 90.6 92.7 90.8 88.3 89.9 86.5 89.0 88.7 91.2 91.9 93.3 91.5 88.4 86.1 90.3 87.9 88.0 86.5 86.2 81.4 70.7 71.5 72.6 76.9 74.7 75.8 74.5 72.3 70.6 71.3 72.7 73.6 79.2 82.0 86.7 85.5 84.0 86.1 86.4 84.9 86.2 87.5 88.4
90.0 88.9 87.9 92.6 86.2 85.4 84.2 86.8 84.7 83.9 87.0 84.0 87.7 84.5 83.8 85.7 85.9 84.3 86.3 84.9 79.7 83.1 81.3 86.1 85.1 86.8 86.2 88.2 88.1 87.9 88.8 90.8 89.9 90.0 89.9 90.3 91.3 91.3 93.1 92.3 91.7 90.7 91.9 90.1 87.7 91.3 87.8 89.2 89.0 91.1 93.0 92.5 92.3 87.3 86.0 90.0 88.1 87.2 86.1 86.1 82.2 72.8 68.4 73.3 76.3 73.3 75.1 74.9 71.1 71.4 72.7 74.2 74.5 80.7 84.2 88.7 85.8 82.8 88.0 87.4 86.5 85.8 87.9 88.2
90.2 89.8 88.1 88.1 87.5 85.4 85.6 85.2 85.7 84.8 84.5 84.1 81.7 83.6 83.6 84.3 85.5 82.0 83.8 81.1 76.2 81.0 82.4 85.3 88.4 87.7 82.8 87.5 89.3 87.8 89.7 88.7 89.1 90.0 89.5 90.0 89.7 91.8 90.8 93.5 90.7 91.0 90.7 90.8 88.5 88.6 83.4 89.5 89.3 91.4 92.8 91.7 93.1 86.5 85.9 90.1 89.2 87.7 85.1 85.9 82.8 74.4 63.5 76.2 77.7 72.8 75.4 74.7 71.1 72.5 73.0 74.5 75.6 83.1 85.7 87.1 86.4 83.4 84.5 87.7 87.8 87.2 90.1 87.0
91.3 90.1 87.1 87.2 80.9 85.6 85.1 84.9 83.5 84.6 85.4 82.9 86.4 83.2 81.7 82.1 82.9 80.4 80.2 78.4 78.3 80.3 83.0 84.6 84.2 87.9 88.0 88.6 89.5 87.5 88.8 86.5 84.8 89.0 89.1 91.5 86.5 90.6 96.4 93.0 96.5 90.7 90.2 90.4 87.0 89.4 86.4 89.6 90.0 92.4 91.8 92.0 89.1 85.8 85.8 89.5 88.6 88.1 86.0 85.4 85.5 73.4 62.1 75.2 75.8 74.3 75.5 73.8 69.7 74.0 73.2 75.9 79.2 87.3 87.9 87.2 85.6 85.7 87.2 87.5 85.8 87.6 90.3 87.0
