surveys/q10_1/matrix_q10_1s6.txt
north:            -537.50
south:           -1247.50
east:             2697.00
west:              -93.00
rows:                 144
cols:                 279
null:              -999.0
[rows 76 to 113 of 144, columns 84 to 167 of 279]
87.6 91.7 93.9 92.1 93.7 89.9 91.3 89.6 89.5 90.8 94.4 86.5 91.4 91.7 91.3 89.2 94.7 93.5 95.8 90.9 91.8 92.2 94.0 91.9 92.6 91.3 90.6 91.6 95.4 91.4 90.4 89.7 91.2 84.1 81.2 80.2 89.4 87.6 89.5 86.3 88.0 86.4 86.7 85.6 86.0 80.2 74.1 73.2 80.1 84.4 85.7 87.3 91.4 91.9 92.9 88.3 89.8 87.1 87.8 87.7 89.2 86.3 84.3 91.6 90.3 91.9 92.9 91.0 92.1 91.6 91.8 91.8 91.0 95.4 87.6 92.3 89.8 92.8 91.4 94.4 94.9 92.8 92.4 89.6
90.9 92.2 85.3 91.8 91.4 92.1 88.5 90.5 92.1 91.5 89.6 85.9 95.1 93.1 91.6 89.6 93.8 92.5 94.0 92.1 91.7 92.2 94.2 95.7 91.0 91.3 92.7 92.1 90.7 91.7 90.0 90.5 97.2 84.0 80.9 79.4 83.5 87.1 90.6 89.1 88.0 86.9 87.6 85.5 84.9 78.0 73.8 73.9 74.7 81.7 85.8 88.2 91.9 92.0 93.5 91.2 90.2 89.3 86.8 88.1 87.8 85.5 88.2 92.4 93.6 93.4 90.9 91.1 92.2 91.0 91.1 91.8 85.9 95.8 91.3 92.2 91.0 92.8 93.6 95.3 95.4 91.0 96.3 89.5
91.5 92.5 90.2 91.4 89.7 91.8 90.1 91.0 90.9 92.5 88.7 86.1 93.8 93.5 87.9 91.2 100.4 92.4 93.5 91.6 92.2 92.0 94.2 95.6 92.8 92.9 90.6 94.6 91.5 93.0 89.4 90.2 89.6 86.6 80.5 80.9 84.5 85.7 89.0 88.1 86.9 87.1 87.3 84.8 83.9 74.8 74.4 74.7 74.4 79.1 84.7 87.6 90.5 91.6 92.8 92.3 92.3 88.5 89.2 89.8 88.4 87.0 91.6 92.4 91.8 93.3 89.3 91.0 90.3 90.7 89.1 93.0 93.1 93.2 92.4 94.0 92.5 93.5 93.7 93.7 92.4 93.7 90.1 88.1
93.7 92.5 89.5 90.7 89.3 89.4 91.9 91.6 90.1 91.0 88.6 86.7 93.8 93.7 90.0 92.8 94.9 91.5 94.0 91.5 92.8 91.9 96.8 94.5 94.6 94.7 90.5 93.2 92.6 91.9 89.8 91.2 89.7 85.8 83.6 81.3 86.0 85.1 86.8 87.0 89.3 86.7 87.2 84.6 78.7 74.4 75.8 74.8 71.4 76.2 83.7 86.7 89.3 92.2 91.5 91.4 89.8 89.7 90.3 90.1 88.4 87.5 90.3 94.5 90.0 92.5 89.4 93.4 91.1 91.3 89.7 95.3 92.3 93.7 93.4 94.6 93.9 94.0 93.4 92.9 94.6 92.8 94.2 86.5
92.2 92.6 89.8 91.0 89.9 90.2 89.7 91.4 89.5 91.4 88.9 86.5 91.7 93.8 91.4 94.3 93.7 92.7 89.2 92.0 90.9 92.0 101.7 94.4 93.9 94.2 92.6 91.9 93.2 92.1 90.3 92.4 91.1 86.3 83.5 81.7 84.1 84.5 88.7 87.9 90.0 86.1 86.3 84.6 82.0 76.9 78.4 74.9 72.1 73.4 83.6 85.9 90.1 93.5 91.8 90.0 88.9 89.6 90.3 90.3 91.3 88.2 86.2 93.1 92.7 91.0 89.7 94.9 91.5 91.5 91.2 92.7 94.5 92.6 89.1 93.7 93.4 94.4 96.8 94.5 93.4 93.2 89.5 84.9
92.0 92.2 90.0 91.4 90.5 91.5 89.8 91.3 89.2 92.9 88.4 85.6 94.6 94.2 93.0 93.1 93.1 92.9 94.6 94.5 92.8 92.4 95.2 94.2 96.6 93.5 94.7 92.4 94.7 91.5 92.8 90.2 89.5 87.5 88.6 81.9 84.3 85.0 87.8 88.3 85.5 85.6 86.4 85.0 83.9 77.1 79.2 76.3 71.5 69.3 81.6 84.4 89.7 92.9 91.8 89.9 92.4 89.7 90.3 90.1 90.1 89.5 90.2 92.5 92.0 90.0 89.7 91.6 92.4 91.4 91.3 92.3 93.0 92.1 95.2 94.5 94.0 94.6 93.9 93.9 93.9 93.1 88.3 84.1
92.8 90.7 89.5 90.7 88.6 91.6 91.2 89.8 89.1 91.8 89.1 84.5 94.5 93.6 91.5 93.3 93.1 93.3 93.1 93.3 97.8 92.4 94.0 95.2 95.0 93.4 91.1 92.3 91.6 90.1 91.1 90.2 89.9 87.4 89.4 84.1 84.7 83.8 87.8 89.1 89.0 85.6 87.1 86.5 84.7 83.2 79.8 77.7 71.3 68.4 81.3 82.6 91.3 89.5 90.8 88.5 90.2 90.6 89.1 91.2 91.3 89.5 90.9 92.5 90.5 90.6 92.8 89.9 93.2 92.0 92.1 92.0 93.9 92.9 92.3 94.0 94.8 93.1 93.3 93.5 94.7 89.3 86.0 84.9
91.4 91.7 88.6 91.3 89.9 91.1 90.6 89.8 88.5 90.5 88.7 85.6 93.9 96.5 92.8 94.4 90.8 93.2 92.9 93.6 93.2 92.0 92.3 93.9 91.7 93.0 90.2 92.5 91.5 90.6 89.0 91.6 91.2 89.3 89.7 86.8 87.9 86.1 89.0 89.4 87.5 87.1 89.2 86.8 85.9 83.8 80.9 78.9 71.0 66.6 75.3 84.4 88.0 89.1 92.4 90.1 92.6 89.8 89.5 94.5 91.5 91.6 92.5 92.2 90.2 90.6 92.0 90.7 89.5 94.9 92.9 94.8 93.2 92.4 94.9 93.6 96.1 93.8 94.5 93.1 92.4 88.3 85.5 83.9
91.4 92.4 90.9 91.6 90.9 90.6 91.5 91.4 89.9 91.0 86.2 88.4 96.6 97.4 92.4 93.4 90.4 91.2 92.5 93.1 93.1 92.6 94.2 93.6 92.3 92.2 88.3 90.7 92.3 91.3 89.4 92.5 89.4 91.0 89.8 88.4 91.3 88.6 90.7 90.1 86.3 87.9 92.0 89.1 87.3 84.5 82.8 80.9 75.7 65.8 73.5 83.3 85.5 89.0 91.6 91.2 90.7 88.5 90.0 94.6 90.2 91.0 90.7 90.7 90.6 91.7 91.6 90.9 89.8 94.8 92.0 92.7 92.2 93.4 90.0 93.4 96.0 94.1 88.5 92.4 89.8 87.0 84.7 83.3
90.4 92.1 90.4 92.1 87.1 89.7 90.6 94.6 89.8 91.3 86.9 88.2 94.8 96.9 91.9 94.9 93.3 90.4 93.0 93.6 92.9 92.2 95.5 94.4 94.6 92.3 90.9 90.7 91.2 90.0 90.2 92.7 91.3 92.3 88.6 89.9 91.1 91.7 91.6 89.9 90.1 87.6 89.3 89.6 85.6 87.0 85.0 82.4 76.9 67.7 72.1 78.1 86.9 88.5 91.5 90.7 90.8 89.5 94.3 92.6 92.6 90.7 91.5 89.8 89.6 93.2 91.3 90.8 90.6 91.0 91.4 91.1 91.5 93.2 93.2 93.9 93.8 91.8 92.7 91.4 88.3 85.0 83.6 84.1
95.0 91.5 90.0 91.3 88.3 89.1 92.6 92.3 90.0 90.2 88.4 88.6 94.9 95.4 93.5 95.2 92.4 92.9 93.7 94.5 92.6 96.2 94.0 95.3 93.0 91.6 93.3 91.2 91.3 88.7 92.6 91.1 91.6 90.4 88.8 91.5 91.5 92.8 91.4 89.1 89.5 87.9 88.3 87.5 87.9 88.4 83.2 81.9 79.4 69.3 70.4 76.5 85.2 88.3 91.9 89.1 90.3 90.5 93.2 93.1 92.5 91.5 91.2 91.4 93.6 90.8 89.5 91.5 85.0 88.5 92.4 91.5 93.2 91.1 93.8 94.1 92.2 91.4 90.7 88.9 87.6 83.8 83.6 84.6
89.0 92.4 93.5 93.3 88.4 89.4 91.9 91.1 89.9 88.1 89.7 88.3 94.5 93.7 96.0 94.6 89.7 92.3 91.0 94.5 95.8 95.1 94.2 94.8 98.0 90.7 96.0 91.5 89.8 92.1 90.1 91.4 91.7 92.8 90.8 92.4 93.9 92.2 92.5 90.0 91.8 88.8 86.9 87.0 88.3 89.0 87.4 82.0 80.8 70.1 71.0 74.6 85.8 89.1 89.7 88.3 91.8 91.1 90.2 93.2 90.4 92.0 90.4 90.4 86.8 90.4 89.7 91.5 89.3 92.5 93.0 91.1 90.9 92.2 92.5 93.5 93.3 90.8 90.2 87.3 83.8 83.6 83.7 84.6
92.9 92.3 92.2 92.4 90.2 90.0 91.8 90.1 89.7 89.9 91.6 91.7 93.5 93.5 93.8 94.0 92.3 92.4 91.6 94.9 92.3 94.3 92.2 92.6 93.8 92.5 95.4 91.2 90.9 91.4 92.6 90.5 92.7 94.0 91.3 91.8 92.7 91.9 91.8 89.8 89.8 89.0 88.6 87.8 87.9 87.0 87.8 84.3 79.4 71.8 70.0 72.8 82.8 88.3 90.9 88.1 89.4 92.8 92.5 93.4 92.3 91.7 90.2 89.4 91.3 88.5 90.7 91.3 90.0 92.6 93.0 90.5 91.1 91.6 89.9 90.3 90.2 88.7 86.5 86.4 82.0 85.0 83.8 84.9
92.4 92.0 90.9 91.7 90.1 89.3 91.0 92.4 90.5 91.0 90.5 92.6 93.2 93.5 93.0 93.9 92.2 91.5 90.6 95.1 93.1 93.7 90.7 92.3 94.3 92.9 94.6 91.8 93.6 90.9 91.0 89.8 93.9 93.1 91.8 92.2 92.1 89.5 91.9 90.7 87.3 88.4 87.5 88.0 92.7 87.8 86.0 84.5 79.7 74.7 72.2 70.1 80.2 87.9 90.5 88.2 92.1 94.2 89.9 93.9 94.0 92.6 89.7 89.2 89.5 88.6 89.6 90.9 91.0 91.0 88.6 90.2 90.8 93.2 88.6 88.0 88.0 87.9 87.9 84.8 83.1 82.7 81.9 86.1
91.7 91.9 92.4 89.6 87.6 89.1 89.8 91.7 92.7 90.0 92.4 92.8 93.6 94.2 93.5 93.3 92.9 90.0 96.8 94.6 93.9 94.6 96.1 92.9 96.4 93.2 94.3 92.4 91.6 91.7 92.1 90.7 93.5 92.0 91.6 93.3 92.1 91.5 90.3 90.1 88.9 89.2 87.6 86.7 87.6 88.3 86.4 85.0 78.3 76.3 71.0 68.8 77.1 87.3 90.9 88.9 91.8 93.5 92.2 94.6 95.2 91.5 93.2 89.3 88.2 88.7 88.9 88.9 90.1 90.0 88.3 90.2 89.9 94.1 88.3 86.7 85.7 86.3 83.3 82.9 80.5 82.3 81.2 85.2
92.2 91.7 91.4 89.9 89.6 90.4 89.4 91.2 92.6 89.4 90.4 93.2 90.3 94.3 93.8 91.6 93.1 91.6 93.6 93.9 89.4 95.6 94.8 93.0 95.3 94.0 91.6 92.1 89.1 92.6 92.7 93.0 93.3 91.9 92.0 93.1 91.1 91.2 91.6 89.1 90.4 88.7 88.0 87.1 87.5 88.0 89.1 86.6 81.1 78.2 70.1 66.8 75.1 85.3 89.1 90.8 93.1 92.8 99.2 92.6 94.8 91.8 92.4 88.3 90.7 87.9 88.8 87.0 88.3 89.5 88.0 88.5 89.4 90.7 88.1 85.9 86.6 84.9 81.8 84.4 81.6 82.3 82.3 85.9
90.6 93.0 91.6 90.3 90.1 91.1 90.0 93.5 91.7 90.6 90.8 92.7 92.1 93.2 94.4 91.8 92.9 91.8 94.7 93.1 92.4 94.2 94.3 93.3 93.8 94.3 94.2 91.9 93.4 92.5 95.9 92.0 92.1 92.4 91.6 90.5 89.4 91.2 90.5 88.7 89.9 88.4 88.5 86.6 89.8 87.3 87.5 87.1 80.8 78.7 70.7 64.5 73.2 81.6 86.8 92.3 92.7 93.8 91.4 92.4 94.3 92.1 92.6 89.8 89.4 87.6 90.4 86.7 88.0 87.1 88.2 86.8 88.7 88.0 86.0 84.5 85.5 83.9 79.6 83.9 83.7 83.2 80.6 87.5
90.4 92.0 90.2 92.1 90.3 89.7 90.5 93.0 91.5 91.0 90.1 91.5 92.1 92.9 93.4 91.2 93.0 94.7 90.6 92.6 93.0 93.0 93.3 94.2 96.4 94.5 94.1 91.9 93.6 91.8 93.6 91.8 93.5 92.7 90.8 89.9 90.4 90.4 89.2 88.7 89.9 87.9 90.3 89.0 88.8 87.4 87.0 86.8 81.4 80.6 70.9 64.4 68.5 79.1 86.2 92.2 92.8 92.4 93.1 92.7 93.9 93.5 92.4 89.7 88.5 87.7 85.9 87.5 88.1 87.2 87.1 87.0 88.1 86.1 85.3 83.5 84.2 82.9 78.5 82.8 83.0 83.2 83.6 87.8
91.1 91.2 90.0 90.6 87.7 89.8 90.1 93.0 92.5 92.6 88.3 94.4 90.3 93.0 93.1 90.8 91.8 98.1 93.9 93.3 94.7 94.1 95.7 95.5 95.2 94.0 93.4 92.4 90.8 91.9 92.2 93.0 93.9 92.2 90.1 90.9 90.5 89.1 89.8 88.3 89.1 85.5 88.7 88.8 88.5 86.9 86.8 87.0 83.6 79.9 71.8 65.0 67.6 75.2 87.2 89.8 91.9 90.1 95.4 92.6 94.6 95.2 92.8 89.2 89.0 88.4 90.0 85.7 85.9 84.8 87.0 87.2 86.4 83.3 83.4 82.4 82.7 82.9 79.3 79.8 78.8 81.4 82.9 86.2
91.4 89.7 89.7 89.7 90.5 90.8 89.4 93.4 93.1 94.9 91.4 94.9 94.8 92.7 90.6 90.8 93.2 94.7 93.4 94.2 93.5 93.1 95.3 96.1 94.4 93.1 92.2 92.9 90.9 91.1 93.8 92.4 95.2 89.8 89.2 90.9 91.6 88.8 89.6 89.2 88.4 87.7 87.5 88.2 88.6 85.1 86.8 86.2 84.1 80.0 72.2 65.3 66.0 71.5 84.1 89.7 90.6 91.5 91.8 92.0 94.1 92.8 92.5 90.4 89.3 88.7 87.5 87.0 87.1 85.4 85.3 85.9 83.2 81.5 83.3 80.1 82.0 83.0 79.6 80.9 85.6 82.0 83.3 82.4
93.3 91.0 91.3 89.2 90.8 89.7 89.6 93.6 93.2 94.3 90.0 95.1 94.1 94.2 95.9 90.6 89.6 93.7 93.5 94.6 92.1 94.7 95.1 95.8 94.6 95.6 95.4 92.9 91.3 91.1 92.8 91.5 91.7 87.4 86.2 90.3 90.3 87.8 88.9 89.5 89.4 87.7 88.8 87.3 88.7 85.2 86.0 86.2 85.0 80.7 73.1 64.1 65.9 69.3 83.1 88.1 91.1 92.6 92.8 93.0 93.3 92.4 91.0 86.4 90.3 88.5 86.8 88.3 87.1 85.1 83.4 86.0 85.4 83.1 82.9 83.4 81.0 84.2 82.7 81.5 83.3 83.3 84.5 83.0
89.8 91.7 89.4 88.7 90.2 88.8 89.8 92.9 92.5 91.9 93.6 94.9 93.6 95.0 94.1 90.9 92.2 93.8 94.5 92.9 93.7 94.4 95.1 95.6 94.9 95.2 94.4 92.7 91.4 92.2 93.1 90.6 91.2 88.2 89.3 90.1 90.8 87.3 89.5 88.0 89.8 88.3 86.6 85.9 87.1 87.1 85.9 86.2 87.2 81.4 77.8 64.0 66.9 67.5 73.9 84.2 88.5 91.5 91.7 91.1 92.0 92.6 93.7 91.7 92.8 87.1 85.9 86.8 83.7 84.8 84.0 86.4 85.0 83.8 83.6 84.1 82.4 83.4 80.3 80.5 81.2 84.0 87.0 84.6
91.5 91.7 89.9 90.0 90.2 90.1 90.2 93.1 91.7 91.2 91.1 94.8 93.5 94.4 94.4 92.4 92.2 94.3 90.7 92.2 91.8 93.7 93.0 97.8 94.2 94.6 92.9 93.3 90.8 93.1 94.2 88.8 92.0 88.5 88.8 90.3 91.3 88.5 89.6 88.2 88.8 87.2 89.2 86.7 87.0 87.7 89.7 86.9 85.5 82.6 79.8 63.1 65.7 64.1 74.5 79.3 89.2 89.6 89.4 91.8 91.0 92.9 93.9 91.4 89.3 85.5 86.3 84.9 84.0 85.0 85.2 85.1 83.4 83.3 85.1 82.6 84.1 82.3 79.1 80.3 83.3 84.7 84.7 85.1
91.2 90.6 90.0 89.8 86.5 90.9 90.0 94.4 92.6 91.5 93.1 95.4 93.5 92.7 93.5 95.0 93.0 93.1 94.2 91.7 92.4 93.4 93.3 94.0 94.8 94.1 95.2 94.7 91.0 92.1 93.6 86.1 93.0 87.3 90.3 92.2 91.4 88.7 89.8 87.7 90.4 86.5 90.6 88.6 87.8 86.7 87.6 87.7 88.3 84.8 81.1 64.6 65.3 64.6 68.8 74.6 89.1 89.9 90.9 90.9 90.9 90.2 90.2 90.2 89.2 85.7 88.7 84.9 86.3 85.5 87.6 84.5 84.4 82.1 83.8 81.6 81.0 80.9 86.4 83.0 84.4 83.6 84.7 84.8
89.7 90.8 90.1 89.9 90.8 91.3 90.2 91.5 90.4 92.3 92.3 94.1 92.6 93.0 92.8 92.8 89.7 92.8 93.2 93.0 93.4 93.7 93.2 93.5 94.4 93.2 95.8 92.9 91.6 91.5 89.5 86.2 91.1 88.5 87.6 90.2 90.8 88.1 89.3 87.1 89.4 86.9 88.9 92.1 88.0 86.9 87.4 87.2 87.6 84.4 84.5 69.1 65.0 65.1 70.6 73.8 85.9 88.6 87.7 89.9 90.9 89.8 90.3 89.7 84.6 86.4 86.9 87.2 87.7 85.6 82.7 84.0 83.7 81.9 82.2 81.2 82.5 80.0 83.6 84.4 83.4 83.9 85.0 84.9
88.5 90.4 91.6 89.7 86.2 91.5 90.9 92.3 91.2 92.6 89.9 95.1 93.6 96.4 92.6 92.0 92.2 92.3 92.5 93.0 93.1 93.4 91.7 93.4 93.7 93.3 94.2 93.0 92.8 90.7 90.6 87.2 84.0 88.2 89.4 89.6 89.6 88.1 86.9 87.7 89.5 86.9 89.2 88.3 88.7 88.1 87.8 92.3 86.9 85.0 85.5 71.5 65.8 65.1 68.1 72.0 81.4 87.7 89.4 89.2 90.0 90.6 90.4 85.7 84.1 88.5 88.2 87.1 87.4 84.0 85.7 86.3 85.0 83.1 81.4 81.8 80.4 81.3 82.7 84.0 83.3 83.5 82.9 84.9
92.0 89.9 89.9 89.6 90.2 91.5 88.4 92.6 92.3 92.2 93.8 95.4 92.3 92.9 93.3 92.0 90.4 92.1 89.7 92.5 91.9 92.4 93.8 92.9 92.9 92.4 95.1 93.2 92.5 88.3 83.9 86.7 87.5 85.3 88.7 90.1 88.8 89.5 89.9 88.2 88.4 88.1 86.1 87.6 88.6 88.0 91.4 87.0 87.9 83.2 84.6 73.8 66.5 65.6 66.9 69.3 77.5 85.0 86.8 89.5 88.7 88.8 87.3 87.4 87.0 88.7 88.9 86.4 88.2 84.6 83.7 84.9 81.0 82.6 82.5 82.5 80.2 80.9 80.5 83.1 83.7 84.2 83.3 84.0
89.7 89.6 91.7 89.7 91.4 91.0 90.9 92.3 92.1 93.0 92.8 93.5 91.4 92.9 93.9 87.7 91.8 93.6 93.0 92.4 91.7 92.4 91.5 92.9 93.7 91.1 93.0 91.0 92.2 86.6 88.4 85.7 88.2 86.3 91.7 89.5 87.0 89.9 88.9 87.4 88.2 90.7 89.2 87.9 88.2 88.2 89.0 85.1 84.5 86.3 82.0 76.5 66.8 69.3 66.5 68.9 76.1 81.8 87.2 88.3 87.9 84.6 86.7 87.4 88.4 87.6 87.4 86.6 87.5 85.3 81.1 83.8 82.6 82.2 79.8 82.7 84.3 80.2 81.3 82.6 82.9 84.2 84.3 84.5
87.6 90.1 91.9 89.8 86.1 92.0 91.1 92.8 90.8 95.5 94.5 93.1 91.4 94.2 92.0 89.0 89.3 91.7 91.9 93.0 93.4 92.2 92.0 93.7 90.8 91.7 93.4 88.5 89.3 85.5 88.6 86.2 87.6 87.2 88.1 89.5 88.2 88.8 88.0 88.9 87.5 88.6 88.4 89.4 86.9 90.4 89.7 88.1 86.9 88.2 82.3 79.0 67.9 68.7 68.9 69.4 72.8 76.8 88.9 86.8 90.0 83.8 85.0 87.8 87.4 88.8 89.6 85.0 84.7 84.5 82.1 82.8 81.9 82.0 84.0 83.1 83.4 81.3 80.7 83.1 88.3 85.8 83.4 86.0
88.8 90.1 91.0 90.8 88.4 90.9 91.7 91.9 95.1 92.7 95.3 92.6 90.2 91.4 85.7 90.4 93.7 91.2 92.3 92.9 89.7 91.0 91.6 93.3 91.5 92.5 90.8 86.8 86.2 85.7 86.4 85.7 88.1 87.3 89.4 89.9 88.7 88.0 87.4 87.6 89.3 88.0 87.2 89.7 91.0 87.5 86.7 88.1 90.2 88.5 81.7 81.3 71.9 68.5 69.0 69.3 71.8 75.6 83.3 86.4 85.3 85.3 86.0 87.2 88.9 89.7 88.4 85.2 82.9 84.2 82.6 83.6 83.7 82.2 83.1 82.7 83.4 81.4 82.1 83.6 80.9 84.1 82.8 86.7
88.4 89.5 90.1 89.8 89.9 90.9 91.1 91.1 91.8 92.9 92.2 92.2 91.4 89.6 90.4 90.8 90.7 91.7 91.7 91.8 92.5 91.2 93.8 91.5 90.4 90.1 87.8 84.6 84.4 90.5 87.7 85.6 87.3 86.1 90.2 89.1 89.1 88.8 88.4 87.2 87.9 88.9 88.2 89.4 86.7 88.7 87.9 88.1 88.7 87.5 84.6 82.5 73.4 69.9 69.3 69.0 68.8 77.1 81.8 84.8 84.4 85.1 85.4 85.5 88.5 88.4 87.3 86.5 83.8 82.1 81.5 82.9 84.5 81.9 83.9 82.7 80.9 81.8 83.1 83.8 81.2 83.8 82.4 86.1
86.6 88.8 89.6 87.1 90.4 91.6 90.7 90.4 94.8 91.6 94.2 90.7 93.7 89.5 89.5 89.9 91.1 91.4 85.7 90.7 91.0 92.9 91.9 89.2 89.6 85.0 86.1 82.1 85.5 85.9 85.9 85.9 87.4 85.9 90.9 88.1 87.9 88.4 89.0 87.5 89.1 88.4 87.9 89.5 88.6 88.5 86.4 87.6 89.9 87.6 83.1 82.4 75.0 72.5 69.7 70.2 72.1 74.7 79.8 82.7 85.4 85.0 85.8 87.0 88.3 87.3 86.4 85.8 83.5 81.3 80.7 82.6 81.6 81.0 81.9 81.3 81.0 83.1 81.6 84.3 82.4 84.9 81.1 86.4
85.5 88.4 88.6 87.2 90.9 89.6 90.9 90.2 92.0 92.4 94.0 93.0 91.5 88.9 90.0 89.6 89.7 90.8 89.8 88.9 90.2 91.7 88.6 87.4 88.1 82.4 83.0 82.5 83.7 84.7 85.5 85.4 87.0 86.2 89.4 88.2 87.7 87.7 86.1 88.6 87.6 89.1 87.9 87.6 87.5 87.8 87.5 87.6 89.9 87.0 89.5 83.0 76.1 74.4 73.3 71.3 73.8 74.2 79.5 80.6 83.8 83.6 86.5 86.4 87.9 86.7 88.5 83.7 79.6 81.0 80.0 82.2 81.7 82.0 80.6 80.4 80.6 83.5 84.6 83.8 80.1 85.0 82.8 87.8
86.1 87.8 88.9 88.1 88.9 89.0 90.3 90.1 91.9 90.5 91.6 90.8 89.8 89.5 94.6 89.6 91.1 91.3 92.2 90.2 85.7 86.9 85.3 85.0 85.8 80.8 80.8 82.1 82.9 83.4 86.4 85.1 87.2 86.5 86.7 86.6 87.0 88.4 87.6 88.9 88.5 89.2 87.1 86.8 87.6 87.9 89.8 87.4 86.4 86.2 83.9 83.2 78.1 75.1 72.7 71.7 72.5 74.9 78.2 80.7 82.8 83.1 85.8 85.8 86.4 86.4 83.9 81.8 78.6 81.1 79.6 81.3 79.6 83.0 81.0 84.3 81.6 83.3 83.0 83.6 83.5 84.7 85.2 88.1
86.0 86.3 92.2 88.6 89.1 90.6 89.8 89.6 91.7 89.7 92.5 90.8 90.9 91.9 90.1 88.7 89.7 88.6 85.4 87.2 84.6 84.6 82.7 81.0 84.0 79.6 82.9 82.2 83.9 82.8 84.4 84.1 86.6 86.4 86.7 86.6 86.5 89.0 86.3 88.3 91.0 87.8 88.2 86.5 87.3 88.2 88.8 87.3 87.6 86.2 84.8 83.6 78.3 76.5 74.6 73.3 72.6 75.2 77.4 78.9 82.8 83.1 85.2 86.4 87.0 80.2 84.4 81.6 80.1 82.1 80.1 80.9 82.5 83.0 82.4 84.0 81.5 83.5 83.6 83.6 82.5 83.9 85.2 87.0
87.1 85.2 85.5 87.8 88.3 89.1 88.6 88.8 90.0 88.7 91.8 91.4 89.9 94.0 90.6 87.5 87.0 84.6 84.9 81.9 82.6 82.0 83.3 80.4 81.2 79.3 82.3 81.5 82.7 83.0 85.6 83.8 88.0 85.3 87.5 86.8 87.7 88.6 86.9 86.3 87.9 87.3 87.8 88.5 87.3 87.8 87.5 82.9 87.5 89.8 85.2 83.6 76.0 76.9 78.1 76.2 77.5 76.2 76.2 79.1 81.3 79.9 82.5 85.6 87.4 82.2 85.0 79.9 77.8 81.7 79.6 80.6 82.4 81.9 79.7 83.6 82.5 84.2 85.9 83.3 80.5 82.7 89.7 84.7
84.1 85.5 84.6 87.1 86.6 87.3 89.4 87.8 90.2 87.1 89.3 88.2 87.2 86.5 87.0 83.0 85.5 88.1 82.1 81.9 81.9 78.9 79.1 78.2 80.4 80.4 82.1 80.4 80.4 82.7 83.4 83.2 86.3 85.3 85.7 87.6 86.7 88.3 87.5 87.2 87.5 86.4 87.1 89.1 87.8 87.7 88.0 89.6 91.0 90.2 86.2 82.4 78.6 77.7 79.8 77.9 73.2 77.7 74.8 79.0 82.7 81.5 83.3 84.7 86.0 82.4 83.6 74.6 78.6 81.4 80.6 80.8 83.1 83.0 81.2 81.0 81.7 84.9 82.1 86.3 84.1 79.2 87.0 87.2
84.7 85.1 86.0 86.0 85.9 87.3 85.9 86.3 88.6 89.3 89.4 85.6 87.0 86.6 84.9 82.6 84.0 83.6 80.8 79.1 79.0 79.1 79.4 78.8 80.8 80.4 81.6 80.8 81.9 82.6 85.1 84.8 84.7 86.0 85.7 87.4 87.6 87.9 87.5 88.3 86.7 87.6 87.6 88.6 87.4 87.7 88.4 86.1 88.8 88.0 86.7 83.1 80.4 79.4 80.8 79.2 75.1 76.7 76.0 79.0 81.9 81.6 83.1 82.1 84.4 82.1 83.8 80.2 79.0 80.1 79.8 80.7 79.3 82.2 81.5 80.8 82.0 84.2 81.8 84.0 83.7 82.3 83.4 88.5
