surveys/_q15_1/matrix_q15_1s3.txt
north:            -537.50
south:           -1247.50
east:             2697.00
west:              -93.00
rows:                 144
cols:                 279
null:              -999.0
[rows 0 to 37 of 144, columns 84 to 167 of 279]
106.4 117.7 119.5 119.3 108.5 105.9 105.1 109.4 106.3 104.8 104.6 111.2 106.2 107.2 109.5 105.8 103.2 112.2 113.8 106.4 105.9 107.7 105.6 111.2 113.7 109.2 109.2 108.9 101.8 110.0 109.4 111.3 111.8 109.1 108.2 108.6 103.5 99.7 96.7 105.8 108.3 108.8 107.3 108.8 107.9 109.0 108.6 108.0 106.4 109.1 112.9 104.5 109.8 112.5 113.5 111.1 111.8 114.8 111.2 110.3 112.9 111.4 108.7 106.9 109.6 109.9 100.6 105.7 105.1 108.3 112.9 106.0 108.3 105.7 103.7 105.4 102.8 106.5 104.8 104.8 103.4 108.2 107.1 106.9
105.3 117.8 119.8 119.5 107.0 106.1 104.6 109.4 106.3 105.0 104.7 111.3 106.1 106.7 110.1 105.8 103.1 112.0 113.4 106.3 105.7 107.5 106.0 111.2 116.4 109.1 108.5 108.9 105.7 110.0 110.2 111.3 111.5 109.2 107.9 108.5 105.1 100.0 96.4 106.0 107.1 108.8 105.1 110.0 109.1 109.0 108.5 108.1 105.7 109.2 111.7 106.6 109.9 112.3 113.0 111.1 111.5 114.8 112.4 110.3 113.3 111.2 108.8 106.9 110.5 110.0 105.4 106.8 106.6 108.2 111.5 106.1 108.1 105.6 103.7 105.4 103.3 106.4 106.7 105.0 103.7 108.6 106.7 107.0
111.9 119.9 119.2 119.6 121.0 108.1 107.8 109.6 106.2 105.9 107.7 112.2 106.6 106.4 109.4 105.0 105.1 116.1 114.2 108.2 106.8 107.1 106.3 111.4 113.9 110.2 112.5 109.1 107.5 109.6 110.1 114.2 112.9 112.2 111.7 112.0 106.6 100.8 98.8 109.7 112.8 110.4 111.3 113.7 109.1 110.2 110.5 109.0 108.9 108.6 118.1 117.9 116.3 116.5 115.5 112.9 113.5 114.9 112.6 111.2 114.1 114.3 108.1 108.9 111.9 110.0 108.2 106.6 109.3 108.4 111.5 105.9 109.5 108.8 104.1 106.7 105.4 106.4 108.7 106.0 106.4 110.1 111.2 106.4
117.7 119.9 120.4 118.6 121.1 117.6 108.7 109.2 107.9 107.0 109.1 113.1 109.2 106.6 109.9 104.6 108.0 117.4 114.7 108.2 107.4 107.2 105.3 111.9 114.6 110.9 108.2 109.3 105.8 109.8 111.7 116.8 113.1 113.2 115.3 114.5 110.1 105.2 103.0 108.5 117.3 111.2 112.2 109.8 111.2 110.7 112.9 112.4 109.8 111.0 118.9 119.3 120.3 118.8 115.7 114.4 114.5 115.1 112.7 113.1 113.6 114.9 106.8 113.3 113.2 110.9 110.8 111.8 112.4 109.5 116.6 107.4 110.0 112.0 104.4 108.4 106.2 105.9 109.3 110.0 109.3 109.8 112.5 107.5
123.0 118.5 119.2 118.4 116.0 122.1 113.5 111.5 106.3 107.9 108.3 111.9 105.9 108.7 110.3 110.6 108.9 117.2 114.8 112.6 107.5 108.1 110.5 113.9 116.9 111.3 114.5 111.6 110.5 112.7 114.0 113.6 119.3 113.5 112.4 116.2 113.3 109.1 105.1 108.4 113.5 111.1 114.0 111.9 112.3 114.9 114.7 114.2 111.4 114.7 118.8 120.7 120.1 120.8 118.0 115.8 115.1 116.5 114.2 113.9 114.9 114.5 111.3 113.2 115.4 112.6 110.9 110.5 110.3 109.2 113.9 106.0 110.2 113.3 104.4 110.8 107.2 106.3 111.1 112.0 109.4 108.9 113.7 108.1
124.0 120.0 119.2 118.0 119.4 124.0 118.7 115.1 110.5 109.7 109.8 110.6 110.1 109.4 109.1 112.5 109.8 117.3 118.4 114.8 108.9 110.7 112.3 112.9 115.6 113.7 110.2 111.7 113.6 112.2 114.5 111.5 116.4 114.6 116.1 116.7 114.9 110.5 107.4 110.2 115.3 112.5 115.0 112.3 120.2 118.5 115.9 112.4 111.5 119.0 119.9 120.4 119.9 121.0 116.7 116.7 115.4 118.7 117.1 115.2 114.7 115.9 110.9 114.9 118.8 115.1 112.1 110.9 113.9 110.9 115.5 107.9 110.8 114.4 107.3 111.5 108.4 109.6 109.5 114.5 108.4 108.9 114.4 110.7
124.4 121.4 118.8 119.7 120.7 124.2 126.2 123.8 121.6 117.7 121.6 117.0 117.2 113.8 115.8 114.5 114.4 117.9 117.2 116.5 111.6 113.9 111.3 114.1 115.3 115.8 112.9 115.4 114.1 117.3 114.6 115.9 117.0 116.9 113.7 117.0 115.4 113.5 112.3 113.6 113.0 114.1 114.9 116.4 118.7 119.1 116.6 114.7 121.2 123.2 121.8 120.0 119.2 122.6 120.9 115.7 116.5 118.0 115.3 116.1 115.4 116.3 114.7 116.9 119.7 116.9 112.7 111.1 112.9 113.0 115.9 108.4 113.1 114.6 110.1 109.7 112.8 112.3 114.2 112.0 107.7 110.4 115.1 111.8
122.5 119.4 119.6 121.0 121.0 125.0 130.1 126.4 123.5 124.9 122.4 124.0 119.5 119.4 121.7 122.6 119.5 121.7 121.0 120.2 121.7 121.9 110.4 119.6 121.3 120.8 120.4 121.4 118.7 122.6 120.2 118.5 120.6 118.3 120.5 119.4 121.4 122.6 118.0 120.2 121.4 117.7 119.7 117.6 119.6 121.5 122.0 118.9 124.4 124.3 121.9 120.2 119.0 121.6 126.0 120.0 117.5 117.4 118.2 117.3 120.0 118.0 118.2 119.2 118.2 119.0 117.2 112.7 115.1 114.5 113.6 110.0 113.8 114.5 108.9 110.4 114.5 113.1 114.0 111.3 107.4 109.0 114.1 112.2
125.6 120.9 119.5 123.7 121.6 123.7 127.8 127.4 126.4 124.5 122.4 120.2 121.2 120.7 122.2 122.1 121.3 120.6 120.8 123.7 124.4 122.4 119.8 120.7 123.4 123.0 122.5 123.3 123.5 122.7 121.3 119.7 121.0 119.9 119.4 121.4 120.6 121.1 120.1 121.9 121.3 122.1 120.3 121.1 121.5 122.6 119.2 124.6 124.6 123.6 121.0 119.9 118.8 120.8 126.6 125.1 119.0 119.7 120.2 119.0 117.7 119.4 118.5 120.6 119.8 118.6 117.3 117.3 116.9 118.3 118.0 117.5 117.1 117.0 119.0 118.1 118.9 115.7 116.9 117.7 116.3 116.0 115.4 116.5
122.5 121.4 122.5 120.7 122.4 123.9 127.2 128.1 128.1 124.2 123.7 124.4 121.2 120.2 124.5 122.4 120.8 124.0 120.4 123.5 122.2 122.6 123.3 121.8 122.4 124.1 123.3 123.5 123.0 122.6 121.1 120.3 120.1 120.3 119.6 120.5 121.2 122.1 122.2 122.7 123.6 121.1 122.5 121.4 123.3 121.9 124.5 125.8 125.1 124.1 120.5 120.4 120.7 121.9 126.1 127.0 124.6 121.8 121.2 120.0 120.7 120.2 118.9 120.1 121.7 118.5 120.8 118.3 118.4 118.0 120.1 117.3 120.3 118.7 118.4 117.9 117.2 117.6 117.5 116.8 117.7 116.8 118.0 117.0
122.0 120.5 118.9 119.8 121.2 122.6 124.4 124.4 127.0 123.7 123.7 125.8 121.6 120.8 125.0 121.7 121.0 120.9 121.4 123.6 121.3 119.2 122.1 122.0 124.4 122.7 123.6 123.1 122.5 123.7 120.1 120.9 120.9 120.2 121.1 119.7 124.0 123.1 120.8 121.2 120.2 121.7 119.9 121.7 121.4 120.9 123.1 124.9 125.9 123.8 121.4 119.7 119.3 121.6 125.1 125.4 124.4 122.4 121.9 121.6 122.8 121.6 120.8 120.8 120.2 119.0 119.9 118.4 119.4 119.6 119.4 120.2 118.7 119.3 119.3 119.2 118.4 119.7 116.9 116.2 119.0 117.4 117.7 116.1
118.2 111.0 118.1 112.5 121.0 114.7 123.8 102.3 123.6 111.6 122.9 88.3 121.6 120.1 124.2 112.5 113.8 109.3 121.4 122.4 121.9 120.4 122.2 120.3 124.6 121.7 123.7 122.6 124.3 122.5 122.3 120.1 122.6 119.7 121.5 120.0 119.4 120.6 122.3 117.5 121.8 121.9 117.1 118.7 122.3 119.5 122.8 125.4 122.7 120.7 120.5 118.4 121.5 120.1 123.1 121.8 123.3 122.8 122.8 120.4 119.5 119.5 119.4 119.2 120.4 121.2 119.1 115.1 118.1 116.5 118.3 119.8 108.5 116.5 119.8 119.5 118.1 118.4 114.2 116.7 114.4 116.0 115.4 114.7
72.8 78.2 75.9 75.1 75.6 74.7 72.5 79.9 72.3 92.6 74.9 67.6 66.3 93.9 79.9 86.5 77.6 75.9 88.1 117.5 104.6 98.0 119.1 114.3 119.4 112.3 121.4 110.9 119.7 107.7 115.6 115.4 119.0 109.8 117.0 102.5 120.1 113.6 121.2 114.7 120.5 112.3 122.6 98.8 122.8 100.1 122.4 106.3 123.0 99.1 118.6 116.4 115.9 114.2 115.3 74.8 124.5 114.6 120.2 104.7 118.1 108.2 120.0 70.2 117.5 80.1 119.8 100.1 119.1 94.1 118.0 104.5 89.5 106.7 120.2 106.2 119.7 86.0 117.7 112.9 114.7 113.0 114.8 112.3
70.7 75.7 74.8 75.2 73.7 72.9 75.0 76.6 75.5 71.2 75.0 67.5 64.3 68.3 72.1 76.9 71.1 75.4 75.5 76.7 78.0 82.3 75.7 73.8 90.5 74.9 89.9 81.7 84.3 75.2 76.3 81.4 78.0 79.6 114.8 78.8 77.7 77.2 76.9 81.7 83.8 82.5 74.7 73.6 84.9 78.0 83.6 80.9 73.7 80.9 72.2 69.5 110.3 82.8 106.5 67.5 100.3 68.7 68.3 65.4 58.3 54.3 57.4 60.3 57.4 63.1 120.0 51.5 58.3 60.6 36.5 52.2 40.3 66.0 44.8 58.1 38.2 63.4 53.8 82.6 78.9 83.3 52.1 86.3
68.3 73.9 76.6 76.7 78.4 75.8 76.4 78.0 73.4 72.4 68.5 67.8 66.7 68.5 69.1 72.0 74.8 75.5 74.5 76.1 72.2 78.2 75.0 74.5 75.3 72.3 74.6 71.4 76.7 76.0 77.4 75.7 78.1 76.8 78.5 78.7 77.8 77.7 78.6 79.6 80.6 78.2 74.3 71.0 74.3 74.0 74.7 73.7 72.4 71.2 72.0 68.1 71.5 69.2 70.6 64.0 63.9 65.8 65.6 65.4 62.4 53.6 54.1 55.7 55.2 51.4 54.7 48.5 54.2 54.0 35.8 34.5 32.5 36.0 32.5 35.3 36.2 48.9 51.6 52.0 48.3 50.8 49.7 50.3
69.1 72.0 79.6 77.9 76.7 77.4 75.3 77.1 74.6 73.3 71.4 68.6 67.3 68.4 72.5 70.1 73.0 74.5 74.7 77.6 79.3 77.7 75.7 74.8 73.1 72.1 72.4 73.7 73.9 75.0 74.7 75.1 77.6 75.6 77.1 78.8 78.8 79.4 77.8 78.8 78.8 78.9 77.5 73.3 72.6 75.0 72.8 73.3 74.0 70.0 67.0 66.6 73.1 70.1 64.9 64.7 63.9 64.5 67.5 65.8 59.8 58.8 57.9 57.9 49.6 52.9 45.7 48.2 52.7 50.7 39.0 36.3 30.8 35.2 32.5 33.5 38.7 45.9 51.4 52.2 48.3 51.9 50.9 50.6
70.4 72.0 73.9 76.1 74.8 77.0 76.1 78.1 76.8 74.8 75.3 72.2 68.7 69.2 68.4 69.5 74.0 74.8 74.4 78.7 75.3 77.5 74.4 76.8 67.7 72.0 72.4 73.9 74.3 75.0 75.3 74.1 75.3 73.0 76.3 80.9 77.3 81.0 79.1 79.7 78.9 79.5 75.9 75.6 74.5 73.3 73.8 73.6 69.8 71.8 67.4 69.0 71.2 70.6 67.0 67.4 63.9 64.8 66.8 65.3 59.3 62.2 58.7 57.5 52.6 51.7 46.1 49.4 53.7 54.8 37.1 38.7 34.6 35.5 31.9 37.6 44.8 51.8 51.8 52.8 50.2 51.0 50.6 51.2
66.0 71.7 75.0 78.0 77.5 77.7 78.0 78.0 79.6 77.9 75.3 77.4 72.6 70.9 71.4 70.6 74.8 77.2 73.0 77.9 71.8 77.3 70.2 76.7 69.4 70.9 73.2 73.1 75.6 75.5 75.5 74.7 77.2 75.9 74.8 78.7 78.7 81.4 80.5 79.6 78.3 80.1 77.6 75.6 74.7 71.8 74.2 74.8 72.4 72.9 71.4 70.1 72.1 70.3 66.7 69.0 67.5 65.8 65.9 64.6 62.3 61.9 62.2 58.5 54.8 52.7 49.0 51.5 55.8 56.8 41.7 43.2 36.7 37.7 37.4 41.5 45.7 54.3 53.4 52.0 54.8 53.7 53.7 51.8
68.5 71.0 70.5 74.3 74.6 77.5 75.9 78.5 77.1 77.0 76.3 75.7 75.2 73.1 73.7 72.5 72.4 75.3 74.5 77.9 74.7 76.4 75.8 76.3 70.5 71.6 73.3 72.8 73.2 76.3 75.6 75.9 77.4 75.2 75.8 77.0 79.0 80.3 78.4 79.8 80.1 80.7 79.6 74.3 74.1 72.9 71.6 75.0 72.6 72.6 73.6 71.6 73.1 72.0 70.6 70.6 66.6 65.0 66.5 62.8 61.4 60.3 60.9 59.4 54.5 53.0 47.6 52.7 59.6 59.4 47.4 47.5 43.1 42.1 41.4 47.2 55.1 59.8 56.0 54.7 55.8 55.5 54.3 53.8
69.2 71.6 72.8 74.4 71.8 77.2 79.0 79.9 77.9 76.2 75.4 76.0 79.1 73.2 72.5 71.8 73.8 75.9 75.5 78.2 76.1 75.7 76.1 76.4 70.1 73.0 73.4 72.6 77.6 73.2 75.8 76.2 75.4 75.4 78.3 79.6 77.0 79.5 82.6 82.5 77.9 80.8 73.8 74.5 76.5 72.9 70.6 73.8 76.0 71.8 74.4 71.7 73.6 72.9 70.9 69.1 67.3 66.1 67.8 67.5 60.9 63.9 61.0 60.5 58.9 52.0 52.8 54.0 56.9 59.0 49.9 49.6 39.9 43.7 44.7 50.6 55.0 58.2 56.3 56.5 59.8 56.3 54.6 53.1
68.8 72.0 71.6 74.2 75.5 78.2 79.5 78.5 78.0 76.2 76.3 76.8 77.6 73.5 73.7 73.8 75.0 76.8 76.2 74.7 74.2 75.8 74.9 74.7 74.4 72.6 73.2 73.0 73.6 73.3 76.2 73.8 76.7 75.6 77.8 77.4 79.1 79.6 84.2 83.8 81.3 79.0 80.5 74.2 77.0 73.3 74.3 74.0 74.4 73.0 74.7 72.2 77.8 73.3 71.5 71.2 67.9 72.1 69.0 66.7 59.0 64.3 60.2 64.9 61.6 54.4 57.2 57.2 59.6 59.3 51.4 52.6 49.3 49.9 49.1 52.9 57.4 60.2 57.4 59.6 58.7 57.5 57.7 50.3
69.5 71.2 69.6 73.8 75.0 79.4 79.9 76.8 77.2 79.3 76.1 77.6 77.2 74.4 74.0 73.5 76.7 77.2 75.2 74.9 76.8 76.6 77.3 72.6 74.5 72.4 72.4 72.1 75.3 72.6 75.6 75.8 75.5 75.5 77.9 76.3 75.7 79.0 80.3 82.8 81.9 77.8 77.9 73.5 77.2 77.5 74.3 74.8 74.3 73.2 73.8 74.0 74.6 73.6 70.7 73.3 68.7 70.7 69.0 66.6 62.3 64.3 63.1 65.5 62.8 56.2 58.3 58.6 61.8 60.1 53.7 53.4 52.0 53.9 51.8 55.0 60.8 60.3 55.1 62.1 59.1 59.2 55.6 51.1
69.3 70.4 72.5 71.9 73.5 77.4 80.8 78.0 78.5 80.7 78.1 78.7 76.5 75.0 70.5 73.2 74.6 75.5 78.7 77.1 76.6 79.2 76.2 72.1 73.2 71.9 72.3 73.9 73.1 74.6 74.5 77.1 76.0 75.5 77.8 75.4 75.7 76.3 79.9 82.6 81.7 77.2 78.5 76.2 78.4 77.6 77.0 77.8 71.1 72.6 72.0 72.5 74.4 71.2 70.6 72.8 71.8 70.9 69.7 66.6 64.3 66.5 65.9 64.7 66.1 61.1 63.0 61.1 59.2 59.4 56.6 56.5 52.2 56.5 57.9 57.1 59.4 58.6 64.9 63.4 61.2 60.4 54.8 58.5
70.3 72.1 73.9 72.3 73.1 76.0 79.0 79.8 78.5 78.2 76.8 79.0 79.9 76.2 74.4 73.8 76.9 76.7 75.0 77.4 76.0 75.7 74.9 71.9 71.8 72.2 72.3 73.1 75.0 75.9 75.6 77.2 72.5 78.4 75.7 76.0 76.1 77.4 78.5 83.1 82.1 78.3 75.6 77.7 78.6 77.4 77.6 76.5 76.3 73.7 74.5 73.5 74.8 71.5 72.2 72.4 73.5 71.4 72.7 66.7 66.9 70.1 68.3 63.8 65.2 64.0 63.0 60.1 60.2 56.3 58.7 62.4 61.7 60.8 58.5 62.4 60.1 60.2 58.6 62.8 65.9 63.1 61.1 63.4
70.8 70.5 70.2 72.7 71.9 75.2 79.5 78.2 79.5 78.6 79.3 78.5 78.5 76.3 73.9 72.4 74.3 73.7 75.5 76.6 75.3 75.2 73.7 72.9 71.9 72.5 72.6 73.3 76.4 75.4 75.4 76.5 74.9 77.3 77.9 75.9 75.0 76.9 79.0 82.3 82.8 79.7 76.3 78.8 80.5 78.6 76.6 76.6 76.2 73.8 71.4 72.8 74.2 74.2 72.4 74.5 73.3 72.1 71.6 67.2 66.2 70.4 70.4 65.4 67.7 66.0 62.5 58.7 64.0 58.9 61.9 65.5 64.7 66.2 63.6 66.9 58.2 60.6 56.3 61.4 66.4 60.9 62.6 61.5
70.7 69.0 71.7 73.2 72.7 75.8 77.2 77.5 80.3 77.4 79.1 79.0 79.6 73.7 75.4 72.5 74.7 72.3 71.8 74.0 72.4 72.7 73.5 72.8 72.0 71.8 74.9 73.1 73.6 75.9 76.2 76.8 73.3 74.0 75.7 76.8 75.7 76.0 80.7 81.6 82.9 81.6 80.1 77.3 79.0 79.4 79.8 78.6 77.8 75.4 75.3 74.3 73.5 71.7 73.1 74.3 74.3 70.8 68.5 66.7 67.3 70.8 69.2 66.9 65.9 69.2 66.6 60.1 61.7 60.0 65.5 67.0 68.2 70.9 68.6 69.1 60.4 62.1 65.0 57.0 67.5 65.4 63.6 58.0
73.9 69.7 71.3 74.1 75.8 76.5 76.8 77.5 77.9 78.0 78.2 80.3 77.4 74.0 72.7 72.3 72.3 70.8 71.0 72.6 70.8 73.4 72.6 72.2 73.9 73.7 75.0 74.4 75.8 76.5 75.4 76.4 77.3 76.8 76.2 75.9 77.3 76.8 78.3 80.1 82.8 82.7 78.5 78.8 78.6 80.2 78.8 77.8 78.0 76.3 73.5 74.6 74.8 74.6 75.1 74.3 75.3 73.4 70.7 68.0 67.3 72.1 72.7 67.8 68.7 72.0 70.7 64.5 62.4 62.2 71.5 67.8 71.2 72.7 69.7 70.6 63.6 65.8 67.7 56.2 65.1 66.0 69.3 59.5
70.5 70.5 68.7 73.0 73.4 75.3 76.2 77.6 77.5 77.8 79.3 79.2 76.9 71.5 75.4 74.3 71.1 72.8 73.0 71.9 71.5 72.6 74.3 73.7 74.2 74.0 74.9 75.5 77.6 77.4 76.5 77.5 76.4 77.0 77.2 74.2 75.7 77.6 77.6 79.4 85.6 80.7 79.3 79.8 77.4 79.5 78.9 76.7 76.8 75.5 80.2 76.1 72.8 77.0 70.4 75.6 74.4 72.7 69.6 69.6 69.2 71.2 75.3 68.5 68.1 74.4 76.1 70.4 69.1 66.5 72.0 70.0 71.3 72.8 75.4 72.0 70.7 68.8 67.5 56.4 70.3 66.3 68.0 59.4
69.5 71.2 69.0 73.9 73.8 74.7 74.7 77.5 79.0 77.7 82.6 78.9 79.2 71.4 72.8 73.0 72.0 71.8 72.5 71.1 72.1 73.6 74.4 75.1 74.0 74.2 75.0 76.4 76.0 77.1 77.3 77.4 78.1 77.5 75.4 79.1 75.7 77.2 77.4 77.0 81.9 79.4 78.6 79.7 78.6 78.9 76.0 78.0 78.3 75.3 75.7 76.1 74.8 75.9 74.3 75.0 75.6 72.4 67.6 70.3 69.5 71.2 74.6 68.5 69.6 73.6 75.5 71.8 71.2 69.6 71.0 72.0 72.4 72.5 76.3 73.7 69.8 71.5 67.2 57.9 70.4 66.8 69.4 58.9
70.6 71.5 71.8 72.2 74.8 73.7 75.8 77.4 78.4 77.5 81.5 78.8 75.6 73.1 73.1 73.9 71.4 72.0 75.8 73.2 72.3 74.3 74.4 75.3 74.7 74.7 75.1 76.1 76.8 76.5 75.6 77.6 79.2 78.9 77.2 78.5 79.1 77.3 75.7 75.9 81.2 80.1 78.9 79.2 80.3 77.1 80.2 78.7 77.5 75.3 79.8 75.5 75.9 74.8 73.4 72.8 76.9 71.0 68.3 69.0 68.5 72.3 72.2 68.1 73.5 73.3 75.8 73.3 73.7 71.4 75.4 74.3 73.6 73.8 77.0 75.6 71.0 72.7 68.1 60.5 69.1 67.8 70.5 58.3
68.8 72.5 70.6 71.9 73.5 75.5 77.4 78.0 79.0 77.4 79.9 78.7 76.7 73.2 74.1 74.3 73.0 72.4 73.7 74.2 74.7 74.4 75.4 75.1 75.3 74.6 75.1 75.3 78.7 77.8 77.9 77.7 77.7 79.7 78.8 78.8 75.6 77.9 77.3 76.0 75.6 80.3 79.9 80.7 81.3 75.7 78.6 77.6 78.3 76.3 77.3 75.4 73.8 74.4 73.0 75.2 75.4 70.3 68.0 72.0 74.1 73.7 72.9 67.9 72.2 75.0 76.3 75.0 74.2 72.2 75.0 73.6 72.6 77.2 76.0 78.1 69.4 73.4 69.0 63.2 67.4 68.7 72.6 63.7
67.7 70.0 70.3 73.9 74.3 73.7 80.4 78.2 78.8 77.9 79.5 78.5 77.7 76.0 71.6 74.6 73.4 73.3 73.2 74.7 75.3 74.5 75.2 73.6 75.9 71.7 77.0 74.8 77.0 76.3 78.2 78.4 78.8 79.2 77.9 79.5 78.8 76.9 77.9 75.1 76.4 79.7 82.8 79.6 78.2 80.4 78.6 77.4 76.5 76.8 78.0 79.0 74.3 77.3 73.7 76.1 74.9 68.4 67.7 71.7 72.1 74.1 72.1 67.6 72.1 74.8 76.6 76.1 75.4 73.7 74.8 74.4 74.7 75.9 79.0 77.6 75.1 72.3 66.1 65.8 65.6 68.1 69.9 67.0
68.0 70.8 72.0 73.7 74.1 76.6 74.7 79.8 80.7 79.4 79.3 78.8 75.5 75.2 73.7 74.5 73.1 74.8 74.6 74.7 74.7 74.7 75.8 73.0 74.7 73.2 72.9 77.3 76.5 75.9 78.9 78.0 79.3 79.3 78.2 79.3 77.7 76.9 77.6 77.0 76.7 78.0 78.8 78.9 82.7 80.6 76.7 78.2 78.6 77.2 76.5 77.4 75.1 76.2 74.1 75.8 74.8 69.7 66.1 71.1 73.9 73.7 71.8 68.0 73.8 74.8 77.2 76.7 78.3 76.4 74.5 76.2 75.6 75.1 76.1 76.8 74.5 73.4 65.6 67.3 64.5 70.3 70.1 68.3
69.7 70.6 71.6 72.3 72.6 73.7 77.5 78.4 77.9 78.2 79.5 77.6 75.9 75.0 74.3 74.2 74.1 75.2 74.1 75.2 77.9 75.0 76.4 77.0 76.7 76.5 77.6 77.5 77.4 77.6 79.8 78.3 78.4 79.9 80.6 80.0 80.2 77.2 77.4 76.6 76.0 79.1 80.4 80.2 82.4 78.4 79.9 78.5 76.9 77.5 78.3 76.7 76.1 74.1 74.0 76.6 69.2 69.4 74.8 70.4 74.3 74.7 71.2 68.4 76.0 76.5 76.7 77.3 74.8 74.6 74.0 75.8 75.6 76.1 78.1 77.1 75.1 73.3 67.8 68.1 65.6 73.8 69.5 69.9
68.3 69.9 70.6 72.2 74.7 75.3 76.2 77.8 80.4 77.8 78.7 76.3 77.9 75.9 75.3 71.7 74.2 76.1 73.7 76.2 76.9 75.9 76.2 77.2 81.3 77.1 77.4 78.0 78.6 79.1 77.3 79.5 82.8 79.6 79.4 78.4 77.3 78.3 75.6 76.7 76.2 77.2 82.0 80.0 77.4 80.0 78.1 79.3 78.0 77.6 77.9 76.4 76.6 76.2 74.2 74.3 70.0 67.7 68.8 71.2 73.2 75.2 71.6 68.8 75.7 75.1 76.5 77.8 76.3 74.9 75.4 75.0 74.3 76.2 77.2 74.7 76.4 72.8 65.2 69.4 65.9 73.5 70.1 70.4
71.8 70.6 71.2 72.4 75.4 74.6 78.0 77.5 77.5 78.8 79.7 77.8 77.1 76.5 75.2 74.2 74.7 76.4 75.8 76.4 76.7 76.7 78.4 79.0 75.8 74.1 75.8 76.2 77.3 77.5 78.8 81.1 79.7 79.4 79.8 78.1 77.9 79.0 79.6 77.1 76.8 77.9 76.0 78.8 81.6 78.3 80.0 80.3 79.7 79.0 78.2 76.3 76.4 74.4 72.4 73.0 68.7 69.2 74.7 70.9 72.5 72.6 74.1 69.0 74.8 75.5 75.8 77.4 75.8 74.7 74.9 74.7 77.4 77.0 75.3 81.1 74.5 71.8 61.4 70.9 69.0 74.3 69.0 70.7
68.8 70.9 69.4 73.6 72.4 73.8 75.0 77.3 79.1 78.6 80.3 76.8 76.0 75.3 74.8 74.8 76.3 77.3 74.7 75.5 77.1 77.7 74.3 78.9 75.8 76.6 79.1 78.3 79.0 79.2 79.9 80.1 78.6 78.3 79.7 78.1 78.0 79.0 78.8 77.9 74.1 77.8 78.2 80.0 80.8 77.0 79.1 80.6 78.3 77.4 78.9 75.4 75.8 75.3 73.1 70.9 66.9 69.7 72.4 75.9 73.2 73.2 76.0 68.2 73.9 77.2 75.5 77.1 78.8 74.7 75.0 74.7 79.0 78.3 77.4 78.3 74.9 71.1 64.5 71.8 69.1 74.5 71.2 72.8
68.4 69.6 66.1 71.0 71.3 76.3 75.1 77.3 79.1 78.3 81.9 78.7 77.5 75.3 75.1 74.9 76.8 77.1 72.2 75.2 77.2 78.9 77.4 78.8 78.5 77.7 78.2 78.2 79.9 77.6 79.0 79.3 78.6 78.6 79.3 78.3 79.1 79.8 78.7 78.5 76.2 77.4 76.6 79.1 82.1 79.4 79.0 78.7 79.5 79.0 75.5 74.4 78.1 75.7 72.2 67.5 66.6 70.3 72.4 77.9 74.5 71.5 74.3 75.7 76.2 76.9 76.2 77.2 77.2 74.7 76.7 76.4 78.7 78.3 79.4 76.7 75.9 72.2 65.4 71.5 71.1 74.7 70.8 74.4
