surveys/_q15_1/matrix_q15_1s4.txt
north:            -537.50
south:           -1247.50
east:             2697.00
west:              -93.00
rows:                 144
cols:                 279
null:              -999.0
[rows 0 to 37 of 144, columns 168 to 251 of 279]
104.8 103.0 101.7 103.6 99.1 99.9 99.5 101.2 96.8 94.0 97.0 96.9 90.3 85.9 84.9 91.0 92.8 85.4 84.3 86.2 91.4 85.1 77.4 81.1 89.2 93.9 83.8 83.1 89.1 93.7 93.5 99.4 88.8 97.3 88.8 99.8 94.9 94.9 96.9 106.4 102.4 93.0 94.5 95.7 99.4 98.7 93.1 95.6 94.4 94.5 91.3 97.7 91.1 92.7 88.5 89.2 88.2 98.5 95.1 105.3 99.7 99.4 97.1 90.5 79.0 80.4 82.2 86.4 91.7 91.6 85.9 85.5 86.4 83.8 80.9 71.3 72.3 84.6 82.8 84.5 76.6 72.8 66.3 63.5
105.1 103.5 101.7 103.3 99.0 99.8 98.5 101.3 97.8 94.2 97.0 96.9 89.9 85.9 84.8 96.3 92.9 85.7 84.1 86.5 91.1 85.3 77.6 81.1 89.2 95.5 84.1 83.8 88.8 99.5 93.5 99.2 89.2 97.2 96.6 99.8 94.9 94.9 96.4 106.3 101.9 92.7 95.0 95.7 99.4 98.6 93.7 95.7 94.9 94.7 90.0 98.3 94.5 93.0 88.9 89.6 89.0 98.6 98.3 105.4 99.8 99.4 97.5 90.9 79.0 80.5 82.2 87.0 90.8 92.0 85.9 85.5 86.3 83.8 80.7 72.0 72.5 85.0 83.3 84.7 77.3 73.0 65.8 66.7
105.7 106.5 103.6 108.2 99.9 101.7 102.9 101.3 101.4 95.9 101.0 100.3 95.1 88.3 88.5 99.2 103.4 94.9 85.2 89.0 92.6 85.9 80.3 82.9 94.8 97.4 84.0 87.7 91.8 98.6 95.3 99.3 98.4 97.2 98.3 101.0 98.3 96.6 97.2 106.8 104.7 97.6 96.6 98.7 102.9 101.1 97.6 96.0 99.6 96.9 97.0 101.0 98.3 97.5 90.7 90.2 90.1 98.7 101.4 103.8 101.4 102.4 95.6 95.5 79.7 82.8 83.3 89.0 95.0 95.4 86.0 88.1 87.3 85.8 81.6 75.9 74.5 87.7 86.7 86.4 80.3 74.1 68.1 66.4
108.4 108.1 105.6 109.1 99.6 105.1 106.3 106.1 101.8 99.2 102.3 103.1 96.9 92.8 89.3 108.6 111.1 110.9 101.8 90.5 95.0 89.7 82.4 85.5 99.3 99.0 88.0 91.5 95.0 100.5 97.2 98.3 95.9 96.9 100.5 102.5 103.5 99.7 99.5 106.9 106.1 99.6 99.3 100.2 102.9 100.9 100.2 97.9 105.5 102.1 100.2 101.7 98.0 97.3 92.8 93.6 91.3 100.0 105.5 105.0 106.7 104.5 97.2 96.9 80.3 85.6 83.8 90.3 99.0 97.9 87.9 90.3 89.0 88.2 84.7 75.8 78.5 90.2 91.3 89.0 84.0 78.3 72.8 67.5
107.5 109.6 107.3 110.6 102.3 107.0 107.0 108.1 102.0 101.0 103.8 105.4 99.7 92.7 92.5 111.0 115.2 113.6 110.1 92.0 95.2 93.7 87.1 88.8 98.8 100.2 91.5 91.8 98.9 105.1 101.3 101.4 99.0 97.9 102.5 102.4 103.5 104.5 106.9 108.4 108.4 104.7 100.7 101.8 105.2 102.5 105.1 100.1 105.9 105.6 102.5 102.1 99.1 98.2 95.1 99.2 94.1 102.8 106.6 108.0 103.2 103.1 93.5 97.5 95.9 89.2 82.9 91.9 97.0 98.3 89.9 91.5 93.5 90.9 83.7 78.5 82.0 92.4 91.4 92.6 89.0 79.4 75.2 71.8
108.9 110.0 111.5 113.9 103.4 109.0 108.5 106.8 105.8 102.1 106.0 106.8 103.1 99.0 96.5 112.4 112.7 112.4 114.3 98.8 96.7 97.9 90.9 91.3 97.2 103.9 95.7 95.4 97.1 105.5 105.3 104.5 99.0 99.4 104.6 99.0 99.9 106.8 104.8 108.4 108.1 110.7 105.2 103.2 102.3 104.4 106.8 102.3 108.8 109.2 105.4 102.1 102.2 102.1 97.7 101.7 97.0 106.9 108.0 108.0 104.5 103.9 91.8 96.5 115.1 116.9 106.2 98.8 99.0 99.0 93.7 90.4 94.8 93.6 88.5 81.8 84.9 94.0 95.0 96.7 92.4 87.1 74.4 74.4
109.6 111.3 113.3 109.8 107.5 113.2 108.3 108.7 106.5 104.8 108.0 106.9 102.8 107.9 115.3 115.8 111.6 113.4 114.4 113.9 102.8 97.4 95.0 94.3 98.7 104.9 102.0 97.9 105.6 107.2 109.9 109.5 105.0 101.8 101.5 101.9 109.2 105.1 103.9 108.0 108.3 109.0 105.5 104.3 105.1 104.2 106.6 104.8 111.5 109.7 111.9 104.9 103.9 104.1 101.3 101.8 100.8 107.7 110.3 109.8 108.6 104.8 92.1 116.5 119.6 121.8 119.2 106.1 98.9 98.5 98.2 96.2 96.1 97.8 91.7 83.1 86.0 99.7 97.6 99.0 93.6 87.9 81.6 76.1
109.2 111.7 114.2 108.4 109.9 118.1 111.3 108.0 107.0 109.9 109.4 110.9 105.6 113.8 118.3 112.0 112.7 115.2 113.2 115.1 108.0 108.0 93.7 96.1 101.6 108.9 99.7 100.6 105.7 106.3 108.4 109.6 104.7 104.1 104.8 105.3 105.8 105.8 108.7 109.2 107.0 110.2 105.0 105.6 104.6 105.0 109.6 104.7 109.9 110.3 114.9 108.5 105.7 107.1 105.8 102.2 104.7 110.0 112.9 109.2 111.2 104.2 91.9 122.9 124.4 125.1 122.5 119.3 99.8 100.3 100.8 98.4 98.6 101.2 91.9 85.5 86.7 100.1 101.5 100.4 96.3 92.5 79.3 78.3
118.4 116.6 114.5 115.4 114.4 117.3 115.9 114.3 115.7 115.9 116.3 116.7 114.7 116.3 118.1 111.5 112.6 112.8 115.9 116.2 114.6 111.1 108.5 110.6 110.4 111.1 112.4 105.7 108.3 106.5 110.1 111.7 107.5 105.5 104.0 114.2 103.3 108.4 110.4 117.2 107.3 112.0 106.9 112.7 104.4 109.5 110.2 106.6 106.8 112.2 116.1 111.8 105.5 106.0 105.1 103.2 108.1 110.8 113.0 114.9 111.2 109.3 87.3 124.8 120.6 128.3 125.1 122.8 109.9 97.3 102.2 99.6 101.6 101.1 92.1 88.0 91.6 100.0 103.5 101.9 101.0 91.2 87.5 78.2
115.8 116.6 115.7 117.7 112.0 117.0 119.0 115.8 115.4 115.2 115.3 117.8 118.7 120.8 117.9 112.7 112.2 112.8 115.1 117.1 115.1 112.0 114.8 113.4 114.5 114.0 112.2 113.3 111.9 114.2 112.4 116.0 112.3 114.5 112.0 114.5 115.1 117.0 117.3 115.6 113.0 118.1 112.7 117.7 116.2 116.7 117.1 113.1 113.6 116.5 116.2 114.9 108.8 113.4 107.8 105.8 110.4 113.2 113.1 116.7 113.9 117.4 103.6 126.4 119.7 125.1 123.4 124.9 115.7 106.4 101.8 100.4 103.9 107.9 96.6 88.7 94.9 99.7 106.4 104.8 100.6 92.6 83.2 83.7
115.6 118.6 115.7 115.5 116.0 116.5 118.5 115.9 115.3 115.0 115.0 117.4 119.5 120.7 118.3 112.6 112.1 112.9 112.8 117.8 118.6 113.9 114.6 112.4 113.1 114.3 114.0 113.8 115.2 116.6 114.8 116.2 115.9 114.7 115.6 115.8 120.3 115.8 116.6 116.5 118.7 117.5 120.7 118.3 116.4 116.2 116.7 115.3 115.9 116.1 116.2 117.5 117.9 117.0 118.8 118.4 119.0 117.8 119.0 122.3 115.1 122.6 126.6 127.7 123.5 124.4 125.5 125.1 122.8 114.3 118.1 114.6 108.5 115.5 108.4 89.4 92.9 107.6 109.1 110.4 98.4 94.0 88.6 88.6
116.5 117.6 114.2 112.7 117.0 116.0 114.0 117.5 116.3 115.3 116.0 116.1 119.0 120.2 117.7 111.5 113.2 112.4 111.6 115.8 116.8 115.3 113.3 112.9 112.4 113.6 113.4 113.1 113.7 117.7 115.3 115.7 114.5 116.7 114.8 117.3 115.0 116.7 116.2 119.1 117.9 117.6 118.3 119.2 116.9 114.6 116.2 117.4 115.3 117.5 116.5 116.9 117.2 117.5 117.8 118.4 117.1 118.3 119.4 122.3 121.2 124.5 126.8 127.0 124.9 125.5 124.1 125.0 126.1 120.8 120.2 118.7 119.6 121.7 118.7 116.9 119.0 118.7 119.9 118.9 117.6 113.5 116.6 113.4
117.0 70.4 116.6 37.3 116.0 112.4 116.3 97.6 117.7 107.6 115.4 112.5 117.2 113.9 115.0 96.9 111.3 106.4 111.6 110.9 118.0 114.5 114.9 109.4 111.1 112.6 114.4 111.9 114.4 114.0 114.7 115.0 114.6 116.1 115.0 113.7 115.2 116.9 117.0 119.4 118.4 117.8 116.8 119.3 117.4 117.2 116.4 117.5 116.5 115.6 116.2 117.8 119.3 116.1 117.7 119.0 118.7 118.0 119.2 121.4 124.2 127.4 125.0 126.6 126.0 126.5 122.9 125.6 127.7 126.2 122.9 122.3 122.4 122.1 122.9 123.2 123.9 122.5 125.4 123.8 123.4 124.7 124.4 124.5
89.1 31.4 29.3 36.3 74.7 82.8 45.4 73.3 100.9 94.1 112.8 63.9 110.1 93.5 110.4 74.0 104.1 86.4 103.0 53.0 109.2 112.1 114.6 88.8 113.2 99.9 112.6 44.7 114.9 110.2 110.6 109.9 114.1 83.7 111.0 110.1 116.1 116.0 115.5 116.2 117.1 117.0 120.2 117.5 115.5 117.8 115.5 116.5 116.4 114.1 118.5 118.0 117.9 117.5 117.1 118.7 118.5 118.4 119.5 121.9 124.4 128.9 126.6 126.6 126.2 126.3 122.9 125.6 127.2 126.5 124.4 122.4 116.9 122.5 124.1 124.0 126.2 123.8 124.9 124.9 124.8 124.5 125.3 125.5
65.1 35.9 32.5 29.1 35.2 35.5 42.1 49.1 48.3 53.9 107.7 53.8 97.5 58.3 53.3 51.1 49.8 53.1 52.6 55.3 113.4 77.6 64.1 37.0 22.2 34.4 42.4 42.6 52.7 71.1 56.6 88.1 90.2 64.8 116.1 63.1 108.0 108.5 109.7 104.2 117.5 112.2 116.1 108.5 116.6 109.2 116.2 107.3 117.3 90.9 117.9 116.2 118.0 117.7 117.0 116.6 114.6 117.0 119.7 125.6 119.6 127.1 123.9 124.5 127.6 123.7 125.9 125.5 127.3 124.4 124.0 123.2 123.5 123.0 123.2 126.1 127.8 123.8 124.2 125.0 125.0 124.4 126.0 126.7
42.4 31.6 25.6 28.7 32.2 35.8 42.8 49.1 49.5 52.8 59.0 53.1 51.7 54.2 51.4 52.6 49.4 48.3 49.4 43.2 37.2 34.5 41.2 20.2 22.7 29.7 32.2 41.7 47.3 51.4 55.1 55.1 64.4 63.0 65.1 64.1 63.9 69.5 71.2 64.4 68.2 89.2 115.7 76.6 76.9 74.9 73.1 76.0 73.5 76.6 77.0 99.1 106.0 101.0 99.6 107.0 113.8 108.3 116.4 100.4 117.1 122.2 119.5 117.6 124.7 118.7 120.1 124.1 124.4 120.0 126.4 119.9 122.9 121.8 123.8 124.2 124.4 124.7 122.1 124.1 125.5 124.9 125.0 127.0
38.0 32.5 29.8 28.4 33.8 36.7 41.8 49.7 49.9 53.6 54.6 52.5 52.2 54.4 51.1 50.6 51.1 49.7 47.1 41.1 34.9 30.0 25.4 21.5 23.1 28.6 34.2 41.4 45.5 49.6 52.1 56.1 61.1 61.8 64.0 64.9 64.2 66.9 64.6 65.3 66.5 67.9 68.8 72.9 75.7 72.7 72.2 74.3 72.5 72.0 72.4 72.8 76.9 72.6 69.5 70.0 62.0 67.5 77.8 84.1 110.6 104.3 97.8 105.8 114.4 107.1 119.4 115.8 122.9 109.9 122.7 117.4 122.9 101.4 123.5 96.4 126.5 108.4 123.1 124.1 125.6 123.0 124.2 123.2
38.5 34.2 32.8 28.7 34.3 39.7 49.1 50.0 51.4 54.7 55.4 55.6 55.1 53.8 50.2 51.1 53.4 49.7 47.0 41.7 35.1 30.8 26.3 23.2 25.3 26.4 31.1 43.1 46.9 50.0 51.8 56.4 54.9 61.0 60.8 63.2 62.5 67.0 67.3 66.4 66.8 65.0 67.4 68.6 73.4 73.2 73.2 75.4 72.1 74.4 70.1 79.6 72.0 72.3 70.1 67.7 64.3 65.6 66.3 69.4 71.4 79.6 73.7 76.9 78.0 80.2 74.2 92.4 89.3 77.0 72.7 89.5 77.8 76.5 75.5 80.2 76.2 79.5 76.7 115.3 97.2 100.8 117.0 101.6
39.8 36.2 33.3 34.6 37.6 41.5 44.6 50.0 51.3 57.1 56.6 55.7 56.1 53.2 52.7 50.7 53.3 49.0 47.1 41.2 35.7 32.5 29.1 25.7 22.3 29.3 34.4 41.3 43.9 51.8 54.3 56.7 61.5 61.0 61.3 62.6 65.9 67.1 65.8 67.5 67.5 65.3 64.2 66.8 69.4 72.5 74.2 74.9 75.6 75.7 73.1 77.2 74.1 73.3 71.3 73.4 68.6 67.4 63.8 67.6 71.0 75.7 75.6 76.3 79.2 77.2 76.8 78.8 76.6 71.7 77.7 73.5 77.2 73.7 78.1 73.5 73.5 75.6 74.2 73.9 78.0 73.9 72.2 75.8
45.2 35.4 36.2 37.1 40.4 43.2 45.7 50.9 52.7 57.3 56.2 58.4 53.9 54.3 52.9 50.5 52.6 48.1 42.7 40.7 35.6 32.6 29.3 29.4 26.6 33.7 35.8 40.7 45.6 53.4 53.0 57.0 58.0 61.3 61.9 62.2 65.5 65.3 65.0 66.2 69.1 66.5 66.7 66.1 69.0 70.3 74.4 74.7 78.1 76.9 74.9 77.2 75.3 75.2 73.1 75.4 71.9 70.6 66.6 66.6 69.4 75.7 78.3 77.1 81.2 78.9 77.7 79.7 75.5 72.9 73.3 72.7 75.5 72.3 75.6 73.0 75.3 73.4 73.4 73.4 74.6 73.2 71.3 70.0
49.3 39.4 39.7 40.6 42.1 46.6 45.2 51.3 54.1 57.8 56.7 57.2 56.6 54.9 53.8 50.5 49.4 44.0 40.9 39.1 37.9 34.0 37.2 30.3 27.1 35.5 34.5 44.6 49.9 52.6 53.6 57.2 59.4 62.6 60.6 63.1 64.1 65.3 63.5 66.0 69.8 67.7 65.9 64.3 68.9 68.8 71.8 73.4 78.2 77.1 75.8 78.2 79.2 76.3 76.9 79.0 75.7 74.7 69.2 67.7 73.2 74.2 76.2 80.3 79.9 80.3 77.6 82.1 78.4 74.4 76.4 73.2 74.8 74.8 76.3 72.9 74.5 72.3 71.8 74.7 70.9 71.9 73.4 69.9
50.6 43.3 41.5 43.5 46.2 48.0 51.2 52.4 55.2 56.7 58.7 54.7 52.9 54.0 53.9 48.9 48.2 43.3 37.2 37.7 36.0 33.8 44.3 35.5 27.6 36.3 39.1 45.4 49.0 54.5 55.9 59.1 59.6 63.2 59.7 62.5 62.7 65.3 68.0 66.3 69.6 66.9 66.8 65.8 68.3 69.3 70.8 70.2 74.9 77.7 78.1 80.3 78.3 77.3 77.7 78.6 75.4 77.4 73.0 67.8 71.6 76.4 78.6 78.8 79.9 81.2 77.8 79.1 77.5 76.1 75.3 76.5 74.3 74.6 74.9 73.2 72.5 72.3 72.7 74.5 70.7 71.9 73.4 73.9
57.8 45.0 43.7 48.5 48.6 50.0 52.0 53.3 51.2 55.9 56.7 53.5 52.4 51.0 56.6 48.7 47.0 43.5 37.6 36.6 36.5 33.8 45.1 37.3 33.8 37.8 41.2 45.9 48.1 55.7 57.3 60.8 57.8 63.5 60.2 62.0 64.7 63.2 65.4 66.4 65.3 66.9 67.3 66.4 67.8 67.4 68.6 62.6 72.9 75.6 78.7 80.7 78.7 78.7 78.2 78.8 75.4 76.9 75.6 71.9 70.0 77.2 77.3 78.6 78.4 79.6 80.3 78.6 77.2 75.7 74.9 71.7 79.6 74.8 74.3 74.2 75.8 73.4 72.6 73.9 73.0 73.3 72.6 74.9
58.6 46.0 47.1 52.1 50.8 50.9 50.3 53.2 52.7 56.2 56.9 50.4 50.6 50.5 58.9 46.8 45.1 42.7 38.0 37.6 42.7 35.6 49.4 39.4 31.4 38.1 41.5 47.2 54.5 56.4 57.5 59.2 58.7 60.3 65.3 60.4 61.6 63.5 66.1 65.8 66.5 66.7 66.7 65.3 67.8 68.0 70.3 69.0 73.4 73.3 77.9 76.3 79.8 79.0 77.5 79.3 76.8 79.0 76.5 73.7 73.5 77.5 75.9 76.3 80.9 79.0 83.8 79.8 77.5 79.2 75.4 73.3 76.5 74.9 75.4 72.8 76.3 73.5 74.8 74.0 74.9 73.9 74.7 74.9
61.6 51.1 53.9 54.7 51.0 52.4 52.3 52.8 53.1 53.1 55.2 56.4 48.6 51.3 57.1 46.8 45.1 41.3 39.0 38.3 37.6 35.6 48.5 43.6 39.5 41.8 42.7 49.2 52.5 56.2 57.0 57.5 60.4 61.4 63.7 64.7 62.2 64.2 63.7 67.8 67.0 65.4 67.1 65.1 65.9 69.9 68.4 70.3 71.6 72.2 76.6 76.5 77.8 78.8 78.7 79.4 77.6 79.1 77.2 75.2 74.6 79.4 77.2 78.6 78.7 79.9 76.3 77.5 75.6 75.4 75.2 76.5 74.2 75.2 74.8 73.3 74.7 73.5 76.0 74.9 70.9 73.9 74.4 74.5
61.7 57.6 58.8 56.7 54.4 56.9 53.7 52.0 52.3 53.7 53.8 57.4 51.0 55.6 56.2 47.5 40.5 40.9 41.0 40.8 38.5 36.9 50.2 44.8 41.6 44.5 44.3 50.1 53.6 57.7 57.1 58.3 61.3 64.0 63.4 64.3 64.0 65.4 64.4 67.2 66.0 66.3 67.6 68.2 66.3 68.2 68.4 69.4 70.6 71.8 76.0 77.0 77.8 78.2 77.1 76.6 78.5 78.8 76.9 75.9 76.0 80.0 79.8 79.8 80.0 79.5 80.4 79.2 75.8 75.9 74.6 78.0 76.0 75.0 75.1 74.9 74.3 72.2 74.4 74.8 74.8 74.0 73.8 73.7
63.7 62.9 63.0 57.5 55.7 57.8 57.2 53.4 49.4 51.3 52.6 60.0 50.2 57.3 45.3 46.1 48.2 41.4 40.4 41.6 37.8 40.9 54.1 45.3 49.1 45.8 49.0 51.5 56.0 57.7 58.0 58.8 61.7 64.5 61.4 63.3 63.0 64.9 65.8 67.0 67.1 64.5 65.8 65.4 66.4 67.5 69.2 69.0 72.1 71.0 75.2 76.8 78.4 79.2 77.1 77.5 77.7 77.9 77.5 75.2 77.7 78.4 79.6 78.3 79.3 80.9 81.4 77.9 76.5 78.2 73.8 74.5 75.1 73.5 76.5 73.5 74.6 70.6 74.4 75.1 75.4 72.9 74.3 69.7
61.1 67.1 63.9 59.5 58.5 58.0 54.1 56.0 54.4 50.9 52.6 61.4 51.8 57.0 51.3 48.4 48.9 41.0 39.0 42.0 38.3 48.5 60.4 49.2 48.0 48.5 51.4 51.3 55.0 58.1 59.2 61.7 62.5 61.8 59.7 62.2 60.9 62.6 64.0 66.7 67.1 66.6 65.3 66.1 66.5 67.0 67.6 68.8 72.2 70.1 72.7 74.0 79.1 79.1 80.2 75.0 78.9 79.2 78.4 77.8 76.8 77.5 82.1 78.7 82.1 80.3 79.8 78.9 77.4 78.1 77.0 74.8 76.2 72.8 75.9 72.7 75.1 73.8 73.8 75.5 74.9 74.4 76.1 70.7
65.0 68.1 65.4 62.2 60.0 57.7 57.6 57.8 56.3 52.4 55.4 60.5 56.8 57.7 55.0 52.1 53.7 42.0 44.3 42.1 41.9 51.2 63.1 51.4 48.5 51.6 59.9 52.2 56.3 59.9 58.2 61.1 63.0 62.1 63.9 63.7 64.1 63.3 66.3 67.6 66.2 67.6 67.0 67.7 66.9 66.9 69.7 68.8 70.2 70.6 73.1 74.7 79.1 78.9 76.0 76.1 75.2 78.0 79.1 76.7 77.3 77.8 80.3 80.4 78.4 81.0 82.3 80.0 76.7 77.9 66.1 76.8 74.2 75.6 75.6 77.8 73.0 74.1 72.9 75.4 74.7 72.8 73.9 73.0
68.3 71.6 66.2 65.2 57.9 59.0 58.9 59.6 59.4 52.8 56.0 60.1 55.9 59.5 59.1 57.3 55.2 43.2 46.8 42.2 39.6 53.6 63.1 52.4 51.0 53.9 55.5 56.9 57.9 61.2 59.8 61.3 60.2 62.8 65.0 63.3 62.0 64.4 65.9 67.2 67.3 67.2 67.2 66.9 68.7 67.0 68.2 68.8 69.5 70.9 72.0 75.1 78.6 78.5 78.2 76.0 77.6 78.7 80.2 76.1 76.2 77.9 78.7 79.9 82.3 78.1 83.4 80.1 77.7 75.8 75.2 77.4 73.4 75.3 75.6 76.1 73.3 73.5 72.9 72.3 73.6 72.0 73.1 73.2
63.1 72.9 64.1 69.1 61.4 59.7 57.5 61.8 58.9 54.3 61.4 60.8 59.6 58.9 61.0 58.4 55.3 43.9 48.7 42.7 44.0 58.8 59.8 53.1 53.2 55.2 54.7 56.8 56.7 60.2 59.9 61.6 61.2 62.7 64.3 63.4 63.0 64.5 66.4 66.9 67.1 66.1 65.6 65.4 65.2 67.1 67.7 69.2 70.5 72.5 73.3 76.5 77.7 76.7 75.2 75.2 76.6 79.0 76.9 79.8 77.1 78.4 80.7 80.4 80.8 80.1 80.4 79.7 77.9 73.7 77.0 75.7 75.0 74.6 75.6 75.4 73.1 73.1 72.9 74.1 74.8 71.6 76.2 73.8
66.9 74.2 65.2 70.7 58.2 61.3 60.5 63.5 62.7 56.3 60.6 61.4 60.9 58.8 63.7 59.2 60.6 44.0 46.6 48.3 47.8 61.4 60.1 55.9 54.2 56.1 57.1 56.9 59.9 60.7 58.9 61.7 62.0 61.5 63.6 64.4 63.7 63.2 66.3 67.7 68.5 64.9 66.2 65.7 66.8 68.4 68.0 69.6 69.5 72.7 72.2 75.5 77.2 74.9 77.0 76.7 79.4 80.7 76.8 80.2 76.1 76.3 79.0 81.3 81.7 80.7 83.3 79.7 79.7 77.0 76.1 74.8 81.1 75.0 77.0 74.9 74.6 72.2 75.5 74.2 73.9 72.7 74.6 76.3
65.3 76.7 67.1 70.8 67.1 64.5 62.9 69.7 67.1 58.5 60.6 61.5 61.1 61.2 64.2 59.3 60.8 46.6 45.7 53.1 55.4 63.8 59.3 58.4 56.4 57.1 56.2 58.4 57.9 61.2 58.5 58.0 61.9 62.1 63.3 62.8 64.3 66.1 66.4 66.9 66.7 64.9 67.7 65.8 67.4 67.3 67.7 69.0 67.6 70.7 73.0 75.6 80.5 75.2 78.3 78.1 79.5 78.8 76.7 77.3 74.6 75.7 77.6 82.0 80.6 79.8 82.3 79.8 78.6 75.7 76.7 74.9 72.9 75.8 78.1 75.6 73.9 71.5 75.5 74.9 73.7 73.7 73.6 73.0
65.2 76.2 66.7 70.3 66.0 68.6 68.2 69.9 62.7 61.9 60.7 60.4 61.7 61.6 62.3 58.8 59.0 49.5 46.0 56.5 58.6 63.8 59.2 61.7 60.1 58.2 56.9 58.9 60.7 63.9 54.7 56.6 63.4 63.1 69.5 64.4 63.3 64.8 69.7 65.6 67.3 64.5 68.5 65.5 68.4 67.1 68.3 67.0 69.0 70.1 72.0 74.8 76.1 75.5 78.4 78.9 80.6 77.4 77.0 77.9 77.4 77.3 76.3 82.0 80.8 79.0 80.4 79.5 80.4 69.7 77.6 75.4 79.0 75.6 74.0 76.7 74.1 75.3 72.7 76.0 70.3 73.9 74.1 72.1
65.3 74.7 68.4 71.0 69.1 72.9 69.2 71.0 64.3 66.2 60.3 60.5 63.4 62.2 64.4 60.2 61.9 53.6 45.5 60.1 60.4 63.8 58.6 67.1 56.8 58.4 57.4 58.4 59.1 60.2 57.5 59.1 62.6 62.9 61.6 65.0 63.1 64.4 67.3 66.2 65.9 64.4 67.0 66.3 68.0 66.4 68.2 66.8 70.7 70.1 71.6 73.0 75.6 77.1 75.0 80.0 78.4 77.3 77.7 78.4 78.5 76.9 77.2 80.6 80.8 79.1 80.0 79.5 75.2 79.0 75.8 76.0 75.9 78.2 77.5 76.9 75.8 75.9 74.2 75.9 77.4 73.9 73.6 71.9
69.5 72.9 71.7 72.5 68.3 74.0 72.1 72.9 68.5 70.3 63.9 62.9 62.6 62.6 62.3 60.4 63.3 59.0 49.5 62.1 65.2 62.5 56.6 69.8 61.3 61.7 56.3 58.2 57.3 60.3 60.0 62.8 62.1 63.0 64.2 62.8 63.3 65.4 66.1 66.5 64.9 66.5 67.6 68.0 67.9 66.7 66.2 66.9 68.7 70.2 72.3 72.7 74.9 76.8 79.9 79.5 80.4 77.6 77.8 78.4 73.2 78.3 78.3 81.2 81.2 79.5 80.3 78.7 78.5 75.1 76.7 76.2 77.9 78.7 75.0 78.1 78.2 76.0 75.9 76.5 75.5 75.4 73.3 72.6
69.0 70.6 74.4 71.0 68.7 74.3 72.0 72.6 66.1 71.2 64.3 63.5 64.4 62.0 61.5 61.0 60.8 59.9 50.6 61.8 66.5 62.0 62.4 69.2 60.9 61.9 61.1 58.2 59.0 60.7 59.2 61.2 62.9 62.1 59.4 63.7 65.3 66.7 63.5 65.4 64.5 64.4 70.4 67.9 69.3 66.6 67.9 69.0 69.8 70.0 73.2 74.8 77.8 76.9 83.2 77.8 77.0 79.8 76.1 76.4 73.3 76.0 78.5 80.5 79.4 79.5 79.5 77.7 76.9 74.8 76.0 76.4 78.5 77.8 77.5 78.3 76.6 75.6 76.1 75.8 77.0 74.8 71.6 75.6
69.2 70.0 75.3 72.1 71.0 74.4 71.8 73.1 70.2 72.2 60.0 65.7 62.6 61.0 62.0 62.0 63.1 60.3 55.7 62.3 67.3 61.4 60.5 69.2 60.1 62.2 55.0 58.7 57.1 59.5 58.1 60.5 60.7 63.0 62.3 63.8 64.0 66.9 65.8 63.8 66.7 65.7 72.2 67.2 66.7 67.9 69.0 69.4 67.9 68.3 73.0 75.4 77.8 76.2 80.0 79.0 78.6 80.9 74.7 74.2 74.2 76.5 78.1 76.7 78.9 79.1 79.0 77.1 77.4 75.5 81.8 75.6 79.6 80.9 79.3 76.8 77.7 75.5 75.7 76.7 75.5 71.5 70.2 74.1
