surveys/_q15_1/matrix_q15_1s4.txt
north:            -537.50
south:           -1247.50
east:             2697.00
west:              -93.00
rows:                 144
cols:                 279
null:              -999.0
[rows 0 to 37 of 144, columns 84 to 167 of 279]
105.2 117.3 120.2 119.0 111.1 107.2 103.8 107.2 105.9 104.9 104.4 111.2 107.1 107.6 108.4 106.3 103.7 113.7 112.9 103.5 105.9 109.1 106.6 110.3 117.2 109.9 109.5 109.4 103.3 107.3 109.7 112.4 112.4 112.3 107.8 108.9 103.5 97.4 97.6 108.4 103.5 110.1 106.4 110.5 108.2 108.4 109.3 107.8 107.0 109.4 110.8 106.8 109.0 113.3 112.2 111.5 111.3 112.6 111.3 110.4 109.0 113.5 105.1 105.4 109.9 110.3 102.1 106.3 104.2 107.5 109.3 106.2 107.5 110.4 110.6 106.3 102.6 104.9 105.5 99.8 103.0 103.7 105.4 106.0
105.2 117.3 120.1 119.1 116.7 107.4 104.1 107.5 106.6 106.5 104.7 111.5 106.6 107.7 108.4 106.4 103.6 114.4 114.5 103.6 109.4 108.9 106.6 110.4 118.0 109.9 110.6 109.4 105.7 107.2 109.7 112.6 111.8 113.0 107.8 111.2 103.4 99.9 97.1 108.1 107.4 110.8 108.9 110.3 109.1 108.4 108.7 107.7 107.0 109.4 113.8 106.8 107.5 113.3 111.2 111.4 111.9 113.0 111.0 110.7 109.0 113.5 105.3 105.3 110.4 110.5 105.1 106.3 104.9 107.5 109.6 106.1 108.2 109.7 105.2 106.1 101.7 104.9 105.1 99.8 101.8 103.6 105.3 106.0
111.0 118.8 119.5 119.4 119.9 108.3 105.4 108.0 104.7 105.4 106.5 113.4 107.6 106.7 108.2 107.2 107.0 115.9 115.8 106.2 106.7 108.4 106.9 111.3 115.2 109.9 107.5 108.6 106.5 108.1 110.3 115.1 114.3 115.4 110.2 112.8 106.2 103.7 100.9 107.7 109.4 110.8 110.6 113.1 109.5 109.7 111.4 111.5 109.9 109.7 115.2 112.6 118.8 114.2 115.2 112.4 114.0 116.8 112.4 111.4 109.1 114.1 104.2 108.3 113.3 110.6 107.4 107.5 103.3 108.5 111.9 108.1 107.9 112.9 106.0 107.8 108.7 105.5 108.5 102.2 105.7 108.8 108.7 104.8
112.9 119.5 118.5 119.4 119.7 116.8 106.9 108.0 107.6 108.5 108.5 111.1 110.3 109.6 109.3 110.1 106.6 115.6 117.1 110.2 107.6 106.9 107.6 111.5 113.6 111.6 109.7 108.5 109.6 108.2 111.4 116.7 114.9 115.6 113.7 115.4 110.7 103.9 104.6 107.2 112.7 113.0 112.3 112.2 112.0 113.4 111.9 110.1 110.9 110.8 117.5 118.9 116.4 114.4 115.3 112.9 115.9 118.1 113.9 112.9 111.4 114.6 105.8 111.6 112.9 112.5 108.8 108.9 112.1 109.0 115.5 108.1 109.8 113.9 107.1 109.1 107.6 106.0 107.8 105.5 108.0 109.6 110.0 105.4
118.8 119.8 119.4 119.4 122.8 122.4 113.5 109.9 107.9 108.8 109.0 110.1 110.2 111.0 110.0 112.7 108.2 109.1 117.0 113.1 106.9 104.6 110.1 111.4 116.1 111.5 109.6 109.2 109.5 109.8 113.2 117.8 117.1 114.3 112.0 120.9 112.2 107.8 103.7 108.2 112.0 112.9 113.4 111.8 113.8 117.3 115.7 111.9 111.8 114.0 119.2 119.7 120.0 119.1 116.2 114.9 115.5 118.7 114.2 114.7 111.7 116.0 108.3 112.6 115.4 114.1 109.6 110.3 110.5 109.9 114.6 108.3 107.3 113.6 106.4 110.5 106.5 106.8 110.7 108.0 107.9 109.5 111.9 107.4
123.5 119.5 119.5 121.0 118.6 123.6 122.7 109.1 108.9 111.3 109.1 116.6 110.2 110.0 112.1 113.4 110.4 112.1 117.0 114.5 109.2 111.8 110.1 112.1 115.3 115.9 111.1 110.5 112.4 113.1 114.6 113.1 116.9 117.3 114.5 116.3 115.1 108.1 107.6 110.0 113.3 113.6 117.8 113.4 116.7 118.1 117.4 111.8 111.6 120.0 119.3 119.2 118.8 121.6 117.0 115.6 116.0 117.6 115.5 115.0 114.1 115.6 112.6 115.4 118.4 116.0 111.7 111.0 115.7 110.5 119.8 108.6 110.8 113.3 109.1 110.2 109.6 108.7 110.1 110.5 106.8 107.2 112.8 110.9
124.4 121.2 117.5 120.0 121.0 124.6 122.8 123.0 112.5 118.1 116.2 122.2 117.0 117.8 113.6 116.6 115.9 116.5 117.3 116.5 113.2 117.2 109.4 114.7 118.5 118.7 111.0 111.4 112.5 117.4 114.2 119.2 116.9 119.6 114.5 115.6 119.5 114.0 108.8 112.8 114.1 117.5 112.1 115.7 119.8 118.6 120.7 118.3 117.8 123.4 121.9 118.5 121.1 121.6 120.4 119.4 116.0 118.6 115.9 116.3 115.0 115.9 114.9 114.2 117.9 118.0 112.7 113.0 114.3 112.7 116.7 108.4 115.2 112.7 110.3 110.8 111.5 112.0 111.3 113.2 106.7 110.3 116.2 112.8
124.4 120.9 119.2 121.1 119.5 125.4 124.1 126.8 121.6 122.8 120.5 122.3 122.6 122.5 121.4 121.2 122.9 119.3 119.8 121.3 120.2 121.8 121.3 119.6 120.5 120.9 120.2 120.6 117.6 119.7 120.6 121.4 122.1 120.6 121.2 118.6 120.3 122.2 115.6 121.6 119.8 120.8 120.6 118.3 121.4 119.2 122.2 123.2 125.6 123.7 121.1 119.6 120.3 121.4 126.0 123.3 118.7 118.7 119.1 117.6 117.7 116.6 119.1 117.7 119.6 119.5 113.8 114.0 115.1 114.3 115.5 110.9 113.2 114.5 111.3 112.3 113.4 115.7 111.5 111.6 107.7 113.6 111.8 113.7
126.2 120.6 121.4 120.6 118.3 123.9 126.2 126.8 125.6 123.9 121.6 122.2 121.2 122.7 121.6 121.4 124.2 119.3 122.9 122.4 121.3 122.5 120.8 121.7 120.7 122.4 122.9 122.7 120.9 121.0 121.1 123.3 118.6 121.7 120.7 119.4 120.1 122.3 119.6 121.4 119.0 123.5 119.7 120.9 121.4 120.2 122.1 124.6 124.4 122.6 121.8 120.6 120.4 124.1 130.3 125.4 119.9 118.0 121.8 118.9 119.4 119.8 120.1 122.0 120.4 121.3 119.6 119.4 118.5 118.4 118.6 118.3 117.8 117.0 116.9 118.0 118.7 117.5 118.7 117.2 116.3 116.0 116.1 116.8
124.6 119.8 121.7 119.9 119.8 124.1 126.1 125.2 127.3 123.9 123.0 122.9 121.2 123.4 124.8 122.2 122.2 121.9 122.9 123.2 120.7 123.2 120.8 122.2 122.7 122.2 123.5 122.8 121.8 124.0 121.9 121.9 121.0 121.9 120.4 121.4 120.1 122.3 123.1 122.0 121.3 121.8 121.4 118.7 121.8 121.0 123.0 125.2 124.0 122.0 120.8 120.4 120.4 123.2 127.0 127.3 124.3 121.0 122.6 123.3 119.9 124.9 121.1 121.4 120.2 120.5 119.2 119.8 119.7 117.4 119.2 119.2 119.3 120.8 118.4 119.2 119.2 117.5 117.9 117.7 116.1 116.8 117.4 117.8
122.5 117.8 116.0 117.3 119.9 120.4 122.5 124.9 127.3 123.6 123.5 122.5 122.9 122.8 124.8 122.3 123.9 123.5 122.4 126.5 124.1 124.7 123.1 121.3 122.2 122.0 123.7 121.8 122.8 123.0 122.6 121.5 119.1 121.2 120.6 120.7 121.3 120.8 121.3 122.1 121.7 123.2 121.4 120.7 121.7 120.7 123.7 125.1 125.3 121.8 121.1 120.6 120.5 120.6 126.1 126.2 124.1 121.6 122.4 123.0 121.8 128.1 121.2 120.3 119.8 120.1 118.9 119.3 118.0 118.8 120.7 120.1 119.2 118.0 119.6 118.5 119.5 117.8 117.6 119.3 119.4 117.0 117.2 117.7
121.1 102.0 115.2 113.4 119.7 109.5 121.5 102.7 124.9 115.5 123.6 115.4 116.1 113.1 119.3 120.3 126.7 120.7 123.2 120.2 122.0 121.1 123.3 121.2 121.4 120.3 124.2 120.1 122.9 120.3 121.5 120.4 121.1 120.8 121.5 118.8 122.3 119.8 123.4 117.7 120.6 120.2 119.8 114.4 121.5 119.6 122.2 121.5 123.2 118.4 119.0 120.3 121.2 120.1 123.8 117.5 122.0 119.6 120.2 119.5 118.9 114.2 121.6 118.7 121.6 118.7 118.5 117.6 123.4 119.8 120.9 119.5 118.0 116.1 120.3 118.2 121.7 116.8 114.6 118.6 118.3 116.4 117.9 117.7
57.3 57.3 54.7 59.6 58.7 63.8 65.8 86.3 69.8 98.0 94.9 77.0 74.3 91.4 73.3 100.5 79.2 107.8 103.6 106.6 102.8 114.6 119.8 109.3 120.8 108.8 118.3 88.6 123.8 109.5 121.8 112.3 120.1 111.3 116.2 83.2 120.6 86.3 116.9 111.8 118.7 113.3 121.1 98.8 120.0 106.4 120.5 93.5 122.0 106.2 120.5 111.1 117.1 113.4 113.0 72.0 119.5 92.4 119.1 87.8 114.5 110.3 108.3 104.4 118.0 110.3 119.4 105.6 118.6 114.5 121.0 105.8 115.9 111.9 120.7 98.1 117.8 110.4 118.8 109.2 114.5 113.5 117.6 99.3
58.4 55.6 57.9 55.5 57.0 57.7 59.2 66.1 70.3 72.4 74.2 74.2 77.3 75.5 74.6 74.8 71.8 71.9 71.3 76.0 72.1 72.8 73.8 79.4 75.8 78.5 99.0 78.3 72.8 78.8 81.6 80.9 81.5 83.6 79.7 85.5 80.0 80.9 79.8 82.8 80.5 79.0 76.6 70.2 119.0 74.6 85.0 83.9 80.4 85.3 73.3 72.3 88.6 85.8 85.3 64.9 73.7 73.8 66.8 67.3 60.9 57.4 111.2 52.4 40.3 76.8 50.3 55.9 90.7 90.3 50.4 91.6 52.0 73.0 72.1 82.4 51.8 66.5 63.3 82.3 100.5 89.1 95.5 82.2
56.4 55.4 56.1 57.3 56.1 57.6 61.4 63.3 65.9 67.9 73.8 75.8 76.2 76.1 75.6 76.1 73.7 71.2 70.2 70.8 70.4 70.2 72.5 75.0 75.2 77.3 77.6 78.6 74.8 77.3 76.3 75.3 75.2 80.0 77.8 80.5 77.7 77.7 76.9 80.0 79.2 77.6 72.5 72.2 71.8 71.9 76.4 73.7 73.7 71.4 73.6 71.2 70.6 69.6 67.5 64.6 65.1 60.4 65.8 64.6 57.9 54.6 55.6 50.8 39.2 45.8 49.5 52.4 54.0 54.7 51.0 53.1 53.5 46.7 49.5 48.9 47.2 50.3 54.2 53.0 50.2 49.4 62.0 50.4
55.0 55.7 56.7 55.6 53.2 56.1 58.8 61.7 63.3 65.7 71.4 72.0 76.4 77.0 75.6 76.8 77.1 76.8 71.2 71.7 71.3 70.6 73.2 72.9 76.5 74.4 73.6 78.3 76.2 77.7 77.7 75.1 78.8 78.8 76.2 80.6 81.3 78.6 80.2 79.9 77.3 77.6 76.0 73.3 72.6 72.0 73.0 74.6 73.3 70.1 71.4 71.5 68.9 70.8 66.6 65.4 63.8 63.1 66.2 62.5 56.1 56.9 54.1 50.7 37.8 45.1 50.9 54.8 53.5 52.8 52.8 50.4 45.7 46.2 45.8 47.2 52.0 49.5 52.9 51.8 53.2 47.3 46.2 45.7
59.6 54.9 55.6 55.6 55.3 55.5 55.8 61.9 62.7 64.1 67.9 72.8 76.1 77.3 79.5 78.3 78.0 79.2 77.8 73.5 73.0 74.2 72.9 73.3 70.6 73.5 74.4 76.1 74.0 78.8 78.5 76.2 77.0 78.3 77.6 77.7 81.6 80.8 80.7 82.4 80.0 78.3 77.3 76.1 73.6 73.4 74.8 77.5 71.6 71.2 69.8 70.9 72.2 68.0 66.3 67.9 64.7 65.0 65.1 64.8 56.6 58.6 55.4 49.6 36.7 46.7 54.6 57.9 55.2 55.4 54.7 52.0 50.2 47.5 49.1 48.0 46.4 52.2 53.5 53.5 50.4 46.1 48.6 45.7
54.6 55.7 54.0 55.7 56.5 54.8 55.2 59.3 61.8 62.2 66.8 69.7 72.3 77.2 79.5 80.1 80.1 80.8 79.5 76.9 75.4 74.9 73.8 73.3 77.9 74.2 70.1 75.3 76.2 77.9 77.2 78.2 77.4 78.3 74.9 79.4 80.6 80.2 79.9 80.0 78.6 79.1 75.6 75.7 74.2 76.4 73.0 75.4 71.1 73.2 72.3 71.4 72.0 69.3 69.4 68.9 66.6 65.6 68.5 62.6 56.6 60.7 56.2 47.9 39.3 49.2 49.9 58.5 57.4 59.1 56.1 54.5 52.5 50.0 52.5 49.8 50.7 52.9 54.4 51.6 51.7 50.1 50.5 49.3
56.3 57.9 54.9 56.6 55.8 56.7 59.1 61.1 62.1 64.7 68.0 66.5 69.6 75.4 76.5 80.5 79.9 81.3 79.5 79.7 77.1 75.3 75.0 76.2 73.3 76.0 75.8 74.7 76.4 77.1 77.8 78.2 77.8 77.7 75.7 78.8 81.0 79.5 79.1 80.0 79.4 78.8 78.6 75.0 75.2 71.5 72.7 75.3 72.8 74.1 73.3 71.8 70.0 71.4 68.8 69.5 66.9 66.4 64.1 62.4 58.7 62.7 56.3 49.5 43.9 50.5 54.1 57.7 58.8 59.9 60.2 59.1 55.5 54.1 52.0 54.0 51.8 53.4 53.8 52.4 57.3 50.3 48.2 47.0
57.9 54.3 53.1 56.1 56.4 57.4 56.8 62.3 61.9 66.3 66.7 65.6 72.4 73.4 76.2 80.7 80.2 82.1 81.7 84.6 80.5 76.8 75.7 75.8 76.4 75.2 76.3 75.1 73.4 77.3 78.7 77.7 77.4 75.9 78.2 79.2 79.8 80.3 83.2 82.3 78.4 77.3 78.2 75.8 72.1 73.5 72.3 74.0 76.3 73.6 72.6 72.5 73.5 72.6 71.8 69.0 67.0 66.8 67.1 62.3 61.4 62.9 62.3 53.1 46.6 53.1 53.6 58.6 58.9 60.4 59.9 59.4 56.4 53.3 54.5 54.9 58.6 54.7 54.9 52.1 58.5 51.0 50.3 49.9
58.4 54.9 58.2 55.7 56.7 57.4 59.0 61.8 62.7 65.3 65.4 67.2 70.9 74.7 78.0 79.7 80.5 81.6 81.0 81.7 81.8 79.4 75.0 76.3 76.3 76.7 76.2 75.7 76.8 77.0 80.9 79.3 78.7 74.7 77.7 77.8 80.0 74.5 83.1 82.3 80.1 80.5 76.7 76.8 81.1 75.6 74.4 75.1 75.9 73.0 66.9 72.6 72.5 72.9 71.3 70.5 68.3 69.1 68.2 63.6 64.9 64.3 61.3 59.0 50.0 56.9 55.8 59.3 57.0 61.3 61.3 58.3 56.6 54.9 54.3 55.7 55.3 53.1 55.7 55.3 59.4 54.9 52.3 49.6
56.2 54.7 58.0 56.2 57.6 57.9 59.1 61.0 63.7 63.2 65.2 66.6 69.8 75.3 76.1 80.0 80.7 80.0 81.6 80.3 81.4 82.1 77.7 77.8 77.4 78.0 76.2 76.2 76.7 79.0 79.2 76.9 75.8 76.5 78.5 75.7 78.5 77.1 81.5 81.6 80.5 78.7 75.6 76.8 77.0 78.6 74.8 76.2 75.3 74.1 78.7 72.6 69.0 72.2 70.1 73.7 70.2 71.6 68.8 61.5 60.4 66.0 65.5 63.6 53.3 58.6 58.9 59.7 58.1 63.8 63.9 58.5 55.4 56.6 55.2 55.1 54.5 54.9 55.0 58.9 60.0 57.9 52.9 50.7
58.2 54.9 57.1 56.1 56.6 58.4 58.7 62.2 63.2 63.8 65.5 66.8 69.5 71.1 76.9 76.7 79.5 79.4 79.2 80.0 81.5 83.3 78.3 77.3 77.3 78.6 76.2 77.8 76.0 75.4 77.4 76.3 77.0 76.5 74.7 76.5 76.7 77.8 81.3 82.1 82.1 77.9 77.1 77.5 78.8 78.8 75.6 76.6 75.4 74.5 72.1 72.4 76.2 71.8 70.5 74.7 71.0 73.2 69.8 61.3 65.4 66.9 69.2 66.5 59.2 60.6 60.0 60.0 61.1 63.3 63.9 57.6 57.2 58.3 59.0 59.6 58.5 56.4 54.1 60.5 62.8 59.8 55.8 51.0
58.2 56.1 57.6 56.9 58.6 59.0 61.4 63.8 63.9 64.0 67.0 68.5 72.6 72.0 76.9 75.9 76.9 78.7 81.8 79.9 83.4 81.8 79.4 76.3 77.4 74.9 76.9 77.8 79.2 75.1 76.1 77.0 77.6 75.7 75.9 77.4 74.5 76.9 80.3 82.5 82.2 80.6 76.0 79.1 80.5 78.8 77.8 77.4 76.9 73.7 78.1 71.3 75.1 73.7 69.8 75.1 73.6 70.9 69.2 61.5 67.0 66.9 71.2 68.7 63.9 64.6 62.3 60.1 63.2 62.7 62.9 58.1 54.6 62.7 60.1 60.7 58.0 58.2 55.0 60.3 63.8 61.6 57.5 53.4
57.7 58.1 55.1 57.5 60.1 57.0 59.8 61.9 62.3 63.0 66.3 68.3 67.6 72.3 77.1 77.2 78.7 78.5 80.9 80.8 77.6 81.0 81.9 76.3 75.9 73.8 77.6 78.8 79.1 75.3 75.2 77.5 74.8 74.6 76.4 77.1 72.7 76.8 78.2 81.4 81.2 79.1 78.5 80.8 77.3 79.9 78.2 78.7 75.5 76.8 71.7 72.6 73.9 72.8 74.8 75.1 74.1 74.6 69.2 60.6 67.0 68.4 71.7 69.2 67.4 67.3 65.6 60.1 63.6 64.6 63.5 62.0 64.5 63.1 62.4 65.3 59.5 60.7 56.2 61.2 64.3 62.4 59.2 56.8
55.3 59.3 56.2 58.3 58.4 58.4 59.4 62.5 61.3 63.5 65.4 68.1 70.2 72.6 76.0 77.0 77.4 78.1 80.1 80.0 81.3 83.8 79.4 76.2 75.1 74.1 75.2 77.6 76.2 76.0 74.3 78.1 75.1 75.9 77.5 76.9 75.2 77.0 80.9 81.5 78.4 83.1 85.9 80.9 78.1 79.8 77.5 78.3 77.1 74.8 74.3 73.6 73.2 73.2 73.7 75.2 72.1 73.6 69.0 64.4 67.3 71.0 70.8 69.2 73.1 70.7 65.7 63.0 66.7 65.0 61.7 63.7 62.4 66.6 64.2 67.9 60.4 62.6 59.7 62.7 61.1 61.8 59.9 65.8
57.3 59.3 58.2 58.7 59.0 61.3 60.5 63.1 63.0 63.5 69.1 67.7 68.1 73.0 73.5 75.9 76.7 76.9 79.8 79.8 79.7 81.9 81.7 79.4 74.5 74.5 75.0 74.9 75.4 75.9 74.5 76.7 74.3 76.8 77.5 75.9 78.2 77.4 77.3 80.7 80.5 82.1 80.3 80.4 78.9 80.0 78.4 76.8 76.0 74.9 76.5 74.4 74.1 75.4 74.8 75.4 73.0 73.0 68.8 64.3 69.4 71.6 73.0 71.0 74.9 71.0 66.0 68.1 68.7 63.3 61.9 68.1 66.1 72.3 68.1 70.0 61.9 64.2 63.9 63.2 65.4 64.8 58.6 65.1
57.4 59.6 59.7 60.2 58.3 60.1 61.6 63.3 63.5 65.0 66.9 68.1 68.2 71.7 72.5 74.5 75.4 75.7 79.2 80.7 81.0 81.4 78.2 78.9 74.5 74.2 77.5 75.7 74.4 76.1 78.5 77.5 76.9 77.5 77.4 77.1 78.0 77.6 76.7 78.0 80.5 81.5 78.4 80.5 79.6 80.3 78.7 77.9 76.8 76.8 76.3 74.9 74.1 74.9 74.7 75.4 73.4 72.7 67.7 64.8 69.2 72.5 69.2 72.1 73.3 74.6 63.8 71.7 66.5 64.4 64.8 67.9 65.3 72.4 72.6 71.0 65.0 65.8 70.3 63.6 63.5 63.9 66.1 65.6
59.9 60.1 60.0 60.2 58.2 61.3 61.2 63.0 63.7 64.6 65.6 68.6 68.6 70.5 73.2 74.4 77.4 76.1 79.9 82.2 82.9 79.8 78.6 79.9 74.9 73.6 75.3 75.8 77.2 77.6 73.8 78.2 78.3 76.5 77.5 77.9 76.3 80.6 74.9 75.3 82.1 81.9 79.3 83.5 79.3 77.5 77.7 78.9 78.6 77.1 76.7 75.4 76.4 75.6 74.6 74.8 74.6 70.8 67.7 65.3 69.6 74.2 71.0 73.0 74.3 73.7 68.3 73.1 68.3 67.0 70.1 67.8 70.3 73.5 75.3 72.7 68.3 68.1 70.3 63.9 65.8 65.4 66.7 63.9
61.4 60.4 62.8 60.6 60.8 62.2 64.3 64.6 64.7 63.2 67.3 68.4 69.2 69.9 71.6 76.1 72.0 76.8 78.2 79.1 78.8 81.0 80.2 81.5 75.2 73.3 74.6 75.9 78.1 78.1 78.4 76.3 76.2 75.4 77.2 79.0 79.0 78.9 75.8 76.5 77.1 81.0 80.2 80.3 79.3 76.7 79.5 79.3 77.4 75.5 77.7 75.0 76.0 75.5 74.3 74.6 74.3 70.7 67.1 65.9 69.9 75.0 71.5 74.7 75.6 73.4 71.2 75.5 70.0 69.7 66.9 68.3 72.6 74.2 76.5 74.6 71.2 70.2 73.6 62.8 65.4 66.1 69.7 62.4
61.3 62.6 60.8 62.0 64.6 62.5 63.7 65.9 63.5 65.5 66.9 68.3 69.7 70.5 70.7 76.4 76.3 77.2 79.1 78.6 80.0 81.7 81.5 77.2 76.2 74.5 75.0 76.0 77.7 77.8 76.9 77.7 77.1 78.0 79.0 79.4 79.4 78.3 79.6 74.0 76.1 80.4 79.1 80.3 80.5 77.0 78.9 79.2 77.6 75.4 77.4 75.1 72.8 76.7 76.1 74.5 75.2 69.7 68.3 67.3 73.5 75.2 72.2 76.1 75.1 72.5 73.1 76.7 73.7 68.7 72.8 70.2 73.2 75.3 77.6 74.5 71.6 75.0 67.3 62.8 66.2 67.1 69.3 63.4
65.6 62.7 63.2 62.8 61.1 65.1 63.4 65.0 63.4 65.7 66.9 68.8 67.3 69.4 73.8 74.8 76.6 77.2 78.2 80.0 81.5 82.8 76.6 78.8 76.9 75.8 75.3 76.3 77.1 76.6 77.0 78.4 76.9 79.3 77.2 78.5 78.5 78.7 79.7 74.0 75.3 80.0 83.0 80.3 78.9 79.3 78.5 78.9 77.4 77.0 77.1 77.7 74.0 77.5 76.6 76.1 72.7 69.5 66.3 68.0 72.0 75.8 73.2 74.6 74.4 74.1 74.6 77.7 75.5 74.8 73.0 73.2 74.3 77.6 77.4 78.3 75.3 75.9 66.1 64.6 65.9 68.2 71.6 63.6
63.1 64.9 63.9 62.6 64.1 63.4 65.2 67.2 64.2 66.9 66.9 70.9 70.9 70.5 71.2 74.3 74.5 77.2 79.4 79.6 80.9 81.3 81.1 81.0 77.1 75.6 75.7 76.4 78.1 76.4 80.1 77.5 77.2 79.7 80.3 79.1 78.0 79.0 78.3 76.2 74.9 78.2 78.7 81.4 82.1 78.2 78.5 77.4 77.6 76.8 77.4 77.0 76.2 77.7 73.6 74.9 71.1 68.9 68.1 70.6 72.7 75.1 71.2 73.2 75.4 72.6 74.3 76.9 77.0 73.2 73.6 74.4 76.7 78.0 76.7 76.4 77.4 75.4 64.8 63.1 66.3 69.0 71.3 62.8
62.8 65.5 64.5 62.9 66.9 64.5 66.3 66.6 65.1 66.9 66.7 67.5 67.8 69.5 73.1 74.1 76.1 76.3 76.9 80.4 81.7 80.1 80.9 79.2 77.2 76.3 78.1 76.5 78.1 80.0 78.7 77.8 78.5 79.7 80.6 80.8 79.8 79.7 77.2 77.9 75.4 75.0 80.5 81.5 78.3 78.6 80.9 76.1 78.3 76.7 77.8 76.1 80.3 76.2 75.4 73.5 71.0 70.4 71.2 71.6 76.2 74.6 72.1 72.3 76.0 73.2 75.0 77.2 77.8 74.3 74.0 73.2 78.1 78.2 77.8 76.4 78.1 73.7 62.0 63.7 67.2 69.5 71.8 63.4
61.9 63.9 64.9 63.5 65.0 67.1 64.5 66.3 66.1 70.3 66.7 68.0 68.9 69.6 72.9 74.3 75.0 76.4 78.1 80.9 80.4 81.0 80.4 79.6 78.8 75.3 77.7 77.9 77.3 78.0 78.1 77.8 79.1 79.0 79.2 80.6 78.1 79.0 77.3 78.4 77.5 76.7 79.5 81.9 79.0 79.4 79.8 76.7 78.3 77.2 76.6 76.8 74.3 75.6 76.2 73.3 70.0 71.9 70.0 77.4 74.5 76.5 73.1 74.5 75.7 74.9 73.3 77.5 74.9 76.1 74.4 73.4 78.6 81.0 77.7 78.1 77.9 73.2 63.6 64.4 70.2 70.7 72.8 65.2
64.9 65.3 65.9 64.8 64.2 64.3 67.8 66.9 64.6 67.7 69.4 68.5 70.1 71.0 72.9 74.0 74.4 75.2 77.0 79.1 79.3 80.0 80.2 78.5 77.6 76.3 76.4 77.7 78.3 78.4 78.4 78.5 78.6 79.9 78.8 79.5 79.2 79.3 77.1 78.5 77.0 76.3 80.2 82.0 81.2 79.2 81.6 78.6 74.9 78.2 76.8 75.4 73.7 75.3 73.2 73.8 71.7 71.9 71.1 73.8 72.8 75.3 75.5 74.9 75.3 75.4 74.1 78.2 76.3 77.4 73.1 73.2 76.8 78.2 78.6 76.7 77.7 71.7 63.7 67.5 69.5 74.1 67.6 67.9
67.1 66.1 65.2 65.5 65.5 65.4 67.3 67.2 70.4 67.6 68.7 68.2 72.0 70.8 73.7 75.4 76.1 76.2 76.4 78.8 80.6 79.7 81.3 80.5 78.4 77.1 74.6 76.0 78.4 79.8 78.5 79.7 78.2 79.2 80.3 80.1 78.3 78.1 77.0 77.1 75.0 77.0 79.7 82.2 82.5 80.7 79.6 79.4 79.3 79.0 78.2 74.6 74.9 73.1 76.3 72.6 72.3 71.7 69.7 72.6 74.4 76.0 76.8 74.4 76.4 74.5 75.1 78.2 76.2 78.0 74.9 72.0 77.8 77.7 79.1 77.3 77.6 70.1 65.9 70.0 68.4 73.2 69.0 65.9
65.5 63.8 65.2 65.4 66.6 67.6 66.2 68.4 69.5 68.3 69.1 68.0 70.2 71.0 72.9 76.2 76.0 76.2 79.2 79.3 80.9 79.6 81.9 80.7 77.3 77.4 74.7 76.7 80.4 78.9 79.3 80.9 76.2 78.9 79.6 80.6 78.7 80.1 77.8 78.0 77.2 76.7 78.5 78.4 80.3 80.7 78.7 77.9 78.5 80.3 77.4 74.2 76.4 73.9 70.7 71.8 70.8 73.2 70.9 72.6 75.4 75.0 73.6 73.9 77.1 72.6 75.2 78.4 77.2 77.5 74.5 72.1 77.9 78.5 78.6 77.8 77.4 69.0 67.8 70.0 75.0 72.3 70.4 66.8
