surveys/q10_4/matrix_q10_4s10.txt
north:            -537.50
south:           -1267.50
east:             2691.00
west:              -93.00
rows:                 148
cols:                 278
null:              -999.0
[rows 76 to 113 of 148, columns 84 to 167 of 278]
79.8 77.1 77.8 75.8 76.8 79.0 78.3 71.7 75.0 78.7 78.1 72.5 69.9 74.3 76.0 79.6 77.7 81.3 81.9 81.3 82.6 79.8 81.5 81.3 81.0 79.4 79.5 80.5 78.0 78.7 80.0 79.9 76.4 81.3 83.8 81.7 81.5 79.7 78.8 77.7 77.0 79.2 80.1 81.2 80.9 74.6 74.8 73.4 77.3 73.6 73.8 68.0 70.8 71.7 67.5 72.0 73.6 76.5 75.6 76.6 79.8 78.2 77.5 71.0 69.7 69.6 66.7 70.5 71.8 72.3 72.7 72.6 74.2 73.2 73.7 77.8 80.3 78.2 80.0 79.5 79.9 81.9 81.2 81.6
77.8 77.3 76.7 75.5 77.0 76.8 77.1 71.3 77.5 78.8 79.4 73.6 70.4 75.2 75.9 79.8 79.2 81.1 80.9 80.9 81.9 80.5 80.7 82.3 81.4 80.3 77.0 79.7 78.3 79.2 81.2 77.6 77.9 82.4 81.8 82.2 82.3 79.7 78.7 77.3 76.8 79.1 79.1 81.5 81.1 72.9 74.9 73.5 75.4 72.8 73.4 68.5 70.6 72.8 67.6 71.5 72.1 75.2 74.8 76.4 78.8 77.8 76.3 71.1 69.8 66.6 69.4 71.9 69.8 72.6 73.5 71.5 74.0 74.9 75.5 77.3 78.5 78.9 78.2 79.5 81.0 81.3 82.0 81.7
79.7 78.2 77.4 76.8 78.3 76.5 75.1 74.0 75.8 78.6 78.5 74.9 67.7 75.4 76.2 78.2 80.2 80.3 81.8 81.3 81.2 80.6 79.5 83.0 81.3 79.4 79.5 79.3 80.0 79.7 80.1 76.6 79.3 81.8 81.6 82.0 81.7 80.8 78.4 79.1 77.5 77.8 79.1 80.8 80.5 74.3 76.1 75.0 73.7 70.5 70.7 68.1 71.3 73.9 67.0 70.6 71.8 75.3 73.8 76.3 75.7 77.0 75.2 69.6 69.8 67.5 69.8 71.6 70.5 72.0 74.8 71.7 73.7 74.1 75.9 75.9 77.6 79.0 79.0 80.4 80.7 81.2 82.6 81.6
77.1 75.6 77.7 77.6 77.6 77.4 79.0 76.4 76.9 77.8 78.2 76.1 68.1 72.7 78.1 77.7 74.8 80.3 81.1 81.2 81.8 79.5 81.1 82.7 81.0 79.2 78.4 79.0 79.2 79.6 81.6 76.5 78.0 78.1 80.8 82.0 82.3 80.5 79.7 78.2 75.6 76.0 77.3 79.8 80.9 76.0 75.4 73.4 73.3 70.5 73.5 70.9 72.1 75.4 69.4 68.5 73.1 74.9 74.7 75.2 76.6 76.3 70.6 70.0 68.3 69.0 70.3 71.2 71.3 71.2 70.6 72.0 72.3 73.4 74.5 75.6 77.2 78.7 82.0 80.8 79.7 79.9 81.1 81.2
76.9 74.5 79.2 78.5 78.2 78.6 79.1 77.3 75.5 77.3 77.3 76.4 71.2 70.6 77.3 77.8 76.9 80.4 82.2 80.8 78.9 78.7 81.5 82.3 83.5 79.8 78.3 78.7 79.3 80.0 79.7 76.8 77.4 79.6 81.2 83.2 83.7 80.5 78.1 78.1 78.3 76.6 76.0 79.2 80.4 77.5 75.1 73.9 72.8 70.7 69.9 72.8 73.4 76.6 70.6 68.2 70.2 74.4 73.7 74.9 75.7 75.1 70.0 69.1 69.8 69.6 72.1 71.2 69.4 69.2 73.3 71.6 73.8 73.1 75.0 76.7 79.0 78.7 81.0 79.8 79.0 81.5 82.2 81.4
76.1 76.3 77.6 78.9 77.1 77.5 78.5 77.4 77.3 76.7 77.6 77.6 71.3 68.9 76.9 76.8 77.7 80.0 81.0 81.2 78.5 79.6 79.6 81.5 80.9 79.7 79.8 77.9 79.2 80.9 78.5 77.4 79.5 79.7 79.2 82.5 82.3 80.6 79.6 77.8 77.1 76.5 75.8 78.6 78.8 78.0 75.2 74.5 75.5 71.0 72.0 73.4 74.5 77.3 69.4 69.3 68.7 73.9 73.4 74.8 76.4 73.3 68.9 68.1 71.1 69.1 70.6 70.5 70.6 69.2 72.1 70.9 71.9 73.6 75.1 77.5 80.9 78.7 79.6 80.1 80.8 81.8 81.1 81.9
74.0 75.6 78.0 78.2 76.4 77.6 78.4 76.6 77.2 75.5 81.0 77.7 71.5 68.0 77.0 75.9 75.6 80.1 82.6 82.6 79.0 79.0 82.1 80.8 80.4 79.1 79.1 77.6 78.7 79.3 79.5 78.7 80.3 78.6 77.9 82.5 81.6 79.9 80.0 76.7 74.2 74.9 78.2 77.9 80.2 77.8 74.9 73.9 73.8 72.8 73.2 74.2 76.0 77.7 71.9 67.6 72.8 73.6 72.9 75.1 74.9 69.1 63.8 67.2 68.2 66.9 69.9 68.4 67.9 69.3 70.5 70.2 70.4 74.6 75.5 76.1 77.3 76.9 81.1 81.4 81.4 81.0 81.0 81.9
75.4 74.2 79.0 77.2 76.3 77.2 78.3 76.7 76.0 76.2 78.2 78.8 74.0 66.9 76.3 76.6 76.9 80.4 80.2 81.8 76.8 78.1 81.1 81.0 80.2 79.6 77.7 78.3 76.5 78.8 79.3 77.3 79.5 79.3 78.4 83.7 81.9 78.8 80.3 75.6 73.6 74.5 75.6 79.0 81.9 78.8 75.6 74.6 72.0 73.3 73.5 76.5 75.7 76.3 74.8 69.5 73.2 73.1 70.4 75.3 73.1 67.1 65.9 67.0 68.4 66.7 69.0 68.4 68.9 69.9 70.1 70.3 73.2 74.2 71.9 75.9 80.3 78.5 80.6 80.3 82.0 80.7 80.7 81.4
74.5 74.6 74.7 76.6 77.9 77.0 74.1 76.1 75.9 76.9 78.2 79.3 72.8 66.4 76.9 77.1 78.0 79.2 80.6 81.8 80.5 79.1 80.6 80.7 80.5 79.8 77.2 76.9 78.9 79.0 79.8 76.8 77.4 79.3 79.2 82.3 81.8 78.5 77.7 75.8 76.9 75.0 78.6 78.3 80.6 77.8 73.9 73.9 72.8 73.4 76.1 78.6 79.5 78.2 74.9 69.5 70.8 71.5 70.0 74.8 74.0 65.3 65.8 66.0 66.6 67.5 67.6 68.1 67.2 70.0 69.2 69.9 72.5 74.3 74.9 77.0 80.1 79.6 80.4 80.2 82.3 81.5 81.4 82.0
74.9 74.8 77.4 76.2 74.7 76.0 77.2 75.1 78.2 76.4 77.0 79.0 74.4 67.4 73.2 76.6 77.2 78.2 81.1 80.7 80.4 78.4 80.6 80.4 82.0 79.6 77.7 75.4 77.5 78.8 78.8 77.4 77.8 81.0 76.2 81.5 81.4 79.1 78.9 76.3 74.1 75.8 75.8 76.5 81.7 77.6 78.0 72.9 73.0 73.8 79.1 78.5 78.5 79.7 80.2 69.5 70.5 71.2 70.1 73.5 69.8 63.4 61.1 66.7 64.0 67.0 66.7 67.5 66.0 68.1 69.3 69.7 72.5 73.8 71.8 77.1 75.9 81.0 84.0 80.5 83.0 83.8 80.2 79.9
76.7 75.4 76.3 75.5 76.0 74.7 77.1 74.0 76.3 74.4 77.5 79.2 75.3 67.4 75.7 76.4 77.7 78.2 80.6 80.9 82.6 77.3 79.6 78.6 78.7 79.8 78.8 77.8 77.9 77.5 80.1 79.0 78.1 81.2 77.8 81.0 81.5 79.2 80.7 77.6 76.3 76.2 73.6 76.1 81.3 78.2 75.2 73.8 71.0 75.2 80.5 80.5 77.9 79.0 79.9 70.6 69.8 72.2 69.8 71.4 70.2 63.2 60.5 65.8 63.6 68.5 66.7 66.1 66.8 67.7 71.3 69.8 72.6 73.3 74.0 75.5 76.5 80.9 81.2 80.2 82.5 82.8 80.4 80.1
77.4 76.2 74.5 75.4 73.7 74.7 74.2 72.7 75.8 74.0 73.2 79.0 73.5 66.3 73.9 76.2 76.2 79.1 79.8 80.8 79.0 78.0 80.1 80.2 80.4 80.1 78.8 78.4 78.2 78.5 80.1 78.7 76.9 79.0 78.6 80.4 81.5 79.5 78.7 78.7 76.0 76.5 75.3 76.1 78.2 78.4 73.8 74.3 74.3 78.0 79.3 80.6 76.9 78.7 78.8 70.8 69.0 70.3 69.8 69.9 68.3 59.7 59.4 62.4 62.9 65.5 64.6 65.5 67.3 66.8 70.3 70.5 72.7 73.7 75.1 77.3 77.7 81.7 84.6 81.4 83.1 81.2 79.5 80.7
79.2 78.0 76.8 75.2 73.1 72.9 76.2 71.5 70.5 72.5 72.2 77.2 76.4 67.1 71.9 76.1 76.2 78.1 84.5 81.0 80.7 77.0 81.1 79.8 79.1 81.2 79.6 78.4 77.7 77.9 79.5 78.8 80.0 78.1 77.8 78.8 81.3 80.0 80.5 79.1 76.8 76.4 76.4 75.2 79.5 77.7 75.4 75.9 75.5 80.2 81.5 78.6 80.6 79.0 75.2 70.8 68.4 69.0 67.8 67.9 63.8 59.6 58.4 60.1 58.9 62.2 63.1 65.3 64.7 67.2 68.6 70.0 70.7 73.8 73.2 76.5 76.0 80.3 84.1 81.3 81.1 82.3 77.5 80.6
80.4 78.0 74.9 74.8 72.0 72.9 70.3 72.8 70.6 69.8 68.8 77.4 76.0 68.8 73.4 74.6 74.6 77.4 80.6 80.8 81.5 77.7 77.4 79.8 80.4 79.6 79.7 78.7 78.6 76.8 77.6 78.4 77.6 78.8 77.2 79.6 80.1 80.8 81.2 79.8 78.9 76.6 75.7 74.2 79.4 77.5 75.7 76.8 77.6 81.4 79.9 78.5 78.6 78.2 75.2 71.2 67.3 68.2 66.1 65.8 63.2 58.2 57.1 58.5 61.6 59.5 61.8 65.0 65.2 67.2 69.4 69.1 71.3 73.4 74.5 76.3 76.4 79.7 84.8 81.7 81.1 79.3 78.8 80.0
80.1 77.1 77.7 75.1 74.5 74.0 75.5 72.5 70.3 69.9 66.4 77.5 76.2 70.2 69.4 74.8 72.5 77.2 78.6 80.1 82.3 78.6 80.0 80.1 79.4 80.8 80.3 78.9 77.2 78.0 80.8 77.4 75.7 79.1 76.7 78.2 78.5 80.4 78.3 80.0 78.9 76.6 76.8 74.7 75.5 78.4 75.9 79.3 79.2 83.6 78.4 78.6 78.5 76.6 71.4 72.5 68.4 68.1 64.9 62.0 62.5 57.6 55.6 58.8 61.6 59.3 62.9 63.8 64.4 66.9 68.4 70.4 73.0 72.0 76.4 76.5 76.7 79.3 84.8 82.8 82.9 79.2 78.9 79.1
80.8 78.4 79.0 77.5 73.2 74.1 73.5 72.0 71.4 70.5 70.4 76.2 75.5 72.5 66.7 74.6 75.6 77.7 78.9 80.5 79.7 79.7 80.3 81.0 79.3 80.9 78.0 78.9 77.2 78.5 78.5 77.0 77.1 78.5 77.7 78.3 79.8 79.1 79.4 80.3 79.2 77.6 76.1 75.6 75.8 79.1 80.8 81.1 81.5 84.6 80.6 77.5 77.6 74.3 71.9 73.0 68.1 66.0 64.8 60.9 61.0 57.5 55.4 58.3 57.9 59.6 61.6 62.9 64.6 66.4 67.8 70.5 71.6 71.9 74.2 76.5 75.9 79.6 83.1 82.3 82.1 81.7 78.0 78.8
79.7 78.8 78.6 78.2 74.7 74.9 72.7 71.2 71.1 69.7 68.3 72.9 77.9 73.9 65.6 74.8 75.9 78.7 78.9 79.2 79.1 80.2 77.2 81.4 78.6 79.1 77.6 80.2 77.9 78.8 76.5 77.0 78.4 78.3 76.4 78.3 79.5 78.4 79.2 81.0 79.8 78.4 74.6 75.6 75.4 79.8 83.0 82.8 81.1 81.5 78.3 75.1 73.7 72.0 72.3 73.9 69.2 65.7 60.2 60.0 62.8 56.9 55.4 56.6 57.0 59.1 61.2 64.3 65.9 66.6 67.8 70.0 72.8 73.1 74.2 76.2 77.8 79.3 82.3 81.4 80.2 81.8 78.0 77.9
80.4 78.0 77.6 79.3 77.2 76.2 75.4 70.8 68.9 67.9 68.6 70.6 77.2 75.6 66.5 74.9 73.3 78.0 77.8 78.7 80.0 79.5 78.9 81.6 79.2 78.3 79.3 76.6 78.4 79.6 77.3 77.4 76.9 78.1 77.9 76.6 80.5 77.8 81.0 78.6 78.3 78.5 78.2 74.6 72.3 80.2 78.2 81.9 81.1 81.4 78.0 74.8 71.3 70.1 71.1 71.4 67.3 64.6 58.9 57.5 60.1 56.7 55.6 58.2 57.5 58.1 61.4 64.3 65.8 68.7 68.3 69.3 72.2 72.6 74.0 75.6 77.4 78.9 82.5 80.8 83.7 81.7 77.3 77.0
78.8 78.4 79.7 80.3 77.2 76.4 74.3 71.9 69.6 66.4 65.7 68.9 77.1 74.9 65.7 74.5 75.6 77.6 78.4 78.3 79.1 79.7 78.6 81.6 79.2 79.4 78.0 78.1 78.6 77.2 77.7 77.3 77.3 77.4 77.4 75.8 79.7 78.8 80.4 79.9 77.9 78.5 78.8 72.3 73.4 78.3 82.3 81.5 81.1 79.7 76.8 73.0 70.9 72.2 71.3 68.4 66.1 62.8 57.2 57.8 57.6 56.1 55.0 56.7 54.6 58.5 60.2 63.5 66.7 68.4 66.3 70.0 70.5 71.8 74.8 76.1 76.0 77.8 82.3 81.2 81.5 81.4 76.7 77.8
80.1 79.3 80.7 80.6 77.8 76.8 74.8 72.1 70.8 68.0 67.0 66.9 73.8 74.9 64.9 73.8 75.4 77.5 77.8 78.8 80.8 79.4 78.7 81.0 81.2 79.4 80.5 78.3 76.8 78.0 78.8 77.5 76.4 77.9 78.3 74.6 79.9 79.1 78.4 79.9 78.0 78.3 74.7 73.7 73.2 76.0 83.1 80.6 79.1 76.6 72.5 71.1 67.7 69.6 68.5 66.5 64.5 60.7 55.0 58.2 60.3 55.0 55.8 57.1 58.1 58.7 60.4 64.8 65.9 67.9 70.0 70.7 72.9 72.6 74.9 76.4 78.8 76.7 82.4 78.8 81.8 82.0 79.5 77.9
79.2 79.7 79.2 79.7 77.0 77.2 72.7 71.9 72.6 69.8 68.9 65.8 71.0 75.0 63.0 72.3 75.7 77.3 78.0 78.6 79.8 78.1 78.4 79.2 80.5 78.8 80.8 77.6 77.7 78.6 80.2 77.5 77.9 77.1 76.6 73.7 78.9 79.3 78.7 79.2 77.9 78.1 76.6 73.0 72.8 73.6 77.8 78.0 78.4 73.3 70.1 71.0 70.1 66.7 66.6 66.6 62.8 59.5 56.9 57.1 58.6 55.1 54.3 56.7 56.9 58.8 61.9 65.3 65.4 68.0 68.4 70.4 69.5 73.3 74.9 76.4 77.4 78.7 81.0 79.9 81.9 81.8 80.0 77.4
82.3 79.9 80.7 78.6 76.3 75.6 69.5 71.4 70.8 69.9 68.5 66.2 67.1 74.4 62.6 70.4 75.1 76.8 77.1 78.0 79.1 78.5 78.6 78.9 80.2 79.4 79.6 76.8 78.2 77.9 76.3 76.9 77.9 77.9 76.7 74.2 81.0 79.7 78.3 78.2 78.8 78.2 75.4 73.1 71.9 71.9 77.3 75.4 73.8 74.2 70.3 69.8 67.9 65.5 64.2 65.0 63.1 60.6 54.8 54.7 58.1 55.9 55.9 57.5 56.9 60.7 61.9 63.8 66.3 68.0 68.6 70.0 71.1 73.6 74.2 76.0 75.1 78.7 82.9 79.8 81.0 81.2 81.5 77.4
80.4 79.9 81.1 76.9 74.0 73.8 72.9 70.7 72.1 72.8 66.8 67.1 64.4 73.5 65.4 70.7 75.5 76.0 80.0 78.3 80.5 79.2 79.0 78.6 81.4 79.0 80.6 77.1 77.9 77.5 78.0 78.4 80.4 78.0 76.4 74.0 80.4 79.6 76.9 78.0 78.9 78.3 73.9 74.7 72.0 70.5 75.2 74.2 74.7 72.6 69.2 68.2 64.9 64.5 65.8 62.6 60.5 61.0 55.0 53.4 58.5 57.5 55.9 57.5 57.3 61.1 63.7 63.8 65.6 67.0 68.4 71.1 73.0 72.2 74.3 76.1 76.6 77.0 79.0 78.8 81.1 81.3 82.6 78.2
80.9 80.7 79.4 76.6 76.1 73.5 76.5 70.6 71.9 73.8 66.7 67.9 65.7 72.5 64.4 68.6 75.9 75.9 78.7 78.0 80.3 77.9 79.4 77.5 79.8 78.8 78.7 78.5 76.4 78.1 78.6 77.3 76.6 77.5 75.7 73.5 79.6 77.9 76.6 78.3 78.3 76.8 75.6 76.9 69.1 69.4 74.9 72.7 76.2 68.7 66.8 65.2 64.6 62.3 62.2 62.3 60.6 61.6 58.8 55.7 59.0 57.0 54.7 57.9 59.4 61.1 64.4 64.0 66.5 66.4 71.2 71.5 73.7 73.2 74.8 76.0 75.9 78.7 79.7 77.4 81.1 81.8 83.6 78.1
82.0 80.6 78.2 76.8 75.5 74.6 81.3 72.7 73.4 74.0 66.9 68.3 64.9 70.6 64.3 65.6 74.4 75.2 75.3 78.1 78.2 77.5 78.1 77.4 78.6 78.4 79.3 78.5 77.6 76.6 78.9 75.9 77.5 76.9 75.2 73.5 76.1 76.6 75.4 76.5 77.1 73.8 72.3 75.0 70.4 68.5 72.1 69.9 70.0 65.2 63.5 62.8 63.0 61.3 61.7 62.8 63.6 62.2 59.3 57.9 59.2 58.3 56.9 58.9 60.5 61.2 64.7 65.1 67.1 67.0 68.7 70.6 69.7 74.5 73.4 75.8 76.1 77.8 81.5 77.7 80.4 82.2 83.8 78.3
85.9 79.4 79.8 76.1 76.5 76.0 81.2 75.3 75.9 75.2 66.0 69.3 63.1 68.5 66.3 65.6 74.4 74.6 76.4 75.9 77.6 78.5 79.7 76.8 74.2 78.8 78.5 78.5 77.5 77.0 79.0 76.6 76.9 75.7 77.6 73.8 76.2 74.8 75.5 74.4 74.8 73.7 73.5 72.1 67.8 67.2 71.1 66.9 66.4 63.0 60.7 62.1 58.6 60.9 62.1 62.0 63.7 62.5 60.0 59.0 61.2 59.4 57.3 60.7 60.1 63.2 67.0 65.3 68.0 68.2 70.6 70.3 72.6 72.9 76.9 75.8 77.0 77.5 79.7 78.4 78.6 80.9 82.5 80.4
83.8 78.5 76.7 76.9 77.3 78.0 78.6 76.2 74.4 77.4 68.6 69.6 66.7 65.5 67.1 66.4 74.0 74.0 77.9 78.1 79.4 78.5 80.3 77.2 75.9 77.8 79.3 78.4 78.1 75.7 75.9 77.1 76.3 75.5 76.0 73.6 76.8 73.2 72.4 72.1 68.2 68.7 69.0 68.8 68.0 65.8 66.8 65.1 63.2 60.7 59.3 60.6 60.4 60.6 61.6 62.8 60.2 61.8 58.9 60.5 60.0 60.2 57.3 61.8 62.3 64.8 65.9 65.0 66.7 68.7 69.7 70.8 73.4 72.5 77.4 75.3 77.7 77.3 80.4 78.7 81.8 80.4 81.3 80.0
84.6 78.9 75.4 76.6 75.4 79.5 77.5 76.2 74.4 78.9 75.7 70.5 67.8 64.0 69.3 66.6 71.3 73.8 77.1 77.4 78.8 77.4 78.5 78.2 77.5 77.7 79.3 78.5 78.2 78.3 78.6 77.5 75.8 76.7 76.0 75.0 77.0 74.2 69.0 68.9 67.6 66.0 67.5 66.4 67.4 63.8 65.1 59.7 59.4 57.8 58.8 58.8 60.1 60.6 60.5 60.7 62.5 62.4 61.5 60.4 60.4 61.9 60.6 63.6 63.1 66.1 68.1 65.7 67.1 69.4 68.2 69.6 73.4 73.9 75.4 76.6 75.5 77.6 80.9 77.4 79.4 80.1 79.7 80.9
78.2 78.7 77.9 76.3 79.0 79.7 79.2 76.9 79.5 80.8 76.0 73.9 64.5 64.3 69.8 66.5 70.9 73.2 76.8 77.4 78.3 77.1 78.2 77.6 75.1 77.7 77.6 79.0 78.2 78.6 78.0 76.1 78.1 75.2 76.2 73.4 77.4 76.2 66.2 66.2 66.1 64.7 65.2 64.6 64.2 62.2 61.1 56.9 56.9 56.1 54.6 57.5 57.1 59.9 62.2 65.1 61.4 63.2 60.9 60.6 61.6 64.4 61.6 65.6 66.7 68.1 67.3 65.0 66.8 69.2 71.9 69.7 73.2 76.3 75.9 77.8 77.6 77.4 79.2 78.3 78.0 79.8 78.8 80.9
82.6 77.9 78.4 78.0 78.4 79.6 80.1 78.4 80.3 82.5 79.9 76.5 64.9 64.7 70.8 66.6 70.0 71.1 75.5 77.4 75.4 76.2 77.8 78.9 78.6 79.0 79.4 78.8 78.5 77.3 77.6 75.1 76.8 74.1 75.0 72.2 74.6 77.0 66.2 66.2 64.7 65.5 63.3 65.3 62.7 59.2 57.1 55.4 55.7 55.6 56.9 57.0 58.4 60.6 62.9 64.6 62.5 63.3 62.6 60.8 62.6 65.3 65.5 66.9 68.1 67.9 68.1 65.8 68.3 68.8 69.8 71.0 74.0 74.4 76.4 77.1 77.8 76.7 80.2 78.7 77.8 77.9 79.1 80.6
83.8 77.0 80.6 79.9 80.7 79.4 78.3 80.2 81.0 82.0 80.0 78.0 67.9 65.1 69.0 65.2 68.8 72.2 75.4 77.5 77.8 74.3 80.0 80.2 78.4 78.3 78.0 78.6 77.2 77.1 78.8 73.4 73.0 73.7 76.2 74.8 72.6 77.3 71.5 64.5 65.9 64.8 64.9 63.8 60.4 57.3 54.7 54.6 54.1 55.0 56.0 58.4 57.8 62.4 64.3 65.1 63.6 62.7 62.8 64.1 64.0 65.0 68.1 71.7 69.7 67.9 66.8 64.8 67.1 68.0 70.0 70.6 72.9 74.3 73.4 75.8 76.6 76.9 80.5 80.0 78.6 78.5 80.8 80.1
80.3 77.6 78.4 79.1 80.9 79.5 80.6 81.0 83.2 81.3 79.9 79.9 69.6 64.0 64.0 65.8 69.3 70.6 73.1 78.1 77.2 75.2 79.4 79.6 77.6 77.7 79.5 78.4 75.1 77.2 77.8 75.1 74.1 73.6 75.5 73.7 71.1 78.0 75.2 64.7 65.2 63.1 61.8 61.3 57.2 55.8 53.4 54.5 53.1 55.1 55.7 59.7 61.0 63.7 63.5 64.6 63.7 63.2 62.6 65.3 65.5 65.4 70.4 73.3 71.1 65.8 69.8 64.3 67.6 68.2 71.3 70.6 72.9 75.2 76.0 76.2 75.9 78.1 78.7 79.8 76.8 79.2 79.9 79.6
77.6 77.3 77.5 81.2 80.0 80.7 82.5 81.3 81.7 81.8 80.5 80.2 74.2 62.6 63.0 67.1 68.4 68.9 72.0 76.8 75.0 76.9 79.1 80.5 77.9 77.5 78.5 78.4 78.5 76.2 75.8 74.4 75.2 72.6 73.4 73.2 70.3 77.2 74.2 65.5 64.9 62.5 63.3 60.3 56.6 55.5 53.8 53.7 51.8 55.6 58.0 61.2 63.4 63.6 64.3 64.4 62.4 66.0 65.7 66.1 66.9 68.6 72.9 74.4 72.9 64.3 64.1 64.9 67.9 70.5 72.9 71.5 72.8 74.7 76.9 76.2 77.5 78.9 81.3 78.7 76.2 79.1 80.4 79.2
79.9 77.2 78.4 79.7 81.2 80.9 83.3 81.5 81.5 82.6 82.2 79.1 77.9 65.3 62.5 66.9 69.1 69.2 70.9 76.0 78.2 76.9 76.7 80.7 78.2 77.5 77.8 78.9 78.6 75.4 73.7 74.3 75.9 74.4 73.4 72.6 69.6 77.4 75.6 66.6 64.1 67.1 62.2 61.9 61.3 55.9 53.5 54.9 54.5 57.1 59.6 64.7 66.0 63.7 65.0 64.9 64.7 67.5 66.8 69.0 69.2 70.8 76.0 74.9 74.3 67.0 64.9 67.6 68.9 71.6 71.6 73.9 75.0 73.7 74.8 76.3 76.5 78.5 81.1 78.2 77.5 79.2 77.6 80.5
81.4 77.9 81.0 79.9 81.5 80.8 84.8 81.5 82.6 81.8 82.1 79.0 77.1 68.7 61.5 66.7 67.1 68.3 70.9 76.6 77.3 75.7 77.1 80.5 78.0 78.4 76.7 76.4 76.9 74.3 73.8 74.8 73.1 75.7 74.6 72.3 68.6 78.4 77.3 67.3 65.2 68.4 67.1 66.0 62.4 57.9 53.3 56.6 56.5 59.3 60.3 62.5 70.7 64.5 64.6 68.7 66.1 68.7 69.9 70.6 71.5 72.4 74.3 76.8 74.6 66.7 64.5 67.1 69.6 71.1 73.0 74.1 75.5 74.4 76.0 76.0 75.3 78.3 78.8 77.8 76.8 79.6 79.0 78.8
78.7 76.3 80.0 80.5 81.0 80.5 83.7 82.0 82.6 81.2 80.9 80.6 79.0 70.7 61.4 67.1 67.6 66.3 70.4 76.2 78.3 76.2 74.4 80.7 77.9 78.3 78.1 78.3 78.2 74.1 74.1 74.5 71.8 74.5 71.7 72.3 69.4 77.3 77.0 68.4 67.1 69.9 68.5 67.8 64.3 62.2 57.4 59.2 60.1 62.5 61.3 63.8 65.0 66.2 67.5 70.3 70.4 70.4 69.7 71.9 72.3 72.9 76.6 76.0 73.8 66.4 64.0 68.6 69.6 72.6 73.3 73.8 75.3 76.0 76.5 75.3 77.0 77.8 81.6 77.0 78.7 80.0 78.7 77.5
77.7 76.7 79.7 81.1 82.6 80.7 83.7 82.8 84.3 82.3 79.6 80.8 79.4 72.9 60.9 67.0 67.6 63.7 70.7 75.4 77.5 76.1 74.6 79.0 76.0 77.3 77.4 78.5 77.5 74.5 74.7 74.2 72.0 73.7 72.4 72.5 69.2 76.5 77.2 70.5 73.8 70.4 68.6 68.4 66.5 64.9 62.5 61.9 61.7 63.2 63.7 64.1 69.0 66.9 68.1 69.5 70.2 70.7 71.9 72.5 73.4 73.2 76.6 73.2 73.9 67.9 68.5 70.4 72.7 74.9 74.2 74.4 76.2 76.5 76.5 75.9 75.3 77.6 83.1 79.1 79.7 78.0 78.4 77.2
77.9 77.7 79.4 80.6 83.5 81.5 82.7 81.3 83.7 83.5 82.1 80.3 76.9 76.0 62.8 65.5 67.7 63.1 67.4 74.6 75.4 75.0 73.4 77.4 78.2 76.9 76.8 78.6 78.0 74.3 71.2 74.6 72.5 73.3 72.0 71.3 68.5 76.8 77.3 74.5 71.9 70.2 67.5 68.3 66.3 65.6 62.6 65.4 64.7 64.1 61.1 65.5 67.9 68.3 69.4 69.5 71.3 70.8 72.5 72.5 73.9 72.6 75.8 72.4 75.2 68.4 69.4 72.6 76.3 75.9 76.7 75.4 77.1 76.4 76.3 76.7 74.9 77.8 80.4 78.8 77.3 78.0 79.9 77.9
