surveys/q10_4/matrix_q10_4s6.txt
north:            -537.50
south:           -1267.50
east:             2691.00
west:              -93.00
rows:                 148
cols:                 278
null:              -999.0
[rows 0 to 37 of 148, columns 84 to 167 of 278]
60.9 83.0 89.6 87.9 57.2 65.2 64.2 67.0 70.6 68.7 50.0 56.5 60.1 60.4 58.6 62.5 52.2 55.2 57.4 54.1 53.9 55.1 57.6 63.2 57.2 51.5 57.7 64.9 68.1 70.5 64.5 54.5 53.7 71.7 61.2 59.7 71.1 73.6 73.9 68.4 65.3 75.3 67.3 60.4 53.1 56.6 62.8 62.7 49.5 64.5 65.7 56.1 56.4 68.8 66.1 66.0 70.3 71.6 68.9 76.2 68.8 77.7 73.1 79.7 78.8 71.8 75.7 79.4 75.4 75.9 58.5 55.2 60.7 68.5 66.5 75.8 78.0 86.0 89.0 81.6 75.1 82.2 72.1 71.4
66.9 83.2 92.0 86.7 59.7 65.2 64.2 67.6 72.7 68.5 52.3 56.5 59.3 60.3 61.1 62.4 52.2 55.2 58.4 54.0 54.7 55.1 56.6 63.8 56.8 51.5 57.4 65.3 68.1 70.5 64.6 54.6 54.0 71.7 60.9 60.1 70.7 73.7 73.7 68.4 66.1 75.3 65.6 60.3 53.1 56.4 63.2 62.6 49.0 64.4 65.4 58.3 56.4 68.8 64.9 65.9 69.9 71.6 70.5 76.2 72.1 77.2 73.2 80.2 78.4 71.8 76.6 79.5 76.0 76.0 62.4 55.2 59.8 69.1 69.0 77.0 79.5 86.0 89.3 81.6 74.8 82.2 72.6 71.4
64.1 106.8 94.8 111.9 87.9 65.5 63.4 67.5 72.5 68.6 54.4 58.2 61.1 60.7 59.2 64.9 52.2 55.2 60.4 57.6 57.7 57.2 61.3 65.7 58.5 54.7 60.1 69.5 70.2 70.9 63.6 57.2 56.8 74.9 62.4 62.2 73.0 75.3 75.6 68.3 65.3 75.7 68.2 61.2 56.6 58.9 63.6 63.9 51.0 63.7 65.7 59.5 66.3 69.8 67.5 67.8 71.6 73.1 73.6 76.9 74.1 82.5 73.8 81.4 80.4 73.7 75.8 83.2 77.6 77.4 62.8 55.7 61.1 69.5 70.9 77.3 81.5 87.8 89.7 81.8 77.2 83.8 75.8 74.1
109.9 119.3 112.0 118.9 119.0 85.1 61.6 71.2 73.5 67.7 58.0 59.4 63.2 61.3 58.7 65.3 60.0 55.2 62.4 60.6 58.0 63.0 62.3 67.3 62.2 58.1 59.6 70.5 70.8 71.4 61.7 56.2 59.3 75.5 66.9 63.7 74.2 76.9 76.7 67.7 65.1 80.7 71.6 59.7 56.5 60.9 65.3 64.5 55.0 64.1 69.0 77.2 66.0 75.5 66.1 71.3 75.1 73.8 75.8 79.3 76.3 82.7 78.1 82.4 82.1 79.3 79.0 89.6 81.2 79.2 65.3 57.2 63.5 72.3 72.2 80.9 82.7 91.4 91.9 85.1 79.1 86.1 77.9 75.7
117.3 121.4 116.0 120.9 120.9 106.5 63.4 73.7 73.2 69.7 59.3 61.5 64.9 61.3 59.7 65.9 61.7 61.2 64.2 63.5 60.7 64.1 65.3 68.8 63.2 59.9 60.3 73.9 75.1 72.4 64.8 54.9 63.0 78.5 67.8 66.8 74.7 77.6 79.9 67.3 66.7 81.5 71.3 62.4 60.2 62.6 66.6 64.0 53.0 71.1 109.7 116.7 119.5 110.7 74.0 73.4 76.3 77.1 77.6 81.3 80.9 84.5 78.2 84.2 83.5 80.6 81.8 91.9 87.7 82.3 68.0 59.6 66.0 74.1 75.5 82.3 87.7 95.2 94.7 85.3 82.1 86.2 83.1 76.8
119.0 121.3 120.0 120.8 120.1 121.2 106.7 83.0 75.1 73.3 59.4 63.2 65.2 62.9 57.8 65.7 64.8 61.3 67.1 66.5 60.8 66.2 66.4 70.0 67.0 61.6 62.6 75.1 78.0 75.9 66.1 56.8 63.7 80.0 71.0 69.6 77.6 78.0 81.5 69.5 67.3 82.1 72.9 67.5 61.9 63.4 65.7 74.3 88.5 109.6 121.4 119.5 118.8 117.9 102.2 86.9 78.0 78.8 79.0 85.3 82.4 86.6 86.9 85.6 81.3 82.0 83.9 92.6 87.7 86.5 71.5 61.6 69.9 77.8 78.2 85.2 91.3 98.2 100.3 88.8 84.2 90.0 82.4 78.4
121.3 121.0 120.2 120.7 120.5 121.5 117.3 100.1 72.7 75.4 71.7 71.7 65.4 65.6 61.9 66.8 66.8 64.6 72.0 69.6 60.8 67.0 69.4 70.7 69.7 62.2 65.6 76.2 78.1 76.3 68.9 59.4 65.0 82.0 73.2 69.3 78.2 77.9 79.1 71.6 70.0 82.8 73.6 76.3 63.7 65.6 68.3 87.1 105.8 119.2 119.6 119.2 119.6 118.4 106.8 89.8 80.4 79.6 82.3 86.2 85.5 87.7 90.3 88.4 85.4 82.6 86.3 95.2 92.8 87.3 71.8 64.2 72.1 79.7 82.0 86.9 94.9 101.8 98.4 90.4 87.3 89.8 83.0 81.0
122.5 120.9 121.8 120.7 120.3 123.3 120.6 117.0 109.5 105.4 99.3 73.5 64.4 71.8 71.0 80.0 68.3 84.5 72.0 72.5 114.6 77.6 71.3 71.8 74.9 72.2 67.6 77.1 78.7 77.2 70.7 63.9 66.3 88.4 74.6 73.0 83.6 79.2 82.1 78.0 70.8 83.8 79.3 88.9 65.1 83.0 77.7 99.4 113.3 120.9 121.2 120.0 119.5 118.9 110.8 103.9 80.8 83.0 82.1 89.6 88.2 90.8 89.2 90.2 86.9 82.5 88.8 98.0 93.5 88.1 72.9 68.5 76.3 80.0 82.7 88.1 95.5 103.8 99.3 92.7 88.3 93.3 88.7 80.4
122.0 121.4 120.4 121.1 119.4 125.6 127.0 124.2 109.7 115.5 119.5 116.7 72.5 116.2 121.0 113.9 70.5 104.3 109.1 93.5 113.8 113.0 98.1 74.8 80.2 71.8 68.7 83.2 80.1 79.4 72.9 101.8 68.5 95.9 82.0 92.3 85.5 112.6 94.5 108.4 77.8 88.2 90.7 110.6 102.4 117.8 89.8 111.2 121.5 123.4 121.6 120.2 119.3 119.0 120.6 119.7 93.3 88.1 86.2 92.4 90.8 103.6 91.1 96.2 82.7 97.5 90.1 107.8 94.3 89.2 81.0 70.3 79.5 85.5 82.5 88.3 99.3 102.8 99.4 91.6 91.7 96.6 88.1 80.6
122.4 121.2 121.2 121.1 120.6 125.1 125.6 126.5 120.7 121.5 121.9 121.8 66.1 121.0 121.8 123.0 111.7 121.8 121.3 120.5 120.5 121.6 114.0 122.9 119.8 116.8 120.7 115.1 97.8 120.7 120.6 120.2 120.3 114.6 117.4 114.7 119.9 118.6 116.9 120.9 81.8 118.7 121.7 119.4 120.3 120.8 117.8 118.7 122.7 123.5 119.0 120.8 119.6 118.9 123.9 122.6 120.1 118.0 110.1 118.0 99.9 118.0 120.7 118.1 119.8 115.5 117.9 120.4 116.0 109.9 114.2 110.8 113.2 104.7 82.0 101.9 98.9 109.9 109.1 92.2 95.2 98.4 90.2 85.2
123.8 122.7 121.9 120.8 121.8 124.2 125.8 127.0 125.5 123.3 121.6 122.2 122.6 120.7 122.9 122.0 122.5 121.9 123.3 122.7 118.6 122.2 123.9 123.1 123.6 122.5 123.4 123.7 119.8 122.1 123.5 120.6 116.4 121.4 116.0 120.9 121.8 121.0 122.7 121.6 121.3 120.9 122.1 121.5 121.0 122.4 116.5 118.0 123.6 123.6 121.1 120.3 120.0 118.8 125.4 125.0 123.4 122.4 120.9 120.9 120.6 118.3 119.5 120.0 119.4 120.7 118.5 121.7 114.3 120.4 119.6 119.4 122.0 118.9 81.9 119.2 121.4 118.9 118.8 117.6 116.5 116.7 119.3 117.3
122.5 123.1 122.3 121.3 118.7 122.5 126.4 127.7 126.3 123.8 121.3 121.8 117.9 120.5 123.7 123.2 122.3 121.2 122.3 122.2 121.6 122.8 121.9 123.7 123.6 123.8 123.8 124.4 124.3 122.9 122.1 122.1 121.6 122.4 120.6 120.8 121.7 120.7 117.5 121.9 117.5 121.3 121.6 121.5 122.6 123.9 122.3 117.8 124.8 124.6 121.6 121.8 120.7 120.8 124.3 125.8 123.1 122.7 119.2 121.4 123.3 117.9 122.4 119.9 120.0 121.0 120.3 121.4 120.7 120.8 120.5 120.2 119.7 120.2 98.3 121.2 122.2 123.4 119.9 118.7 118.9 119.1 116.9 117.5
122.6 120.0 121.1 120.5 117.7 111.1 124.4 125.0 126.3 123.9 121.9 119.0 121.7 121.9 123.8 122.7 120.8 122.3 121.0 121.8 123.1 122.6 123.6 123.0 123.5 122.3 123.9 125.1 123.8 126.0 123.5 122.3 122.7 122.4 120.7 121.6 122.0 121.1 119.4 121.3 120.8 121.4 120.6 121.8 123.2 122.9 123.3 117.8 124.8 124.5 121.0 121.2 121.1 120.9 125.3 126.3 124.7 122.8 119.5 122.7 122.2 118.7 122.5 120.0 119.4 121.1 120.2 121.2 120.8 119.7 120.7 119.7 118.6 120.6 121.9 122.0 120.5 121.6 119.9 118.6 117.7 118.1 117.6 118.3
120.2 112.7 117.4 113.7 121.4 78.6 119.0 118.1 122.9 118.4 121.8 116.5 123.3 118.0 123.7 117.7 122.0 118.0 117.8 112.3 122.9 121.8 123.3 120.9 123.4 109.1 124.5 120.5 124.4 126.9 119.8 118.4 122.8 115.6 120.4 114.3 120.1 121.2 122.9 121.8 122.3 120.8 118.8 116.9 123.5 122.1 124.1 -999.0 124.1 120.8 118.9 120.4 121.2 119.7 124.4 124.8 123.7 121.8 111.1 120.3 121.1 117.6 123.4 116.9 119.5 118.7 119.5 121.1 115.7 107.1 118.7 119.6 120.0 120.3 121.8 122.3 120.6 120.2 117.8 114.2 118.3 116.9 115.7 117.1
68.0 73.9 70.7 74.3 74.4 74.0 121.1 92.3 80.6 98.7 97.9 77.1 75.2 77.3 105.6 82.4 85.6 114.0 122.4 82.2 121.0 98.3 122.6 70.4 105.2 77.9 120.6 116.8 124.4 123.8 122.9 113.0 118.2 82.3 120.4 106.0 119.7 94.3 121.9 96.7 121.3 116.2 122.3 104.2 123.7 110.0 122.8 73.2 123.7 117.7 117.2 98.8 120.8 103.7 123.0 122.1 122.4 118.7 113.1 102.2 119.2 111.9 108.6 109.0 111.3 112.8 120.4 98.0 117.8 87.5 120.6 119.2 121.6 117.6 121.5 118.4 118.4 105.5 119.5 80.4 118.2 110.3 115.5 85.8
68.3 70.1 69.2 71.7 75.0 73.7 74.3 74.4 75.7 76.1 75.0 75.8 74.4 76.7 77.0 78.5 73.9 75.7 73.5 71.7 72.9 71.0 69.9 69.5 120.8 69.8 105.2 76.0 118.9 113.4 79.4 81.8 82.0 77.5 100.7 82.5 77.5 80.5 76.6 76.1 81.0 77.0 76.1 85.0 124.0 84.1 91.7 73.3 83.0 80.8 71.7 76.3 75.9 74.1 119.7 106.5 89.7 81.7 82.9 78.2 73.0 75.6 76.8 75.3 119.1 75.4 86.7 76.5 75.8 79.8 90.1 92.1 97.8 100.4 103.5 93.1 120.0 96.8 75.5 89.9 103.8 102.2 89.7 75.7
68.6 68.6 70.8 69.9 70.0 73.3 77.2 73.9 75.9 76.2 75.0 77.2 79.5 77.7 76.3 76.6 75.2 73.6 73.2 72.3 71.0 71.0 70.7 69.6 70.0 68.5 70.2 72.7 71.2 81.0 77.0 80.3 79.5 78.9 79.1 79.1 76.1 77.7 76.3 77.2 74.7 74.6 76.5 78.3 106.5 74.0 73.6 74.2 72.0 74.0 72.8 71.3 73.0 74.2 99.1 77.8 78.6 82.7 77.6 77.5 78.9 73.9 74.7 71.4 74.6 73.9 73.1 74.1 77.1 77.9 78.7 80.0 78.3 85.5 81.2 81.0 76.6 78.7 76.3 74.2 76.0 79.0 74.4 74.5
68.9 68.2 70.7 69.1 70.8 72.2 74.4 73.6 74.9 75.7 77.5 76.7 78.0 77.0 80.0 77.4 76.5 75.4 73.8 73.8 72.3 71.2 70.8 70.0 71.5 68.5 70.7 72.5 72.7 74.5 77.3 77.7 81.5 79.3 79.4 80.8 80.2 78.7 78.7 77.3 77.4 75.5 77.3 78.4 79.0 75.9 74.2 75.3 75.0 78.4 71.6 72.5 71.3 74.6 75.7 78.4 77.1 80.9 78.6 77.4 77.7 75.3 75.6 72.8 76.1 74.4 73.4 73.9 73.8 78.2 80.3 80.0 80.8 81.8 81.3 78.2 77.5 76.2 76.0 74.1 76.4 75.8 73.2 74.2
69.5 68.3 68.2 71.6 69.5 72.2 72.1 73.4 73.6 75.3 77.3 75.5 79.7 76.2 79.7 77.9 77.7 76.5 74.3 74.0 70.2 71.3 70.2 68.8 70.2 68.1 69.2 72.5 73.3 75.5 76.9 76.8 79.3 78.6 78.9 79.8 78.8 78.1 76.4 76.0 76.9 76.7 77.1 77.4 76.3 75.3 76.0 74.8 74.2 77.2 75.6 73.6 69.8 74.6 75.3 78.5 78.4 80.7 80.9 79.6 77.7 75.6 81.7 78.1 74.1 76.0 74.3 76.3 75.2 79.4 77.5 81.2 82.1 80.2 81.1 79.2 80.0 76.6 77.0 74.6 76.7 74.1 72.6 74.4
66.6 67.3 68.9 71.3 70.1 70.9 72.7 73.9 72.7 75.0 77.4 77.4 80.0 76.7 77.9 76.7 77.8 77.7 74.6 74.3 71.9 72.2 70.9 70.0 69.6 68.9 70.7 72.5 74.1 75.5 77.3 78.9 79.5 78.1 79.8 79.3 80.6 77.2 76.6 76.7 77.5 76.6 76.6 75.1 75.1 75.2 77.1 78.4 76.9 78.1 77.3 75.3 72.5 73.0 77.5 78.0 79.9 80.5 80.0 79.9 79.3 80.7 80.7 80.2 79.2 76.6 73.7 77.1 77.2 78.3 78.2 80.2 80.5 78.7 79.3 80.8 79.6 77.6 77.0 74.4 76.6 73.7 71.6 73.9
66.0 68.5 69.5 68.7 72.1 71.2 73.0 70.3 74.4 73.2 76.5 76.5 78.8 77.0 80.3 78.1 78.5 78.4 74.8 75.1 73.4 73.4 72.5 70.3 69.5 70.5 70.2 72.5 71.8 74.7 77.5 78.8 79.3 80.4 80.7 79.2 80.7 77.8 78.5 78.1 79.2 77.1 79.0 76.2 76.7 74.2 78.3 78.4 79.4 78.1 77.4 77.6 73.8 74.2 76.8 78.0 79.1 81.6 80.6 79.9 81.8 80.9 80.5 81.0 79.3 79.6 73.8 78.2 77.6 78.0 78.5 79.5 80.2 81.7 81.2 80.3 79.1 77.2 77.1 74.2 75.9 73.4 74.8 73.7
67.3 68.8 69.7 68.5 69.0 71.3 72.2 71.9 74.2 73.9 76.6 76.1 79.1 74.0 81.7 78.1 78.4 78.3 75.8 76.6 72.9 75.6 71.6 72.4 70.7 69.9 70.2 71.9 73.3 74.5 78.2 78.1 79.8 80.1 78.9 78.3 80.3 78.8 80.2 77.5 79.6 77.4 79.0 75.0 75.7 76.8 78.1 78.4 80.5 80.0 78.7 80.0 77.8 76.4 77.8 80.3 79.0 80.8 80.8 80.8 82.4 81.1 80.1 81.0 79.9 79.9 77.4 78.8 76.6 79.2 78.4 79.1 80.6 81.4 82.3 80.1 80.3 76.6 77.5 73.2 75.0 73.4 73.8 73.0
67.2 68.8 70.4 69.6 70.5 71.3 71.6 73.0 74.2 74.7 76.4 78.3 79.3 76.7 77.4 78.2 78.4 77.6 76.1 77.2 75.5 76.0 72.4 72.4 71.3 72.6 72.1 72.5 74.9 75.5 78.6 79.2 78.3 79.3 78.5 78.9 78.7 80.0 78.9 79.7 78.2 77.5 78.7 75.1 75.2 76.9 77.9 78.4 79.6 79.7 78.3 80.1 80.0 78.0 76.2 81.6 79.6 82.1 80.7 81.9 82.7 81.0 82.5 81.0 81.4 80.6 77.5 78.8 76.8 79.1 79.7 80.6 81.5 81.3 82.5 79.9 80.4 79.2 76.5 73.4 74.7 74.1 72.4 73.4
66.9 67.9 68.0 70.1 68.8 70.5 71.9 73.8 74.8 74.9 76.8 77.7 78.3 79.1 78.8 78.7 77.5 76.9 76.9 75.9 75.2 76.1 72.7 72.5 74.0 73.5 73.8 74.7 75.1 76.7 75.7 77.8 79.4 80.5 79.0 79.8 78.1 80.2 78.0 80.0 79.3 77.6 76.5 72.8 75.0 73.9 78.1 79.0 80.0 81.6 83.6 80.5 79.9 78.4 75.5 80.1 78.9 83.5 80.3 82.5 79.8 79.6 81.1 80.9 81.4 80.7 78.6 78.8 77.7 80.0 80.2 80.7 81.0 81.2 82.9 78.7 80.8 76.8 72.4 72.3 73.2 75.2 71.7 75.4
65.9 67.7 66.7 69.3 71.9 70.4 71.6 73.4 72.9 73.3 75.9 77.4 78.5 80.5 81.3 78.8 78.2 79.3 78.0 79.2 75.6 76.2 74.6 73.9 75.0 74.7 73.8 75.1 75.4 75.1 78.2 78.1 79.5 80.6 81.1 79.8 80.6 80.3 78.8 79.5 79.3 77.7 74.2 72.8 75.7 73.7 78.1 77.6 79.8 81.8 81.5 81.1 80.7 79.5 76.1 78.8 78.9 83.7 78.3 82.5 80.1 79.4 81.0 81.5 80.6 81.8 80.5 78.6 77.9 80.0 80.7 80.7 79.6 81.0 83.8 79.7 79.9 77.2 73.6 73.0 74.1 75.5 73.4 75.9
66.1 69.0 67.8 69.1 70.0 72.4 74.8 74.6 74.9 74.4 73.9 78.0 78.8 78.1 80.3 77.8 78.4 79.9 78.9 78.1 79.0 75.4 76.1 75.3 75.3 74.9 77.1 75.5 75.9 77.4 77.5 78.7 77.5 80.4 81.4 81.1 79.7 80.5 79.2 78.1 79.0 77.0 73.2 74.1 77.0 74.2 77.6 76.4 79.8 81.1 81.0 81.4 78.6 80.5 77.1 78.1 79.0 84.0 78.0 80.9 80.3 80.0 79.8 82.2 84.3 81.0 79.8 80.3 77.6 79.4 80.2 81.6 80.0 80.0 81.2 81.4 77.5 77.9 74.2 73.5 72.7 75.9 77.2 76.2
66.1 66.6 66.4 71.1 70.2 73.0 71.4 73.6 77.6 74.7 75.9 79.8 79.0 78.0 79.5 78.9 79.6 78.6 79.3 77.6 80.3 77.5 77.3 77.2 79.1 76.0 76.2 78.5 76.9 77.7 77.6 79.2 80.6 80.2 80.5 81.4 79.5 80.4 80.5 77.9 80.2 76.7 76.1 75.1 75.4 74.6 77.8 77.2 79.7 79.8 81.9 82.6 81.9 80.1 75.5 78.3 79.1 85.0 77.9 80.8 80.9 80.2 82.5 82.8 80.6 79.6 79.8 79.9 79.5 79.1 80.0 81.7 79.9 79.3 82.0 81.4 79.0 75.5 74.8 74.0 74.8 74.8 76.3 76.2
64.4 67.9 66.4 69.5 70.7 72.0 72.6 72.9 74.2 73.5 76.8 76.1 78.9 78.3 79.1 78.6 79.7 75.4 79.6 79.1 78.4 78.3 79.9 79.5 78.3 76.5 78.5 79.5 76.9 78.1 78.9 80.2 80.3 80.0 82.2 81.6 79.5 79.7 80.3 77.8 80.1 76.1 76.0 75.1 77.1 73.5 80.2 79.2 79.5 80.5 82.2 81.2 81.8 79.9 76.8 78.3 78.8 82.1 78.4 81.1 80.9 80.0 80.8 81.0 80.1 79.8 80.8 76.3 78.6 79.4 78.7 80.5 81.9 79.4 82.2 80.0 77.6 74.7 76.1 74.7 75.1 75.5 76.6 75.9
61.7 67.8 65.3 68.2 69.8 71.2 72.2 71.8 76.6 73.2 75.3 77.0 78.8 78.5 79.5 78.3 78.7 78.3 79.9 77.8 77.8 79.2 77.6 79.3 79.0 77.2 78.8 77.6 77.9 78.0 79.5 82.1 79.5 79.3 81.8 82.0 76.7 80.5 80.3 79.2 80.3 76.8 76.0 75.2 77.1 73.2 79.7 80.7 80.2 80.8 81.6 83.3 80.0 78.3 75.9 77.6 79.9 82.0 81.0 79.3 82.9 78.3 77.7 80.6 80.0 79.8 77.9 75.5 75.6 77.6 79.8 80.4 82.2 80.9 80.5 77.8 72.7 75.4 75.9 74.7 75.6 76.9 76.9 76.5
63.9 64.7 64.7 68.3 68.5 69.2 71.4 73.1 77.9 74.3 78.0 78.4 78.8 78.7 78.9 79.4 80.3 80.6 79.5 77.8 77.9 79.7 79.8 78.9 78.9 80.0 79.8 80.8 79.7 78.1 81.0 82.0 80.4 78.8 83.7 81.8 80.3 80.0 80.3 78.0 77.5 75.7 77.3 75.1 76.1 73.4 78.6 81.4 82.9 81.2 81.6 81.6 84.8 77.3 77.9 77.3 79.3 81.9 82.3 80.8 79.2 79.8 80.3 80.4 79.5 80.9 77.4 74.1 76.0 76.7 76.8 79.3 81.8 81.0 78.6 77.3 74.4 76.3 75.4 74.7 77.1 75.9 76.2 76.1
64.2 62.9 65.7 67.4 67.8 69.6 72.1 73.3 74.0 74.6 77.6 79.8 79.4 78.5 80.4 79.7 79.6 80.1 80.0 78.1 81.2 79.4 80.9 78.9 79.6 79.8 79.4 79.5 79.9 78.5 79.7 81.5 80.6 80.5 80.9 81.5 80.2 79.6 79.5 78.1 80.6 75.6 76.9 75.8 76.9 72.5 80.2 80.1 80.0 81.8 81.7 81.1 80.9 77.2 75.8 78.3 79.1 81.6 82.7 81.0 80.9 79.0 79.8 80.6 79.6 80.5 79.8 75.0 74.9 75.8 74.7 78.9 80.3 80.7 78.3 77.8 74.9 74.7 74.1 73.6 76.4 75.8 76.7 75.2
60.9 63.9 64.6 67.7 68.1 69.7 72.4 71.5 75.4 74.4 74.5 79.3 76.8 77.5 80.8 79.5 81.2 80.2 81.6 78.3 80.2 78.6 80.8 79.2 80.9 81.1 79.0 78.1 80.3 79.8 79.6 81.4 81.7 80.7 79.0 81.3 80.3 79.7 80.0 78.5 77.9 77.2 78.8 76.5 77.1 74.2 78.7 79.6 81.3 81.8 82.0 82.7 78.3 77.2 77.4 78.1 79.9 80.8 82.6 82.0 81.9 78.7 79.4 80.7 79.5 80.7 79.5 76.2 74.9 74.1 75.0 77.8 78.8 79.2 78.1 75.7 75.1 75.1 74.7 74.1 77.9 75.2 76.9 76.3
63.7 64.9 64.5 66.0 67.2 70.3 69.6 71.2 72.4 73.8 75.7 77.8 77.7 77.6 82.2 81.3 79.8 81.5 80.6 79.7 79.8 82.0 81.5 79.9 81.0 80.5 78.2 78.1 81.9 78.8 79.8 81.5 81.8 80.8 80.5 81.1 79.7 80.3 81.3 79.4 77.1 75.6 78.2 77.0 78.0 74.4 78.3 79.4 82.9 81.4 82.5 83.1 82.2 77.2 76.5 78.6 81.8 81.4 79.7 82.1 80.4 79.5 78.9 80.5 80.2 81.2 79.6 77.1 74.8 75.5 76.6 77.1 76.7 78.6 74.8 76.3 74.7 76.2 79.4 75.0 76.4 75.1 73.5 76.9
63.7 66.0 65.3 66.6 67.8 70.4 70.2 71.4 73.6 73.0 77.1 74.9 78.7 79.5 81.2 81.5 82.1 79.9 78.6 80.5 80.4 81.7 80.8 81.4 81.1 80.1 76.8 77.8 77.7 80.7 83.2 81.7 79.0 81.1 81.0 81.0 79.4 80.4 79.0 78.5 77.3 75.5 77.9 77.4 78.3 74.3 78.6 79.2 81.5 81.8 83.7 80.8 80.3 76.9 76.2 78.3 81.8 81.4 80.5 83.4 81.7 80.3 79.1 80.1 81.4 81.1 76.4 77.6 75.7 76.6 75.0 76.9 75.7 76.6 73.6 76.5 76.1 74.8 76.0 76.8 75.3 73.9 77.0 75.8
63.2 64.7 67.7 66.8 67.4 68.7 69.4 72.1 76.5 74.0 76.3 76.8 79.3 79.1 80.6 80.2 81.5 80.6 81.2 80.5 80.3 79.9 80.9 81.8 81.1 78.3 74.6 74.9 75.2 76.9 80.3 82.2 81.0 79.8 81.9 81.4 82.5 82.0 80.9 80.0 76.5 76.1 75.5 77.6 80.4 73.3 79.5 78.8 80.7 81.5 82.7 82.5 80.8 77.3 78.5 77.9 77.6 79.0 80.7 83.1 83.0 81.3 79.7 80.2 81.1 80.4 76.9 75.6 73.9 77.4 77.4 76.7 76.5 76.6 71.9 76.9 74.1 74.5 77.5 77.6 75.3 75.4 76.7 75.7
63.6 64.9 66.4 66.3 68.0 69.2 68.2 72.1 74.1 73.8 75.8 76.8 79.4 79.2 78.8 80.1 79.1 80.3 81.4 80.4 81.1 80.7 81.3 81.1 80.0 77.3 76.2 76.1 73.1 74.0 77.9 82.0 81.1 81.3 81.6 80.9 79.9 81.3 79.6 79.2 77.9 76.9 79.4 78.0 73.4 70.5 76.9 79.4 82.0 82.0 84.0 83.0 80.5 77.5 77.9 79.5 80.4 80.1 82.5 83.3 83.1 80.7 81.0 81.4 80.9 79.7 77.9 76.0 74.9 78.7 76.6 75.7 78.0 76.6 72.5 78.2 75.9 75.1 77.7 77.9 75.8 78.2 75.8 76.3
63.2 64.6 66.3 67.4 67.9 69.0 70.6 71.8 75.8 75.2 75.5 76.4 79.0 79.0 81.2 81.6 79.9 80.3 82.1 79.8 80.9 81.8 82.7 80.6 81.7 75.5 75.0 76.3 72.7 74.9 77.6 80.6 80.7 81.7 82.0 81.8 81.5 79.9 81.6 78.8 77.1 77.3 77.3 77.0 76.6 74.9 77.0 80.6 79.9 81.5 81.7 80.4 80.0 77.3 77.7 78.6 78.5 80.8 82.5 83.2 82.5 80.8 81.3 81.6 81.1 78.4 78.6 77.4 76.8 79.8 77.2 77.0 75.9 76.5 74.1 78.2 76.1 76.7 78.9 78.3 78.2 79.0 79.7 76.8
63.4 64.1 66.0 68.0 68.2 68.0 70.3 71.4 74.0 73.9 73.0 75.8 75.0 77.5 79.5 81.0 83.6 81.3 81.6 81.0 81.1 81.9 81.8 81.7 79.6 75.0 74.7 76.3 73.5 76.5 77.4 78.9 82.8 82.7 82.3 81.9 80.9 80.7 81.6 76.4 76.3 77.2 77.2 77.0 77.6 74.0 78.9 81.5 81.5 81.5 82.3 81.9 79.8 75.5 76.3 78.0 79.6 79.2 86.3 85.1 82.7 81.1 81.3 79.8 77.6 77.1 78.8 78.3 77.5 80.5 77.2 77.5 77.0 76.7 74.1 77.5 76.7 78.4 79.2 78.9 78.4 79.6 78.9 77.5
