surveys/_q10_1/matrix_q10_1s5.txt
north:            -502.50
south:           -1197.50
east:             2697.00
west:              -93.00
rows:                 141
cols:                 279
null:              -999.0
[rows 76 to 113 of 141, columns 0 to 83 of 279]
92.7 93.0 93.3 93.7 92.8 92.3 96.2 91.1 91.4 90.0 89.7 88.3 86.4 91.5 90.7 90.9 89.4 91.1 88.9 90.6 89.7 89.6 90.3 89.8 91.0 92.7 92.3 92.0 90.0 91.4 91.1 90.3 88.4 89.3 88.6 90.9 89.7 91.8 93.1 93.3 91.1 89.2 88.9 90.9 90.4 89.9 89.1 89.8 91.2 92.5 95.4 92.4 91.6 87.2 88.9 88.7 90.2 89.7 90.3 86.3 88.7 85.1 86.8 86.4 86.7 87.8 89.0 89.5 91.9 90.1 89.9 91.4 92.7 91.5 93.8 93.9 90.4 93.3 88.8 93.9 92.2 91.9 93.1 89.4
93.0 92.9 93.8 93.0 93.9 93.1 92.6 90.9 94.8 88.6 89.1 88.3 84.5 92.0 90.6 91.1 90.1 90.8 90.0 90.1 89.5 89.1 91.4 90.2 89.5 93.7 93.6 92.3 91.6 90.9 91.1 90.1 87.1 88.5 89.3 91.8 90.9 92.7 92.0 92.7 90.0 90.3 89.7 91.4 88.9 90.1 89.0 90.0 91.8 93.1 93.5 91.8 92.0 85.7 87.5 89.4 93.5 89.2 90.2 90.0 87.1 80.7 87.7 87.9 85.7 86.9 87.5 89.8 90.9 88.6 90.5 90.6 93.7 91.2 92.5 94.0 90.9 93.4 95.4 93.9 92.6 91.5 92.8 89.8
93.7 91.6 93.5 93.6 92.8 94.4 92.3 90.6 92.5 87.4 90.3 87.3 85.2 91.9 91.7 90.7 88.0 90.1 92.5 89.7 87.2 87.8 91.4 91.2 92.2 94.5 93.4 91.2 91.3 90.4 88.6 90.3 87.6 88.9 89.1 91.4 90.7 91.0 92.4 92.6 92.0 89.9 91.8 91.1 90.3 89.8 90.3 90.3 92.7 93.1 93.3 92.2 91.2 85.4 89.0 88.7 86.6 88.8 89.7 89.0 86.1 83.3 86.3 88.3 86.9 87.3 86.9 91.0 91.4 88.4 91.5 90.9 91.2 92.2 91.8 93.9 92.5 93.4 91.0 93.9 92.1 91.6 93.6 90.7
94.4 91.7 93.7 94.9 93.2 93.5 93.0 89.5 91.2 88.0 89.8 86.5 89.6 92.0 90.4 90.4 88.8 90.7 88.7 89.3 89.7 88.9 91.4 87.8 91.6 94.4 93.1 90.8 91.8 91.0 89.6 89.2 87.7 89.5 87.9 90.9 91.5 92.9 90.6 92.2 89.9 90.1 91.0 89.6 88.3 89.1 85.5 90.8 90.8 92.4 92.2 92.7 90.6 87.1 90.9 88.6 91.1 88.6 90.6 88.4 87.9 83.2 85.6 85.8 86.5 86.8 87.0 89.7 91.0 89.8 88.4 91.3 91.0 91.8 93.0 93.4 94.8 93.6 94.1 93.9 90.8 92.5 91.7 91.2
93.1 92.6 94.0 92.7 91.5 93.0 91.6 89.7 90.5 89.9 87.0 86.7 90.8 92.4 89.2 92.0 90.3 89.6 89.7 89.2 90.1 89.6 91.7 91.5 91.7 92.9 95.0 91.8 90.2 91.6 89.8 89.4 87.7 90.1 88.7 92.9 92.9 94.9 93.8 93.7 89.9 90.4 90.2 88.6 89.3 88.2 95.6 90.4 94.4 91.7 92.6 91.6 90.1 89.1 90.3 90.0 90.6 88.4 88.3 87.1 85.5 85.4 84.1 84.1 87.8 86.6 88.1 86.8 92.0 88.5 90.8 90.7 90.4 91.4 94.2 92.9 88.5 93.4 92.1 92.6 90.5 92.3 91.5 92.6
93.5 94.1 91.4 93.0 91.8 92.7 90.9 90.1 88.9 88.8 87.4 86.1 92.0 92.5 90.6 90.2 90.8 89.8 90.2 89.2 89.2 90.2 89.7 91.5 90.6 93.0 92.5 92.4 91.1 92.3 90.4 90.1 85.2 90.6 91.0 94.1 92.2 95.1 92.5 91.8 92.7 90.4 90.6 88.4 94.6 87.1 88.0 89.8 92.5 93.5 92.6 91.4 87.6 88.6 90.9 90.4 89.8 87.8 89.3 86.4 84.8 83.6 86.0 82.6 85.6 85.3 85.7 86.3 89.7 88.9 86.2 90.6 88.7 91.0 92.2 92.8 90.0 92.8 92.4 91.1 92.4 91.8 91.5 90.6
94.5 94.5 93.0 93.1 91.3 92.6 90.3 89.9 90.2 88.6 85.8 88.7 91.5 93.1 90.0 91.0 89.6 90.2 91.2 91.0 90.1 89.7 89.2 91.6 93.8 94.8 92.7 91.6 91.1 92.6 89.2 89.6 89.0 91.3 91.8 93.5 93.9 94.7 91.0 90.2 92.9 90.0 89.6 87.5 87.6 88.1 87.7 90.9 91.3 93.9 91.2 89.5 85.9 88.6 89.4 89.6 88.4 88.0 90.9 85.9 85.4 82.8 84.1 84.2 86.7 85.9 87.0 86.8 88.4 89.4 92.0 90.3 93.9 90.2 93.2 93.2 90.2 93.5 93.6 91.3 93.5 91.4 92.8 92.2
94.0 94.6 92.1 92.7 90.3 91.7 90.8 89.8 90.3 88.2 84.4 91.7 90.0 90.7 88.2 91.2 89.8 90.9 90.5 90.5 91.7 89.8 90.5 92.0 95.2 94.4 92.4 93.1 90.7 88.0 90.3 88.6 89.6 92.7 92.3 92.9 97.3 93.4 92.6 90.6 92.7 89.5 90.5 87.5 88.6 89.6 86.2 91.0 92.6 93.5 91.6 89.0 86.6 89.2 89.8 89.4 90.3 88.6 87.6 85.6 85.9 83.6 85.8 84.3 85.5 85.9 85.3 86.8 85.8 88.6 90.8 90.3 89.8 90.3 92.8 94.4 90.7 93.7 93.5 91.8 92.2 92.0 93.5 91.2
94.8 94.1 91.1 91.2 90.5 91.6 91.7 89.9 89.6 85.5 85.4 91.1 87.9 92.4 89.9 90.9 94.4 90.3 90.7 90.2 92.0 91.2 89.4 91.6 93.3 93.1 91.8 92.3 91.2 92.3 93.2 90.7 89.5 93.4 92.9 92.8 94.6 93.8 95.1 91.3 92.0 91.0 88.8 87.0 90.0 90.3 86.7 90.7 91.3 93.0 92.0 88.6 87.7 89.7 90.4 89.5 89.4 88.0 87.4 85.8 87.5 85.1 84.9 85.1 84.9 84.9 85.2 86.3 87.5 88.8 85.6 90.0 88.9 90.2 92.9 92.1 92.0 93.7 92.6 92.9 91.9 91.2 91.7 90.9
94.1 93.3 91.0 92.1 89.8 92.0 96.5 89.3 86.8 86.8 88.6 91.0 92.6 92.0 91.3 91.2 89.0 90.2 90.9 90.1 90.8 90.1 90.6 91.6 94.1 94.7 92.5 92.5 86.9 90.9 89.8 92.1 92.8 92.5 92.1 94.1 92.4 95.0 92.6 92.4 94.3 90.3 93.1 86.9 88.0 89.3 88.0 90.7 90.1 93.5 90.2 88.3 88.8 89.8 89.0 88.9 89.0 89.9 86.7 85.5 87.2 86.1 83.8 84.6 84.1 82.1 85.9 84.8 87.7 88.0 90.6 89.0 89.5 91.8 92.0 90.7 92.7 93.7 93.6 93.7 91.2 88.8 91.2 89.5
93.8 93.0 91.2 92.2 90.7 90.5 89.9 87.7 86.4 84.8 89.1 91.4 90.4 91.8 89.6 90.9 90.7 90.1 89.8 90.0 90.7 90.0 92.6 91.9 94.0 94.0 91.4 93.1 91.5 91.1 89.3 92.5 94.3 92.4 92.8 94.2 92.9 93.1 90.6 93.8 93.8 89.8 88.2 88.8 86.9 88.9 86.3 91.5 91.8 92.9 88.5 86.9 90.4 90.0 89.8 89.7 91.3 89.7 89.4 86.0 86.8 87.5 83.2 84.0 86.4 82.5 85.6 82.4 86.9 87.9 88.8 89.3 89.7 89.8 91.2 92.8 92.9 94.1 96.1 93.1 93.1 88.8 90.0 89.4
93.7 93.0 88.6 91.0 89.4 90.1 91.9 87.9 86.7 84.8 91.0 92.3 90.0 92.2 91.4 91.8 89.4 90.2 90.1 88.9 93.2 90.6 90.7 91.0 89.4 93.5 95.9 93.3 90.6 92.4 90.2 93.2 91.5 93.2 91.0 93.1 92.6 93.1 90.9 91.6 92.6 91.9 88.9 89.0 87.1 87.8 86.9 92.6 92.7 92.7 89.1 86.4 92.2 88.5 89.9 89.8 90.6 89.2 87.3 86.3 89.8 89.1 84.1 83.3 83.1 82.5 85.3 81.3 86.3 87.4 88.3 88.8 90.5 89.1 90.3 93.6 92.1 93.1 91.9 92.9 93.0 91.2 90.6 92.5
93.3 92.7 89.9 90.2 88.7 89.7 90.6 87.5 87.1 86.8 91.0 91.9 91.5 90.9 90.0 92.2 88.8 91.8 91.5 89.7 92.6 91.0 91.2 90.4 91.8 92.8 92.8 92.5 91.3 92.5 90.8 93.4 90.3 92.9 90.5 93.5 90.4 93.5 93.0 92.5 93.8 92.3 90.0 90.4 88.8 87.9 89.1 88.4 90.7 93.9 85.6 86.4 89.0 88.6 89.9 89.9 91.5 88.8 85.6 86.6 89.9 91.4 88.2 82.8 85.8 82.1 84.1 83.2 84.9 87.1 87.6 88.8 91.5 88.5 88.9 93.0 90.9 97.0 91.2 93.5 90.8 91.4 91.9 92.1
94.5 92.9 89.8 90.4 90.0 88.8 89.7 85.9 86.4 89.6 92.2 90.8 90.9 91.4 89.7 90.8 89.4 90.3 90.7 90.0 92.3 90.9 90.7 90.4 94.2 89.9 90.7 91.5 88.2 92.6 93.6 92.9 89.0 92.3 92.1 93.8 92.1 91.8 94.9 93.6 93.9 91.4 90.4 89.1 88.0 89.9 93.4 88.8 94.9 93.7 87.7 87.2 90.2 89.5 90.4 90.6 89.7 88.2 85.5 86.9 91.1 91.7 89.1 83.9 84.0 81.0 80.1 83.5 92.3 85.6 90.1 88.5 90.8 88.1 89.6 90.3 90.6 93.1 90.5 93.3 90.5 92.0 89.8 90.3
93.1 93.0 91.6 89.4 88.9 87.4 87.6 85.1 88.6 91.1 92.3 90.8 90.3 92.0 89.3 89.9 91.5 90.6 91.0 91.1 91.2 90.4 93.4 91.2 93.0 87.0 92.4 91.1 91.3 92.8 90.7 93.1 90.1 91.1 90.8 92.7 93.7 92.9 94.7 93.2 91.5 93.0 89.4 89.4 94.9 91.2 89.1 91.3 91.9 90.9 87.6 87.1 88.9 90.1 89.6 89.6 91.4 88.8 85.6 87.2 92.5 91.6 90.0 87.2 83.8 82.5 80.9 83.1 84.5 85.0 85.3 86.8 90.3 88.8 89.4 89.7 89.7 91.8 91.5 96.2 90.3 92.6 91.3 93.0
91.7 92.8 90.1 88.5 87.9 87.3 86.7 85.2 90.6 90.9 91.0 90.6 90.0 90.8 90.8 89.7 90.7 91.6 90.6 92.1 92.4 90.4 95.9 90.9 93.0 91.5 93.7 92.4 90.0 92.9 91.1 94.3 89.8 90.0 90.6 91.0 92.5 92.5 95.6 93.0 93.4 90.5 89.6 92.0 89.0 90.0 91.2 91.1 90.8 88.4 86.2 86.9 88.6 87.5 89.2 88.4 90.8 89.0 85.8 87.0 92.2 91.8 91.2 90.6 82.4 82.2 79.5 80.8 85.0 85.6 86.4 85.5 89.2 88.9 88.4 90.2 89.6 91.1 92.5 93.0 90.4 90.7 91.3 93.2
90.3 93.6 93.4 88.5 88.6 86.7 86.2 85.8 91.2 88.0 91.4 90.4 89.0 90.4 89.7 90.3 90.9 92.2 89.3 90.8 90.6 89.5 89.8 90.4 92.6 91.9 92.0 93.3 89.2 93.8 93.0 92.0 90.9 89.9 90.6 90.7 90.9 90.8 95.7 93.5 93.4 89.8 90.6 91.0 90.7 89.4 90.8 92.3 90.1 86.9 86.0 87.4 89.2 87.9 91.8 88.5 88.8 88.9 85.3 86.3 91.9 92.2 92.6 91.8 82.6 81.4 76.1 78.8 83.8 85.9 86.4 85.8 87.3 88.5 87.5 89.4 90.1 91.2 91.6 92.1 90.0 92.6 94.8 92.6
90.9 93.0 93.2 89.8 85.8 87.2 88.3 88.3 91.5 87.6 91.4 90.2 88.2 91.4 90.0 91.3 89.1 92.4 89.9 91.9 89.9 90.4 92.8 90.8 92.7 91.3 93.2 93.2 91.5 95.4 91.8 91.0 90.5 91.2 89.8 90.4 90.5 89.6 94.2 93.5 94.0 90.3 91.8 93.0 90.5 90.2 91.2 91.2 90.0 85.8 87.5 86.3 89.5 87.8 89.5 89.1 91.4 90.1 88.2 87.3 92.4 91.6 91.0 91.7 84.0 81.8 77.9 77.6 83.6 83.6 87.3 84.9 93.7 88.5 85.9 88.9 89.1 90.5 91.1 91.1 88.7 94.2 91.6 92.7
90.8 93.3 94.3 90.9 92.0 91.4 90.7 90.7 91.3 89.4 93.9 90.7 86.8 90.4 91.4 89.7 88.1 89.9 89.6 90.6 90.9 91.3 92.6 90.6 92.9 90.6 94.0 92.7 88.2 92.7 91.1 90.5 89.7 91.0 89.2 89.5 92.9 90.5 95.2 92.6 89.3 89.6 93.6 93.1 89.7 91.1 90.5 90.9 89.3 85.7 86.5 86.6 88.2 87.6 90.6 89.2 91.7 90.8 88.4 87.3 92.6 91.1 90.9 92.0 89.0 82.0 78.2 77.0 83.4 82.4 88.8 84.8 90.4 88.7 87.9 88.3 87.1 89.6 89.2 90.6 89.0 94.6 92.0 92.8
89.8 89.9 92.5 91.5 91.3 92.2 91.9 90.8 93.1 90.4 91.9 90.7 89.4 89.5 89.3 89.5 88.9 88.4 90.2 90.1 91.2 91.4 93.2 91.9 91.9 91.6 91.4 91.6 91.0 93.9 91.6 90.9 90.5 90.9 88.8 89.6 91.8 92.5 91.5 94.2 90.1 90.0 90.3 92.5 91.2 91.2 89.7 90.7 88.9 85.4 87.2 86.9 87.9 87.2 89.8 88.8 89.1 87.9 88.1 90.2 88.8 91.8 93.4 92.0 85.5 82.3 78.5 77.8 81.2 82.4 85.7 84.7 87.7 89.1 87.4 87.8 87.0 89.5 91.2 90.9 92.4 92.9 92.6 90.2
89.9 89.9 93.3 92.5 91.1 92.4 92.9 90.6 92.8 90.3 91.3 90.0 89.7 89.5 91.0 89.0 88.3 90.1 89.9 90.4 93.4 91.2 92.5 91.5 93.3 93.4 92.0 91.1 92.7 91.0 91.1 90.1 88.7 88.8 89.0 90.1 89.8 91.0 88.6 91.5 91.6 91.8 91.8 91.5 91.3 90.3 89.8 89.5 85.8 85.5 85.3 88.2 88.2 88.3 89.0 88.6 90.7 87.5 87.6 92.2 93.6 92.8 91.1 91.6 88.3 84.6 78.9 79.0 80.8 82.6 85.2 84.5 85.9 87.6 86.7 87.0 88.0 90.1 90.0 90.5 89.5 91.7 91.3 90.7
91.1 89.6 90.6 92.5 91.3 92.4 90.8 90.9 90.2 89.6 90.3 88.9 88.0 90.2 88.3 90.0 89.6 91.5 90.7 90.5 91.0 90.3 92.5 91.2 91.5 95.1 92.4 91.5 91.2 90.1 88.8 89.5 88.7 90.2 86.8 90.8 91.0 90.8 88.1 90.5 91.0 91.9 91.8 91.4 88.9 89.4 88.4 87.5 86.4 87.0 86.1 88.8 89.6 87.7 92.1 88.8 89.9 87.4 87.6 92.1 91.7 91.5 91.3 92.7 92.0 88.1 77.2 77.5 80.9 80.4 83.4 82.9 81.9 85.8 86.5 87.8 86.7 88.0 88.9 90.4 90.2 91.9 92.9 91.1
91.0 87.8 93.1 93.5 92.7 92.2 91.3 91.3 91.1 89.6 89.0 90.2 88.1 89.8 88.0 90.2 89.0 91.4 89.4 89.9 91.2 89.5 91.5 92.0 90.0 92.1 92.0 90.8 92.8 90.8 86.3 90.1 88.4 90.7 87.9 90.6 91.1 90.5 86.6 90.1 90.5 91.9 92.5 90.9 90.9 89.4 87.1 86.8 85.9 88.0 86.0 88.3 86.7 87.7 89.5 89.8 89.2 87.1 86.5 91.7 92.7 92.8 93.2 92.4 90.2 90.3 77.7 75.9 78.2 80.0 80.9 83.0 81.6 83.6 86.5 86.1 86.9 88.5 85.7 89.8 90.9 91.6 90.9 92.2
90.6 90.0 92.4 96.1 91.0 88.4 91.7 90.0 89.8 89.8 86.9 87.9 87.2 90.4 86.6 89.6 88.5 88.8 91.7 90.0 92.3 88.4 91.8 91.2 92.2 91.1 91.9 92.2 94.1 91.0 87.5 90.4 89.5 91.0 89.0 89.5 89.8 90.8 86.4 89.3 93.8 92.4 92.7 89.7 92.8 90.7 89.1 86.2 85.2 86.1 87.1 86.4 87.4 87.8 89.8 89.3 88.1 86.8 88.5 92.1 92.9 92.7 93.8 92.0 94.0 90.6 81.8 76.0 81.6 79.1 80.4 82.8 79.3 83.5 86.9 85.0 85.7 86.9 88.6 89.3 88.6 90.8 92.5 91.5
88.5 88.9 92.0 94.2 92.0 91.2 90.7 90.0 90.9 89.7 89.7 88.7 87.6 90.1 88.9 88.8 90.7 87.3 90.6 90.7 89.7 88.2 92.9 91.3 91.5 91.9 92.5 94.3 92.1 91.6 88.3 90.6 88.8 90.0 88.1 90.3 91.4 90.5 88.9 87.9 90.6 91.6 92.1 90.9 88.9 89.2 86.5 84.0 85.4 84.1 85.1 87.0 87.1 88.5 90.4 88.5 88.8 88.0 88.0 93.4 92.3 92.7 92.0 92.4 90.8 93.0 85.2 76.0 77.0 77.8 80.7 81.6 79.1 82.6 85.4 84.1 82.4 86.3 88.6 89.2 90.3 90.9 91.0 92.1
89.3 89.5 91.3 93.5 91.3 91.7 91.2 90.7 91.1 89.8 89.7 88.5 88.7 89.6 88.0 89.6 89.8 89.0 90.4 89.8 89.7 90.0 90.7 91.7 90.3 90.8 91.3 98.4 92.2 92.8 88.9 90.4 88.8 88.9 88.5 90.8 85.6 90.0 90.6 87.2 89.8 90.6 91.0 91.4 89.6 86.9 84.9 83.6 84.5 85.9 86.4 86.7 87.1 88.3 91.6 88.2 87.1 87.5 89.2 94.0 92.9 92.5 91.3 92.3 93.8 91.9 90.8 76.1 78.6 76.4 79.0 81.8 78.4 80.3 84.4 84.6 82.9 86.0 87.5 88.4 89.8 91.0 89.2 93.1
90.4 91.5 90.8 93.5 90.4 91.1 91.4 87.6 88.0 89.0 88.8 88.1 88.4 89.1 87.5 89.2 89.6 89.5 91.6 90.2 88.7 89.3 91.4 92.0 91.8 90.4 92.8 94.1 91.9 91.7 92.5 89.6 88.6 88.8 89.2 89.8 90.4 89.6 92.3 87.2 89.3 89.2 92.6 89.4 87.1 85.0 83.4 83.0 82.1 85.7 85.8 87.6 86.7 89.0 89.4 89.1 89.8 88.8 90.1 94.2 94.7 92.7 93.5 92.5 91.6 89.8 89.7 81.2 78.9 76.7 78.3 78.9 77.7 78.9 83.4 85.2 84.1 84.6 90.4 87.6 87.9 89.6 89.7 90.7
89.4 90.1 90.9 93.0 90.9 91.2 91.6 87.1 85.6 88.8 89.6 88.3 88.4 88.1 88.5 88.7 90.0 89.1 91.2 90.5 95.4 89.4 90.8 90.7 91.5 92.1 91.3 92.9 91.3 91.4 93.2 89.6 87.9 88.3 88.6 88.4 87.7 90.2 88.7 88.4 87.6 88.7 89.3 87.4 87.4 83.0 83.0 81.9 82.2 84.9 85.8 87.8 87.1 89.9 90.2 88.4 88.1 89.4 90.3 92.4 91.7 92.6 92.5 92.9 93.0 89.3 90.1 84.5 77.7 77.3 77.5 77.3 77.6 82.6 82.5 84.5 83.9 84.1 85.9 87.4 89.0 89.1 89.3 89.5
88.7 89.2 90.0 92.6 90.9 92.4 91.0 88.6 89.8 88.7 87.3 88.1 88.3 88.7 88.1 89.8 90.7 89.2 91.1 90.4 91.2 90.4 90.0 90.7 92.5 92.5 91.8 93.9 89.8 90.2 88.9 88.9 86.9 89.2 88.8 88.1 86.6 90.4 89.0 90.1 89.3 88.4 87.8 87.4 86.6 81.7 81.8 82.3 83.9 85.9 86.1 88.1 87.9 88.4 89.7 88.3 89.2 89.0 91.7 92.1 93.3 91.6 91.6 92.2 93.6 90.6 90.3 86.3 79.5 78.0 75.7 76.9 76.6 80.8 82.0 85.2 84.1 80.2 86.4 87.0 87.5 88.2 89.0 90.1
89.2 89.1 90.6 93.5 91.8 91.1 90.0 89.1 88.5 88.8 87.6 88.6 88.5 89.2 87.7 90.7 90.6 89.0 90.8 88.8 92.3 89.3 90.9 90.5 89.0 92.5 92.4 93.4 91.8 90.8 90.6 88.6 88.5 90.7 88.0 87.1 86.7 88.8 88.7 89.8 89.0 87.4 87.7 85.2 83.0 81.2 81.9 81.9 84.6 85.6 85.8 87.8 88.1 89.3 87.1 88.8 88.6 88.7 93.7 92.4 90.7 92.4 93.2 91.8 91.3 91.1 89.9 84.5 75.4 78.8 76.4 76.3 76.2 79.2 80.2 85.4 85.0 83.6 86.3 86.3 87.0 87.3 88.5 89.5
89.3 89.5 88.6 92.5 90.4 90.7 87.6 88.5 87.6 88.6 86.5 88.6 86.3 89.3 87.2 89.7 90.5 88.2 93.5 88.6 91.1 89.6 91.3 89.3 90.5 92.5 95.0 93.0 90.3 91.3 88.8 90.0 91.2 91.2 87.3 88.1 87.5 87.1 86.5 88.0 86.0 86.8 88.1 83.3 82.7 81.8 82.2 81.4 83.7 84.6 86.4 88.4 89.4 88.9 87.7 89.2 87.0 90.0 91.6 92.4 94.1 92.9 91.4 91.5 90.6 91.1 88.7 85.6 79.8 79.0 77.5 76.4 75.5 77.6 79.4 82.4 84.5 86.8 88.2 87.4 87.6 86.7 87.5 88.0
87.3 89.5 89.2 90.2 89.5 90.6 90.5 88.7 88.5 88.4 87.9 87.9 86.5 88.8 88.1 88.9 89.9 88.7 92.1 89.0 90.6 90.7 89.8 89.1 90.5 92.7 91.7 93.3 91.8 91.8 87.0 92.0 92.9 91.9 91.2 90.4 86.8 86.2 84.6 87.4 85.3 86.1 86.3 81.5 82.1 82.1 82.5 81.3 83.5 85.5 87.8 88.7 87.3 88.3 87.2 87.9 88.4 91.0 89.9 93.4 90.3 92.7 93.2 90.8 93.0 90.6 89.3 87.6 80.6 78.1 77.0 77.2 77.5 77.3 78.6 80.6 82.5 87.0 84.5 83.4 86.0 86.6 86.6 86.9
89.6 88.6 90.0 90.5 92.0 90.3 91.6 87.7 87.4 87.9 88.1 87.7 88.1 87.5 86.6 89.0 93.0 90.0 90.5 89.5 90.5 90.2 90.5 90.8 91.5 93.5 93.1 89.2 92.0 92.8 90.0 93.4 93.3 92.2 91.7 91.4 86.3 85.8 82.2 85.7 86.5 84.8 84.7 81.4 84.0 81.6 85.8 81.6 84.2 86.0 89.4 87.3 87.0 85.9 85.9 88.3 88.6 91.2 92.2 93.6 92.3 92.3 92.0 91.6 89.8 91.1 91.0 88.6 83.3 76.7 76.4 78.2 78.4 78.3 77.9 80.7 81.0 84.2 86.6 83.3 84.3 84.7 87.1 86.7
87.2 88.4 89.2 92.3 93.4 91.1 91.9 86.8 87.4 89.5 88.2 87.7 87.1 86.2 86.4 89.5 89.8 91.0 88.5 89.0 90.9 89.9 94.3 90.5 92.4 94.0 93.8 90.2 91.9 92.1 95.5 91.1 93.0 92.3 91.5 91.1 88.9 84.8 81.0 83.9 82.3 84.3 83.9 81.7 83.2 82.4 83.2 82.8 84.2 86.5 87.5 87.7 87.2 85.8 88.2 88.6 87.0 91.4 94.3 92.6 92.0 91.9 89.1 91.1 91.8 91.8 89.0 89.3 89.7 78.0 75.0 77.1 79.3 77.6 78.6 79.7 81.7 85.4 86.5 84.9 87.6 85.9 87.5 87.4
91.6 89.2 88.8 90.6 89.6 89.9 91.7 86.8 89.6 90.2 88.2 86.5 85.4 85.0 87.9 90.7 87.5 90.2 88.2 89.4 89.7 91.1 91.9 92.0 93.2 93.4 94.0 92.2 90.9 91.6 90.0 93.0 91.6 93.3 92.4 91.4 89.7 84.7 85.2 82.7 82.0 84.0 82.0 84.2 83.0 83.5 84.3 84.7 85.5 85.1 86.3 86.6 88.4 87.3 89.5 87.5 88.3 92.2 94.2 92.6 93.7 91.5 92.5 91.0 87.9 91.7 89.0 89.9 89.9 79.7 73.9 74.7 78.0 78.3 79.7 79.1 81.2 84.3 83.8 84.6 84.9 86.6 85.0 87.6
88.9 89.0 89.5 90.1 92.5 91.0 92.8 86.0 85.6 86.9 88.6 84.0 88.4 86.5 86.6 88.9 87.7 89.7 90.1 90.0 88.9 91.6 90.1 92.3 93.1 94.5 94.7 94.9 92.2 90.3 93.0 93.0 91.7 93.4 91.6 92.0 88.7 87.7 84.7 81.3 84.2 85.6 85.5 85.6 84.7 84.1 86.4 86.5 87.2 88.9 87.1 86.0 86.4 86.8 90.6 87.1 91.5 91.0 94.3 91.7 92.6 90.8 91.2 90.6 90.8 90.7 80.6 89.2 88.8 80.8 72.1 74.7 79.1 79.5 76.2 79.2 81.1 83.2 84.9 84.4 84.1 86.6 83.7 86.3
86.9 89.6 88.3 90.3 92.3 90.6 91.7 86.1 89.3 86.4 86.5 88.8 87.3 87.0 86.6 88.5 90.2 89.4 89.5 90.0 89.6 91.9 91.8 92.8 93.2 93.7 93.4 94.3 94.2 92.7 89.4 92.4 93.4 92.7 92.4 90.9 90.3 89.4 86.0 80.7 84.6 87.3 86.0 87.1 86.4 85.9 85.7 88.0 89.8 88.3 87.8 86.7 88.8 86.8 91.1 86.3 87.6 90.6 91.4 92.5 97.2 92.1 91.0 90.4 87.9 91.2 88.7 89.5 92.4 82.9 74.2 74.9 79.1 79.2 79.1 78.7 81.3 82.1 79.8 84.2 84.5 84.9 84.9 85.8
89.3 90.1 88.8 89.2 92.0 90.2 93.5 85.9 86.2 86.3 84.7 87.0 86.9 86.2 87.2 87.8 86.7 88.6 89.4 90.0 89.6 93.3 92.6 91.6 93.4 94.0 94.8 93.2 99.0 93.8 97.8 92.8 92.1 90.8 91.8 91.4 92.1 89.4 87.3 83.2 85.1 87.9 88.2 89.5 87.5 87.7 89.3 89.1 88.7 90.0 84.0 86.8 88.1 87.3 87.7 86.4 89.9 91.4 91.8 92.0 93.4 93.8 89.9 89.8 89.4 91.1 89.6 90.4 92.0 85.0 79.8 75.1 77.2 78.2 82.3 80.2 81.8 82.3 82.0 84.9 85.1 85.2 86.6 86.2
