surveys/_q10_1/matrix_q10_1s4.txt
north:            -502.50
south:           -1197.50
east:             2697.00
west:              -93.00
rows:                 141
cols:                 279
null:              -999.0
[rows 0 to 37 of 141, columns 168 to 251 of 279]
102.8 112.2 105.1 100.6 95.8 98.0 94.4 95.7 86.8 86.3 84.2 87.4 73.3 81.6 80.8 86.4 85.3 87.8 85.3 81.1 84.4 77.7 72.5 77.1 85.0 91.0 73.8 78.2 85.9 90.3 92.5 94.1 83.5 89.0 86.1 88.5 90.3 92.0 93.1 96.5 91.6 89.7 86.5 90.8 88.0 89.2 86.2 86.0 84.0 87.1 84.4 94.6 94.7 95.6 88.1 93.0 106.0 115.8 103.4 113.4 103.2 98.8 96.0 91.8 86.7 89.1 83.9 84.1 83.6 88.4 84.2 83.4 90.2 81.9 79.1 69.5 71.5 78.6 86.6 85.6 82.2 82.5 78.5 75.5
102.0 112.4 111.4 100.1 96.4 98.5 93.8 95.9 90.0 86.1 85.0 87.2 80.3 81.6 80.2 86.2 86.0 88.0 86.0 81.2 85.2 78.0 72.4 78.3 85.0 90.9 74.0 78.1 86.1 90.3 90.8 93.9 82.9 89.9 85.7 88.3 89.4 92.4 94.3 96.6 91.5 90.1 86.7 90.8 87.0 89.9 85.5 87.8 89.6 87.2 84.0 94.6 95.4 95.6 89.5 93.0 104.3 115.8 103.4 113.2 102.5 98.7 96.9 91.6 86.6 89.1 83.9 84.4 86.6 88.2 83.7 83.8 89.0 82.2 79.1 69.5 71.5 79.0 86.3 85.6 82.2 82.4 77.6 75.5
105.9 112.5 111.1 105.4 97.4 101.1 97.9 95.8 91.6 89.3 88.4 87.4 83.6 82.9 83.4 88.8 89.7 90.5 86.8 81.0 85.7 82.4 75.6 80.1 88.6 93.6 73.2 80.3 87.3 92.0 93.2 97.1 86.7 92.2 88.9 91.8 93.0 94.8 91.9 98.3 93.4 92.3 88.8 92.0 91.4 94.2 92.0 87.6 91.5 89.7 88.8 97.0 96.4 96.9 89.7 93.0 103.2 115.2 103.4 112.7 105.9 102.4 102.0 94.8 87.2 89.5 86.1 84.6 88.9 90.3 86.8 85.0 93.3 85.0 82.5 70.8 74.1 81.3 88.7 86.4 84.3 84.4 80.3 74.6
111.5 113.7 111.5 105.6 100.6 102.4 100.3 97.5 97.3 92.0 91.3 87.3 82.6 85.5 85.0 88.2 94.4 92.4 87.7 86.5 89.4 83.5 76.4 82.2 91.3 94.1 76.7 82.8 89.9 95.4 96.0 99.5 89.4 93.8 91.0 93.2 96.2 100.8 96.6 101.4 95.3 94.1 90.1 94.0 95.1 94.8 95.4 95.0 94.1 93.1 90.7 99.0 97.7 97.7 91.7 92.7 104.1 114.9 102.7 110.5 108.8 106.0 104.2 94.5 87.8 89.8 88.0 86.5 94.5 90.5 86.8 87.4 94.1 86.7 82.8 73.8 75.5 85.1 88.9 86.7 82.0 84.7 79.6 72.2
115.2 112.3 114.6 108.8 103.1 106.8 102.3 101.6 98.1 98.9 92.5 93.8 87.9 88.9 89.1 92.6 96.8 97.1 90.9 87.6 91.5 85.5 76.7 85.7 93.7 96.5 82.1 86.1 91.7 98.4 99.5 101.7 93.6 96.6 93.1 95.9 99.8 104.2 98.6 103.4 97.6 95.5 90.8 93.4 95.7 98.7 97.4 97.5 97.0 96.5 93.7 101.8 99.8 100.4 94.0 92.5 106.1 112.7 103.8 108.7 110.8 107.4 101.2 95.7 88.5 91.0 91.8 87.7 96.0 92.2 89.8 88.9 95.5 89.3 85.8 76.3 80.8 85.0 90.2 87.8 85.2 84.5 80.1 72.1
116.4 116.0 116.1 111.6 104.5 109.5 107.3 104.7 102.5 98.3 93.7 98.0 88.6 92.3 90.4 95.6 98.9 95.4 95.9 89.1 95.9 86.3 81.6 88.2 97.7 99.9 87.6 89.8 94.6 99.9 102.4 103.5 97.3 98.2 95.3 101.3 98.9 105.2 105.9 105.4 98.2 98.4 93.6 98.9 101.1 98.1 97.6 99.8 101.5 99.4 97.7 104.4 101.8 102.6 94.6 94.0 104.8 111.2 112.1 110.7 110.4 107.9 108.8 99.0 88.7 91.6 91.8 91.2 99.7 95.8 91.3 91.9 97.0 93.2 90.1 80.2 83.8 90.4 93.2 89.7 87.3 83.5 79.7 73.7
118.8 122.7 118.3 113.7 108.1 111.7 111.0 104.7 104.9 103.9 98.1 104.5 94.4 97.4 93.5 96.1 102.3 97.0 96.2 93.4 100.4 91.8 83.6 93.8 101.5 102.6 89.2 90.3 97.4 103.0 104.3 105.6 99.5 101.4 98.8 104.4 101.4 108.8 108.5 109.4 100.9 101.0 95.1 100.6 104.5 102.6 102.7 104.3 104.2 102.0 100.5 108.6 103.6 104.4 97.2 95.4 106.9 110.0 110.0 111.8 112.7 111.0 108.6 101.3 89.9 93.7 93.4 94.9 102.2 97.7 92.3 98.1 99.7 93.9 88.7 82.1 83.3 92.7 95.2 90.4 86.6 84.9 78.5 74.1
119.2 122.7 122.2 118.7 110.6 115.3 110.7 106.7 108.5 108.3 103.1 106.9 96.4 100.1 99.6 97.0 103.8 98.4 100.7 95.8 101.9 93.7 87.4 96.7 101.9 107.0 93.2 94.8 100.6 105.1 104.9 105.7 102.2 103.2 103.4 107.0 103.6 112.1 111.4 112.6 105.1 105.2 98.8 102.0 106.7 106.3 105.2 106.8 106.6 104.3 103.1 109.7 104.3 106.1 98.8 96.0 106.9 108.0 111.7 114.9 113.8 113.4 111.9 102.7 91.4 94.9 99.0 99.6 105.8 102.8 91.4 99.3 100.8 96.3 93.0 84.2 86.4 95.1 98.0 94.1 93.1 88.6 79.4 74.9
120.1 121.0 118.0 120.9 113.4 112.3 112.2 109.9 108.5 110.5 106.4 105.9 100.5 102.2 102.1 99.0 105.0 102.2 102.8 99.4 102.5 98.7 89.7 97.8 103.9 109.1 96.8 99.8 102.5 105.9 107.7 109.7 105.2 105.4 105.9 111.6 108.1 112.5 114.6 115.0 106.8 107.6 100.3 104.2 104.8 108.6 107.8 109.1 109.7 107.5 107.4 111.7 107.6 110.1 100.4 98.4 108.0 108.9 112.3 116.9 114.8 116.1 110.5 105.2 93.2 96.7 97.0 101.1 107.1 104.7 94.8 100.1 104.0 99.2 94.3 86.7 88.1 98.5 98.6 96.0 93.1 89.5 77.5 77.1
121.2 121.9 121.0 123.0 118.1 115.7 113.1 113.7 112.2 110.1 110.8 108.4 103.8 104.9 103.8 110.4 117.8 110.5 98.7 100.7 104.1 102.0 92.3 100.6 106.6 111.2 98.6 102.8 106.7 106.6 108.2 112.6 107.0 107.1 109.4 115.1 115.4 113.5 119.9 117.5 111.7 109.0 103.1 105.2 105.0 110.1 110.6 112.2 112.3 110.2 109.7 118.0 110.7 111.1 106.0 101.1 104.6 111.8 118.0 118.2 115.7 117.2 109.6 107.0 94.4 97.0 98.5 101.7 109.0 107.6 96.6 101.7 96.4 101.6 94.9 90.1 92.2 100.9 102.4 98.9 96.1 92.1 81.4 81.1
122.1 122.4 120.6 124.3 116.5 119.6 118.2 115.6 114.0 108.6 109.8 111.3 108.6 106.0 105.5 124.6 124.0 126.0 117.9 100.3 108.7 106.9 98.0 102.2 107.9 114.5 103.1 104.9 110.2 107.8 114.2 114.4 114.4 110.3 112.9 117.9 111.7 115.9 121.5 119.2 115.1 114.5 106.5 106.7 102.5 111.6 113.9 113.8 115.0 112.0 112.9 116.6 112.8 113.9 105.9 104.9 104.9 113.6 118.6 119.5 116.1 119.3 107.8 111.3 94.9 100.3 101.9 107.2 111.5 110.0 106.3 103.7 104.8 101.9 96.4 91.4 92.7 103.2 103.2 101.3 98.9 94.3 89.0 83.9
122.4 122.6 122.0 123.0 121.4 121.7 123.9 118.4 115.2 111.6 112.6 114.4 111.5 105.2 113.4 126.2 126.7 127.8 124.9 101.7 109.7 106.7 101.0 103.9 111.1 116.0 107.3 107.7 111.1 111.1 114.4 115.1 115.8 114.3 114.6 119.0 121.9 120.6 123.1 119.4 118.0 118.6 112.0 107.8 110.1 114.7 116.5 115.2 116.6 114.3 114.3 115.8 113.6 116.8 109.4 107.1 105.4 116.3 120.7 120.1 116.1 119.0 106.6 115.5 117.3 103.9 103.5 108.3 115.0 114.6 106.6 105.8 108.3 105.7 97.4 94.3 93.3 105.1 106.9 105.2 100.5 94.5 87.6 86.9
122.2 122.9 121.8 121.4 125.3 123.2 118.9 122.0 118.5 114.7 117.7 116.8 111.9 108.0 127.9 127.1 129.3 127.5 131.4 117.7 107.7 107.0 102.9 105.0 113.6 117.4 110.5 111.0 116.8 114.4 116.8 117.4 119.2 115.8 116.0 118.4 120.3 123.7 122.7 118.6 119.8 119.6 113.1 112.0 113.4 117.8 119.4 119.4 118.4 118.2 116.3 117.2 117.1 117.6 111.9 109.2 109.8 118.1 125.3 121.3 118.1 122.1 104.9 108.1 134.5 133.7 126.8 120.6 118.0 115.8 109.7 107.6 108.3 109.2 106.6 97.8 96.5 109.5 111.3 109.5 106.8 98.0 91.8 88.8
123.6 126.9 124.0 123.0 122.9 123.4 124.7 124.3 123.4 117.5 121.1 118.4 117.4 123.9 131.5 126.9 129.5 127.8 129.6 127.1 111.3 105.8 106.7 107.6 113.7 119.8 111.4 113.5 117.0 115.1 118.6 119.5 119.1 117.6 122.5 119.2 121.3 124.5 126.2 120.5 120.6 120.1 116.8 114.6 114.0 121.8 121.7 120.3 120.6 122.2 117.7 120.8 118.6 118.2 116.9 111.1 112.7 120.8 128.9 117.7 120.2 119.0 103.5 111.8 136.1 136.9 139.0 128.6 119.3 116.9 111.8 110.6 111.8 110.9 102.4 98.6 94.2 113.7 112.9 112.1 109.8 101.3 96.0 91.1
125.6 126.7 125.0 126.3 124.4 126.2 124.2 124.6 126.1 124.7 124.6 124.8 119.6 131.1 133.9 127.9 126.3 127.9 130.3 130.5 120.2 124.9 105.0 114.9 116.0 120.5 114.4 115.2 114.5 120.4 121.8 121.1 121.2 120.5 123.3 121.0 121.5 125.0 124.7 122.8 121.7 121.0 120.1 117.2 114.5 122.6 123.9 122.5 122.9 121.6 122.7 122.3 120.5 121.7 119.3 113.8 113.7 121.3 128.1 120.2 122.8 118.8 100.2 136.0 138.0 138.3 138.8 135.2 119.4 119.7 113.7 113.2 114.1 115.3 105.1 102.8 102.0 115.7 116.6 114.5 114.3 105.1 95.1 93.3
132.5 129.9 129.9 129.7 130.6 131.3 130.3 129.0 130.6 130.0 131.1 129.8 132.0 133.7 136.5 127.6 126.6 127.3 130.6 132.1 131.5 127.6 125.4 125.8 126.0 126.0 124.4 124.2 123.7 130.0 124.1 123.7 121.2 124.5 122.1 122.9 122.7 127.2 123.4 127.0 120.8 123.6 119.5 123.7 120.1 127.0 124.7 123.1 123.6 124.4 124.5 122.7 121.7 122.8 120.7 114.3 115.5 119.4 130.2 124.8 124.9 120.8 98.0 139.5 137.2 138.9 138.6 142.6 121.0 120.1 119.0 110.9 116.4 116.7 109.1 103.7 106.1 116.6 124.3 116.9 114.5 105.9 97.7 95.1
130.6 131.1 130.0 130.8 131.3 131.4 132.3 130.8 130.3 130.6 129.3 131.9 133.5 135.4 131.1 127.6 127.7 126.4 127.0 132.2 129.4 130.6 128.4 130.6 127.9 128.6 128.7 127.9 128.5 129.6 128.4 130.1 129.0 129.0 130.9 130.1 130.3 129.0 130.6 130.8 131.9 130.3 131.1 132.1 134.0 130.1 133.1 131.0 129.0 128.3 125.4 126.2 126.6 125.2 120.3 117.8 117.2 127.4 132.0 128.6 127.5 123.3 117.6 141.1 137.0 139.6 139.2 140.1 132.7 119.8 122.9 111.8 119.9 121.6 111.1 104.6 103.5 117.2 120.0 119.9 115.6 107.9 101.9 97.3
135.4 131.0 132.2 132.0 130.3 133.0 130.8 130.4 128.3 131.0 130.5 132.9 131.4 135.9 132.5 128.6 129.7 126.0 127.6 131.6 132.9 131.4 130.8 128.4 129.0 130.5 127.9 128.5 127.2 129.4 130.1 130.2 129.8 129.8 129.8 130.8 130.3 130.8 131.9 133.9 133.0 133.1 132.9 132.9 135.5 130.8 133.0 131.6 132.7 132.5 134.2 131.9 134.3 131.8 134.7 130.9 128.9 133.9 133.3 132.9 129.2 134.4 143.7 141.4 138.6 140.8 139.0 139.8 138.6 128.6 131.5 118.3 125.9 127.1 125.1 107.6 111.8 122.9 122.8 121.9 118.6 111.7 99.9 100.8
129.2 130.3 132.8 130.2 131.7 133.2 131.6 129.9 130.4 130.2 128.7 129.8 133.4 134.5 130.9 126.9 127.9 124.5 126.7 130.8 130.6 130.2 128.7 130.8 129.2 129.3 128.0 127.1 128.7 131.2 130.3 130.3 129.1 130.0 129.2 132.2 131.0 130.9 131.9 132.1 134.3 133.8 133.2 133.6 132.6 132.0 133.1 132.3 131.1 132.9 134.8 133.7 132.4 132.9 134.2 132.0 131.9 136.1 134.3 134.3 140.7 138.9 142.3 140.6 139.5 140.1 138.8 139.8 142.5 136.1 135.4 136.0 135.8 139.6 132.9 135.2 128.4 133.8 137.9 135.3 132.4 132.9 129.7 129.3
130.4 117.5 131.7 122.6 132.4 108.9 129.4 108.0 128.6 122.7 129.7 128.2 131.3 131.0 130.1 116.0 127.0 114.1 125.0 129.0 129.9 127.6 128.8 125.5 129.2 128.8 129.0 124.0 128.3 129.6 129.0 128.6 128.9 128.6 130.1 130.5 131.9 131.5 130.1 132.7 133.5 133.3 135.3 134.5 136.6 132.2 133.4 133.9 134.2 133.5 133.0 133.6 135.4 133.0 132.3 135.7 132.7 131.5 134.7 134.3 137.9 141.5 144.8 140.1 138.8 139.1 139.1 140.1 142.7 142.2 141.0 138.2 140.5 137.0 140.4 139.8 136.8 139.4 140.9 140.6 140.0 144.9 138.0 139.4
53.4 87.0 86.6 76.5 70.1 82.8 78.6 79.2 105.0 81.9 113.9 74.0 127.1 96.8 120.9 62.7 113.0 84.8 122.3 118.7 121.2 121.3 126.6 120.9 129.4 120.5 129.1 122.8 130.5 120.0 128.2 96.1 127.4 121.6 129.9 121.2 132.8 122.1 130.4 130.1 132.6 129.7 133.8 131.9 131.8 133.2 132.2 133.2 133.6 131.3 132.7 133.1 133.6 132.8 133.2 133.4 132.5 133.7 133.8 134.1 137.3 140.2 143.1 137.7 138.5 138.8 138.0 141.3 140.7 141.8 139.3 139.0 135.3 137.2 138.8 140.1 139.4 139.2 140.4 140.4 140.6 139.8 140.8 141.8
53.5 59.5 66.4 67.9 66.7 70.7 66.8 64.1 71.6 61.8 72.6 70.9 72.3 66.7 52.0 56.0 55.3 60.9 55.5 65.0 79.1 88.4 78.3 76.5 79.3 82.3 79.2 85.5 85.1 104.4 90.1 91.7 95.1 90.9 88.8 91.2 95.4 103.9 129.7 102.0 131.9 125.9 130.4 124.4 128.7 126.8 132.0 126.0 131.3 125.8 130.0 131.8 135.0 130.2 129.7 129.5 132.2 121.3 135.3 133.1 134.8 138.4 139.4 136.7 136.0 138.0 138.8 140.1 141.4 141.1 139.9 138.1 138.3 138.3 141.7 140.4 140.3 139.0 140.2 140.6 141.2 142.0 141.2 142.2
57.1 58.6 61.4 65.1 71.5 71.4 67.6 61.7 61.7 63.2 64.8 64.0 65.6 60.8 56.6 55.2 62.0 65.5 56.0 58.0 66.8 71.4 66.8 72.2 77.2 77.4 80.1 82.0 84.8 84.1 85.4 87.3 88.4 86.8 87.6 82.0 87.8 89.5 92.4 89.9 89.6 94.1 89.3 89.2 99.1 93.7 86.2 91.3 90.6 92.4 125.7 120.3 115.8 120.4 119.8 94.5 127.5 87.1 132.0 128.4 132.9 135.8 140.1 132.8 136.5 135.0 135.8 137.3 143.1 138.7 137.9 136.8 137.9 136.5 139.6 140.3 141.1 138.4 140.0 141.5 139.5 142.1 140.5 141.9
59.5 60.8 61.7 64.9 77.8 71.4 69.1 60.3 63.2 64.8 62.5 65.6 66.5 60.2 52.6 58.4 65.4 67.7 56.3 57.0 68.3 70.7 71.4 73.1 77.3 78.5 80.1 80.7 81.6 79.0 86.7 86.1 87.4 86.0 87.3 86.4 88.9 88.5 89.6 88.9 93.0 88.2 89.7 89.5 88.2 89.2 86.3 88.9 90.2 89.1 87.7 88.7 100.0 89.9 107.7 85.3 95.1 84.8 87.3 87.4 118.8 119.6 114.8 119.5 131.4 122.7 130.9 131.6 143.7 108.8 137.2 102.0 138.3 135.1 138.6 138.0 141.3 133.6 138.8 141.6 140.6 135.9 140.8 137.2
62.9 63.0 61.9 68.5 73.2 73.3 66.0 62.1 65.5 66.8 69.1 68.1 65.3 64.4 57.9 61.0 70.6 72.7 58.4 60.0 63.1 70.2 72.5 75.0 77.9 79.8 81.1 81.6 84.7 81.5 84.8 84.4 86.5 85.2 89.4 86.2 88.1 88.9 90.6 87.2 89.7 88.4 86.3 87.8 89.3 87.9 89.1 90.4 90.9 88.7 88.2 88.5 85.5 89.4 84.9 83.7 84.0 84.4 86.7 82.3 88.2 87.0 85.7 95.8 90.1 91.4 86.3 110.9 93.1 91.8 87.4 86.0 87.8 89.7 85.6 123.8 94.3 88.2 96.7 129.1 126.1 116.4 138.0 127.1
65.3 66.4 66.0 70.2 77.0 72.5 67.5 63.3 71.0 69.7 73.9 71.6 68.2 68.2 59.9 63.1 73.8 73.8 61.3 62.2 64.8 70.3 73.4 77.2 78.2 80.8 84.2 82.5 83.7 82.3 83.5 83.4 86.5 84.6 86.6 85.8 88.8 87.2 88.9 86.9 89.3 88.0 88.5 87.5 89.5 89.8 90.3 89.6 92.3 88.9 88.6 89.3 85.8 87.8 87.1 83.4 85.1 83.9 83.0 84.2 82.8 81.3 82.2 84.3 81.8 85.2 88.8 89.5 87.0 87.9 86.3 90.6 87.7 87.2 84.8 87.3 82.3 87.0 83.7 88.0 96.0 91.4 87.0 92.4
68.2 68.4 69.6 71.4 75.9 72.6 66.5 63.4 73.6 73.9 76.4 73.1 71.2 72.5 66.7 70.8 79.3 72.8 61.6 65.4 69.9 71.3 75.6 79.1 79.6 79.9 83.0 82.1 82.1 82.7 87.4 85.2 86.1 84.1 87.7 86.0 88.9 87.9 89.9 89.6 89.0 88.3 87.2 87.1 89.0 89.0 88.2 89.5 90.4 87.8 91.2 89.1 84.8 88.1 84.5 82.6 80.6 83.9 83.4 82.3 82.9 81.1 83.6 81.1 86.0 83.4 83.1 86.9 89.6 89.1 85.9 91.2 89.0 91.3 87.8 86.4 85.5 85.7 83.5 84.1 84.9 85.4 89.9 88.5
67.0 69.2 70.8 73.7 77.4 75.6 68.2 67.1 75.6 78.1 77.7 77.9 77.8 74.8 68.1 75.7 78.3 68.5 63.4 68.3 71.7 76.1 76.8 81.2 80.7 80.0 82.1 82.1 84.2 83.1 89.0 87.0 83.7 83.6 88.0 85.8 91.3 87.5 90.7 89.9 94.8 89.8 88.8 87.9 87.6 88.1 89.4 88.4 89.8 88.5 89.8 88.9 85.2 87.8 85.2 82.9 83.7 81.6 80.9 81.0 81.6 79.8 79.9 81.5 76.9 82.8 84.4 87.1 88.0 91.8 89.9 90.7 86.4 88.0 87.0 86.7 86.6 86.5 84.4 87.4 87.4 88.4 84.9 87.5
68.6 70.2 74.4 74.6 78.4 72.6 67.8 71.5 78.4 81.0 80.9 80.7 80.0 75.9 74.5 79.2 77.9 66.7 67.6 68.7 74.7 77.6 78.2 82.2 88.1 80.9 84.3 82.5 84.2 82.0 85.0 83.4 90.0 86.2 88.8 86.7 86.9 86.8 91.2 88.9 93.2 87.3 89.6 89.1 89.5 87.8 88.4 88.3 87.8 87.5 89.8 87.9 86.7 87.1 86.7 83.2 83.2 81.2 79.0 79.8 81.0 78.5 78.7 80.5 82.5 82.7 83.2 85.8 86.1 87.7 88.2 89.3 87.5 90.0 86.3 86.7 84.7 84.9 86.1 86.4 83.4 89.2 83.9 89.1
70.2 73.5 78.2 75.9 78.4 71.1 68.0 75.6 82.1 81.8 81.4 80.9 76.0 79.8 80.8 79.0 77.3 66.2 67.8 71.5 76.9 78.8 82.1 78.1 84.0 81.2 85.8 81.3 83.4 82.4 86.0 82.8 84.3 85.8 86.8 87.4 87.9 87.0 91.0 89.2 86.8 87.8 89.3 90.4 89.0 88.2 88.6 88.8 90.2 87.3 87.8 87.6 90.3 88.9 84.2 82.6 84.7 82.3 81.2 79.7 80.5 78.6 79.0 77.7 83.1 81.8 84.4 84.8 85.2 88.8 89.1 89.8 87.9 89.2 86.1 86.6 83.9 85.7 85.5 85.4 86.2 85.7 86.5 84.2
73.3 75.2 78.6 78.2 79.9 71.4 72.4 79.4 81.8 82.1 83.9 84.4 80.0 81.8 82.7 79.4 79.5 69.5 70.9 74.7 75.8 78.2 80.5 80.2 80.3 81.6 82.7 81.4 86.2 83.3 82.3 83.9 84.0 86.6 84.3 84.8 85.9 85.5 88.1 87.2 89.7 88.0 89.3 90.1 89.1 88.5 88.7 89.2 89.5 88.4 87.4 87.1 88.9 88.2 83.8 83.2 79.5 83.3 82.1 79.3 81.1 79.5 80.3 80.8 80.3 81.8 84.0 84.4 87.1 88.3 88.0 90.5 88.4 89.7 87.2 86.3 83.9 88.2 87.2 85.4 86.2 85.6 85.3 86.8
75.7 79.5 79.3 80.4 77.8 74.6 78.9 83.4 80.5 82.2 80.1 81.6 84.6 82.8 82.0 77.0 80.2 71.4 73.0 76.1 77.9 76.5 80.9 80.9 80.6 82.2 83.8 82.0 86.2 84.6 82.9 84.3 86.2 85.4 90.7 84.9 86.8 88.1 85.3 88.4 91.4 87.7 88.8 89.3 88.9 86.7 89.7 88.7 90.1 88.3 88.2 86.5 87.6 86.9 85.6 83.5 81.2 83.3 84.3 79.6 79.7 81.7 83.2 80.9 81.2 83.7 83.4 84.3 85.0 89.1 88.1 88.6 89.7 89.8 87.4 84.5 85.5 83.9 88.2 85.1 88.0 86.6 86.4 89.9
81.6 81.8 83.2 80.0 79.5 79.9 82.1 84.8 83.4 81.5 86.2 80.6 84.1 81.8 84.4 77.3 82.1 73.7 75.4 77.0 80.2 77.2 79.3 80.8 82.8 80.5 82.0 81.8 80.9 84.8 83.5 84.8 84.4 84.6 83.5 86.2 85.5 89.1 87.3 86.9 91.4 86.5 88.1 89.5 87.7 88.0 88.6 87.9 90.7 88.2 89.0 88.2 88.6 89.4 86.7 83.4 82.9 82.2 80.7 81.7 80.7 80.7 81.5 82.1 81.4 84.3 84.2 85.1 85.1 88.3 88.6 87.7 89.3 90.2 86.9 86.4 85.1 84.9 86.0 87.6 87.9 88.1 86.8 89.1
86.0 80.8 81.3 80.9 76.1 82.7 84.5 86.3 84.3 83.1 84.6 83.6 80.6 81.7 84.2 77.7 82.0 81.1 78.2 78.3 79.0 77.7 79.7 80.6 79.5 80.6 81.2 80.9 87.3 85.2 82.4 86.0 82.9 85.3 85.3 86.6 87.2 87.7 88.0 87.6 91.2 87.8 88.1 89.7 89.8 87.3 89.3 89.5 89.9 88.9 88.6 87.4 87.2 90.6 84.2 84.4 82.9 81.1 81.6 84.7 82.1 82.8 84.0 82.0 82.0 84.7 85.2 85.2 87.3 87.2 87.7 89.7 89.3 88.7 86.9 86.6 86.6 85.5 86.8 88.0 84.6 87.9 87.8 88.5
86.8 82.9 84.1 81.4 76.0 84.8 89.7 87.8 86.1 83.9 85.8 84.7 81.2 82.8 84.0 76.9 86.3 82.5 78.6 78.2 75.4 76.8 79.7 79.5 79.2 80.6 80.4 82.2 85.0 84.1 83.9 83.6 84.4 85.9 84.3 86.4 88.5 88.5 89.2 91.0 87.8 86.0 88.8 88.7 89.0 87.2 90.0 90.2 92.2 89.6 89.1 87.4 88.4 87.0 81.7 86.0 83.1 83.6 81.8 85.9 84.2 82.3 82.5 83.4 84.1 84.9 86.3 85.4 93.4 87.8 93.6 90.6 87.5 87.9 87.9 87.0 87.0 85.7 87.8 88.6 86.5 87.3 85.8 87.6
88.5 84.4 86.6 82.3 82.0 86.8 87.2 86.7 86.9 84.3 84.4 83.4 82.9 81.8 80.6 84.5 86.0 84.3 79.0 78.8 78.7 77.5 80.6 77.7 80.0 81.6 81.2 81.2 82.1 81.9 81.9 84.9 83.0 85.1 83.8 87.4 88.0 88.8 89.8 87.0 87.5 90.4 88.8 89.8 86.0 87.2 90.8 89.4 90.1 86.0 86.4 88.1 86.0 85.5 86.0 84.9 87.8 84.4 84.8 87.0 84.2 83.9 83.1 83.6 85.2 85.7 86.4 87.6 88.3 89.6 89.6 89.5 89.4 87.5 87.2 88.1 88.0 87.2 87.9 89.3 91.2 89.2 89.2 88.3
88.1 84.1 85.1 83.6 82.8 87.8 87.9 86.9 85.7 84.3 85.7 84.7 83.5 84.0 81.5 80.9 85.8 87.1 82.3 79.9 77.1 77.7 80.4 79.3 79.9 80.3 78.2 81.0 82.3 82.3 83.6 86.0 84.4 83.8 83.5 86.6 87.4 88.5 90.0 88.0 90.7 88.7 89.6 89.3 91.3 88.6 90.9 88.8 89.2 88.6 90.2 87.9 87.8 88.4 85.0 80.4 82.5 85.4 84.1 87.4 87.4 86.0 87.3 86.2 86.0 86.1 87.7 88.1 87.1 91.9 90.2 88.5 86.8 88.3 88.0 88.1 88.7 90.2 90.5 89.2 87.4 89.4 89.2 89.6
89.2 83.5 83.8 86.4 87.5 87.3 87.8 87.2 85.3 86.1 86.6 84.8 86.3 83.9 80.5 77.3 88.6 88.3 83.5 79.0 81.1 78.4 80.1 80.1 82.8 80.4 80.1 82.0 83.2 82.3 82.6 84.7 83.6 82.9 85.0 85.5 80.6 88.3 90.3 89.6 86.3 89.8 89.5 88.5 90.3 91.6 88.7 88.7 88.4 89.6 88.5 88.0 88.4 89.3 86.4 83.9 84.9 85.9 86.8 87.0 88.0 90.0 88.9 93.7 87.8 87.5 86.5 88.4 86.3 91.5 88.5 89.8 88.2 89.6 89.7 88.9 88.8 90.7 91.3 88.8 90.4 89.2 89.7 90.2
