surveys/_q10_1/matrix_bed_q10_1s1.txt
north:            -502.50
south:           -1197.50
east:             2705.00
west:              -93.00
rows:                 141
cols:                 279
null:              -999.0
[rows 0 to 37 of 141, columns 84 to 167 of 279]
-999.0 97.0 95.1 94.2 100.9 102.3 100.7 -999.0 102.4 104.1 -999.0 -999.0 -999.0 -999.0 -999.0 -999.0 103.3 -999.0 -999.0 -999.0 -999.0 -999.0 -999.0 -999.0 -999.0 -999.0 -999.0 100.9 97.4 -999.0 -999.0 -999.0 105.6 -999.0 106.1 100.1 92.1 91.7 91.2 103.8 100.4 100.6 102.4 -999.0 102.2 -999.0 -999.0 -999.0 -999.0 -999.0 -999.0 -999.0 102.1 -999.0 -999.0 -999.0 -999.0 -999.0 -999.0 -999.0 -999.0 -999.0 -999.0 -999.0 -999.0 -999.0 -999.0 -999.0 101.0 -999.0 -999.0 -999.0 -999.0 -999.0 -999.0 -999.0 -999.0 -999.0 -999.0 -999.0 -999.0 -999.0 -999.0 -999.0
-999.0 97.1 92.9 94.2 100.2 102.3 103.9 -999.0 102.4 104.1 -999.0 -999.0 -999.0 -999.0 -999.0 -999.0 102.6 -999.0 -999.0 -999.0 -999.0 -999.0 -999.0 -999.0 -999.0 -999.0 -999.0 102.1 98.3 -999.0 -999.0 -999.0 105.6 -999.0 106.1 100.0 91.6 91.9 89.7 103.8 101.9 100.3 104.2 -999.0 102.2 -999.0 -999.0 -999.0 -999.0 -999.0 -999.0 -999.0 102.0 -999.0 -999.0 -999.0 -999.0 -999.0 -999.0 -999.0 -999.0 -999.0 -999.0 -999.0 -999.0 -999.0 -999.0 -999.0 101.0 -999.0 -999.0 -999.0 -999.0 -999.0 -999.0 -999.0 -999.0 -999.0 -999.0 -999.0 -999.0 -999.0 -999.0 -999.0
-999.0 97.7 95.4 98.7 103.3 102.3 103.3 -999.0 102.4 104.1 -999.0 -999.0 -999.0 -999.0 -999.0 -999.0 103.0 -999.0 -999.0 -999.0 -999.0 -999.0 -999.0 -999.0 -999.0 -999.0 -999.0 103.0 101.1 -999.0 -999.0 -999.0 105.6 -999.0 106.1 104.0 98.4 93.4 96.7 103.8 102.2 103.4 103.1 -999.0 102.2 -999.0 -999.0 -999.0 -999.0 -999.0 -999.0 -999.0 102.1 -999.0 -999.0 -999.0 -999.0 -999.0 -999.0 -999.0 -999.0 -999.0 -999.0 -999.0 -999.0 -999.0 -999.0 -999.0 101.0 -999.0 -999.0 -999.0 -999.0 -999.0 -999.0 -999.0 -999.0 -999.0 -999.0 -999.0 -999.0 -999.0 -999.0 -999.0
-999.0 101.3 99.8 100.4 102.4 102.3 103.9 -999.0 102.4 -999.0 -999.0 -999.0 -999.0 -999.0 -999.0 -999.0 103.1 -999.0 -999.0 -999.0 -999.0 -999.0 -999.0 -999.0 -999.0 -999.0 -999.0 103.4 103.0 -999.0 -999.0 -999.0 105.6 -999.0 106.1 104.2 101.6 96.9 98.3 103.8 102.3 103.5 102.9 -999.0 102.2 -999.0 -999.0 -999.0 -999.0 -999.0 -999.0 -999.0 102.1 -999.0 -999.0 -999.0 -999.0 -999.0 -999.0 -999.0 -999.0 -999.0 -999.0 -999.0 -999.0 -999.0 -999.0 -999.0 101.0 -999.0 -999.0 -999.0 -999.0 -999.0 -999.0 -999.0 -999.0 -999.0 -999.0 -999.0 -999.0 -999.0 -999.0 -999.0
-999.0 102.4 101.6 103.0 103.3 -999.0 -999.0 -999.0 -999.0 -999.0 -999.0 -999.0 -999.0 -999.0 -999.0 -999.0 -999.0 -999.0 -999.0 -999.0 -999.0 -999.0 -999.0 -999.0 -999.0 -999.0 -999.0 -999.0 104.1 -999.0 -999.0 -999.0 -999.0 -999.0 -999.0 -999.0 106.1 99.8 101.3 103.8 -999.0 -999.0 -999.0 -999.0 102.2 -999.0 -999.0 -999.0 -999.0 -999.0 -999.0 -999.0 -999.0 -999.0 -999.0 -999.0 -999.0 -999.0 -999.0 -999.0 -999.0 -999.0 -999.0 -999.0 -999.0 -999.0 -999.0 -999.0 -999.0 -999.0 -999.0 -999.0 -999.0 -999.0 -999.0 -999.0 -999.0 -999.0 -999.0 -999.0 -999.0 -999.0 -999.0 -999.0
-999.0 102.4 104.5 103.1 -999.0 -999.0 -999.0 -999.0 -999.0 -999.0 -999.0 -999.0 -999.0 -999.0 -999.0 -999.0 -999.0 -999.0 -999.0 -999.0 -999.0 -999.0 -999.0 -999.0 -999.0 -999.0 -999.0 -999.0 104.3 -999.0 -999.0 -999.0 -999.0 -999.0 -999.0 -999.0 105.1 102.2 103.6 -999.0 -999.0 -999.0 -999.0 -999.0 -999.0 -999.0 -999.0 -999.0 -999.0 -999.0 -999.0 -999.0 -999.0 -999.0 -999.0 -999.0 -999.0 -999.0 -999.0 -999.0 -999.0 -999.0 -999.0 -999.0 -999.0 -999.0 -999.0 -999.0 -999.0 -999.0 -999.0 -999.0 -999.0 -999.0 -999.0 -999.0 -999.0 -999.0 -999.0 -999.0 -999.0 -999.0 -999.0 -999.0
-999.0 -999.0 103.9 -999.0 -999.0 -999.0 -999.0 -999.0 -999.0 -999.0 -999.0 -999.0 -999.0 -999.0 -999.0 -999.0 -999.0 -999.0 -999.0 -999.0 -999.0 -999.0 -999.0 -999.0 -999.0 -999.0 -999.0 -999.0 -999.0 -999.0 -999.0 -999.0 -999.0 -999.0 -999.0 -999.0 106.1 104.2 106.4 -999.0 -999.0 -999.0 -999.0 -999.0 -999.0 -999.0 -999.0 -999.0 -999.0 -999.0 -999.0 -999.0 -999.0 -999.0 -999.0 -999.0 -999.0 -999.0 -999.0 -999.0 -999.0 -999.0 -999.0 -999.0 -999.0 -999.0 -999.0 -999.0 -999.0 -999.0 -999.0 -999.0 -999.0 -999.0 -999.0 -999.0 -999.0 -999.0 -999.0 -999.0 -999.0 -999.0 -999.0 -999.0
-999.0 -999.0 104.5 -999.0 -999.0 -999.0 -999.0 -999.0 -999.0 -999.0 -999.0 -999.0 -999.0 -999.0 -999.0 -999.0 -999.0 -999.0 -999.0 -999.0 -999.0 -999.0 -999.0 -999.0 -999.0 -999.0 -999.0 -999.0 -999.0 -999.0 -999.0 -999.0 -999.0 -999.0 -999.0 -999.0 -999.0 104.3 105.9 -999.0 -999.0 -999.0 -999.0 -999.0 -999.0 -999.0 -999.0 -999.0 -999.0 -999.0 -999.0 -999.0 -999.0 -999.0 -999.0 -999.0 -999.0 -999.0 -999.0 -999.0 -999.0 -999.0 -999.0 -999.0 -999.0 -999.0 -999.0 -999.0 -999.0 -999.0 -999.0 -999.0 -999.0 -999.0 -999.0 -999.0 -999.0 -999.0 -999.0 -999.0 -999.0 -999.0 -999.0 -999.0
-999.0 -999.0 -999.0 -999.0 -999.0 -999.0 -999.0 -999.0 -999.0 -999.0 -999.0 -999.0 -999.0 -999.0 -999.0 -999.0 -999.0 -999.0 -999.0 -999.0 -999.0 -999.0 -999.0 -999.0 -999.0 -999.0 -999.0 -999.0 -999.0 -999.0 -999.0 -999.0 -999.0 -999.0 -999.0 -999.0 -999.0 -999.0 106.4 -999.0 -999.0 -999.0 -999.0 -999.0 -999.0 -999.0 -999.0 -999.0 -999.0 -999.0 -999.0 -999.0 -999.0 -999.0 -999.0 -999.0 -999.0 -999.0 -999.0 -999.0 -999.0 -999.0 -999.0 -999.0 -999.0 -999.0 -999.0 -999.0 -999.0 -999.0 -999.0 -999.0 -999.0 -999.0 -999.0 -999.0 -999.0 -999.0 -999.0 -999.0 -999.0 -999.0 -999.0 -999.0
-999.0 -999.0 -999.0 -999.0 -999.0 -999.0 -999.0 -999.0 -999.0 -999.0 -999.0 -999.0 -999.0 -999.0 -999.0 -999.0 -999.0 -999.0 -999.0 -999.0 -999.0 -999.0 -999.0 -999.0 -999.0 -999.0 -999.0 -999.0 -999.0 -999.0 -999.0 -999.0 -999.0 -999.0 -999.0 -999.0 -999.0 -999.0 -999.0 -999.0 -999.0 -999.0 -999.0 -999.0 -999.0 -999.0 -999.0 -999.0 -999.0 -999.0 -999.0 -999.0 -999.0 -999.0 -999.0 -999.0 -999.0 -999.0 -999.0 -999.0 -999.0 -999.0 -999.0 -999.0 -999.0 -999.0 -999.0 -999.0 -999.0 -999.0 -999.0 -999.0 -999.0 -999.0 -999.0 -999.0 -999.0 -999.0 -999.0 -999.0 -999.0 -999.0 -999.0 -999.0
-999.0 -999.0 -999.0 -999.0 -999.0 -999.0 -999.0 -999.0 -999.0 -999.0 -999.0 -999.0 -999.0 -999.0 -999.0 -999.0 -999.0 -999.0 -999.0 -999.0 -999.0 -999.0 -999.0 -999.0 -999.0 -999.0 -999.0 -999.0 -999.0 -999.0 -999.0 -999.0 -999.0 -999.0 -999.0 -999.0 -999.0 -999.0 -999.0 -999.0 -999.0 -999.0 -999.0 -999.0 -999.0 -999.0 -999.0 -999.0 -999.0 -999.0 -999.0 -999.0 -999.0 -999.0 -999.0 -999.0 -999.0 -999.0 -999.0 -999.0 -999.0 -999.0 -999.0 -999.0 -999.0 -999.0 -999.0 -999.0 -999.0 -999.0 -999.0 -999.0 -999.0 -999.0 -999.0 -999.0 -999.0 -999.0 -999.0 -999.0 -999.0 -999.0 -999.0 -999.0
-999.0 -999.0 -999.0 -999.0 -999.0 -999.0 -999.0 -999.0 -999.0 -999.0 -999.0 -999.0 -999.0 -999.0 -999.0 -999.0 -999.0 -999.0 -999.0 -999.0 -999.0 -999.0 -999.0 -999.0 -999.0 -999.0 -999.0 -999.0 -999.0 -999.0 -999.0 -999.0 -999.0 -999.0 -999.0 -999.0 -999.0 -999.0 -999.0 -999.0 -999.0 -999.0 -999.0 -999.0 -999.0 -999.0 -999.0 -999.0 -999.0 -999.0 -999.0 -999.0 -999.0 -999.0 -999.0 -999.0 -999.0 -999.0 -999.0 -999.0 -999.0 -999.0 -999.0 -999.0 -999.0 -999.0 -999.0 -999.0 -999.0 -999.0 -999.0 -999.0 -999.0 -999.0 -999.0 -999.0 -999.0 -999.0 -999.0 -999.0 -999.0 -999.0 -999.0 -999.0
-999.0 -999.0 -999.0 -999.0 -999.0 -999.0 -999.0 -999.0 -999.0 -999.0 -999.0 -999.0 -999.0 -999.0 -999.0 -999.0 -999.0 -999.0 -999.0 -999.0 -999.0 -999.0 -999.0 -999.0 -999.0 -999.0 -999.0 -999.0 -999.0 -999.0 -999.0 -999.0 -999.0 -999.0 -999.0 -999.0 -999.0 -999.0 -999.0 -999.0 -999.0 -999.0 -999.0 -999.0 -999.0 -999.0 -999.0 -999.0 -999.0 -999.0 -999.0 -999.0 -999.0 -999.0 -999.0 -999.0 -999.0 -999.0 -999.0 -999.0 -999.0 -999.0 -999.0 -999.0 -999.0 -999.0 -999.0 -999.0 -999.0 -999.0 -999.0 -999.0 -999.0 -999.0 -999.0 -999.0 -999.0 -999.0 -999.0 -999.0 -999.0 -999.0 -999.0 -999.0
-999.0 -999.0 -999.0 -999.0 -999.0 -999.0 -999.0 -999.0 -999.0 -999.0 -999.0 -999.0 -999.0 -999.0 -999.0 -999.0 -999.0 -999.0 -999.0 -999.0 -999.0 -999.0 -999.0 -999.0 -999.0 -999.0 -999.0 -999.0 -999.0 -999.0 -999.0 -999.0 -999.0 -999.0 -999.0 -999.0 -999.0 -999.0 -999.0 -999.0 -999.0 -999.0 -999.0 -999.0 -999.0 -999.0 -999.0 -999.0 -999.0 -999.0 -999.0 -999.0 -999.0 -999.0 -999.0 -999.0 -999.0 -999.0 -999.0 -999.0 -999.0 -999.0 -999.0 -999.0 -999.0 -999.0 -999.0 -999.0 -999.0 -999.0 -999.0 -999.0 -999.0 -999.0 -999.0 -999.0 -999.0 -999.0 -999.0 -999.0 -999.0 -999.0 -999.0 -999.0
-999.0 -999.0 -999.0 -999.0 -999.0 -999.0 -999.0 -999.0 -999.0 -999.0 -999.0 -999.0 -999.0 -999.0 -999.0 -999.0 -999.0 -999.0 -999.0 -999.0 -999.0 -999.0 -999.0 -999.0 -999.0 -999.0 -999.0 -999.0 -999.0 -999.0 -999.0 -999.0 -999.0 -999.0 -999.0 -999.0 -999.0 -999.0 -999.0 -999.0 -999.0 -999.0 -999.0 -999.0 -999.0 -999.0 -999.0 -999.0 -999.0 -999.0 -999.0 -999.0 -999.0 -999.0 -999.0 -999.0 -999.0 -999.0 -999.0 -999.0 -999.0 -999.0 -999.0 -999.0 -999.0 -999.0 -999.0 -999.0 -999.0 -999.0 -999.0 -999.0 -999.0 -999.0 -999.0 -999.0 -999.0 -999.0 -999.0 -999.0 -999.0 -999.0 -999.0 -999.0
-999.0 -999.0 -999.0 -999.0 -999.0 -999.0 -999.0 -999.0 -999.0 -999.0 -999.0 -999.0 -999.0 -999.0 -999.0 -999.0 -999.0 -999.0 -999.0 -999.0 -999.0 -999.0 -999.0 -999.0 -999.0 -999.0 -999.0 -999.0 -999.0 -999.0 -999.0 -999.0 -999.0 -999.0 -999.0 -999.0 -999.0 -999.0 -999.0 -999.0 -999.0 -999.0 -999.0 -999.0 -999.0 -999.0 -999.0 -999.0 -999.0 -999.0 -999.0 -999.0 -999.0 -999.0 -999.0 -999.0 -999.0 -999.0 -999.0 -999.0 -999.0 -999.0 -999.0 -999.0 -999.0 -999.0 -999.0 -999.0 -999.0 -999.0 -999.0 -999.0 -999.0 -999.0 -999.0 -999.0 -999.0 -999.0 -999.0 -999.0 -999.0 -999.0 -999.0 -999.0
-999.0 -999.0 100.5 -999.0 -999.0 -999.0 -999.0 -999.0 -999.0 -999.0 -999.0 -999.0 -999.0 -999.0 -999.0 -999.0 -999.0 -999.0 -999.0 -999.0 -999.0 -999.0 -999.0 -999.0 -999.0 -999.0 -999.0 -999.0 -999.0 -999.0 -999.0 -999.0 -999.0 -999.0 -999.0 -999.0 -999.0 -999.0 -999.0 -999.0 -999.0 -999.0 -999.0 -999.0 -999.0 -999.0 -999.0 -999.0 -999.0 -999.0 -999.0 -999.0 -999.0 -999.0 -999.0 -999.0 -999.0 -999.0 -999.0 -999.0 -999.0 -999.0 -999.0 -999.0 -999.0 -999.0 -999.0 -999.0 -999.0 -999.0 -999.0 -999.0 -999.0 -999.0 -999.0 -999.0 -999.0 -999.0 -999.0 -999.0 -999.0 -999.0 -999.0 -999.0
-999.0 85.4 97.1 75.9 74.4 72.4 73.0 77.9 72.7 89.1 71.8 68.4 68.9 69.1 66.9 74.4 74.4 84.5 86.1 -999.0 -999.0 -999.0 101.3 -999.0 -999.0 -999.0 -999.0 -999.0 -999.0 -999.0 -999.0 -999.0 105.3 -999.0 -999.0 -999.0 -999.0 -999.0 -999.0 -999.0 -999.0 -999.0 -999.0 -999.0 -999.0 -999.0 -999.0 -999.0 -999.0 -999.0 -999.0 -999.0 -999.0 -999.0 -999.0 -999.0 -999.0 -999.0 -999.0 -999.0 -999.0 -999.0 -999.0 -999.0 -999.0 87.2 -999.0 88.5 -999.0 -999.0 -999.0 -999.0 -999.0 -999.0 -999.0 -999.0 -999.0 85.3 -999.0 -999.0 -999.0 -999.0 -999.0 -999.0
80.7 85.0 100.5 75.9 74.4 72.3 73.3 77.2 72.6 88.2 70.8 68.3 68.9 69.5 66.9 74.0 74.4 84.5 84.5 78.2 83.9 82.4 101.3 81.8 -999.0 82.7 83.5 86.1 84.8 85.3 87.3 87.9 105.3 85.8 89.4 88.8 89.4 88.5 88.0 86.6 89.4 88.5 89.3 89.7 86.6 88.5 90.8 90.6 89.4 90.2 89.8 90.6 90.9 88.0 84.5 91.2 86.9 89.1 87.5 84.1 -999.0 83.9 83.3 86.1 -999.0 87.2 88.3 88.5 89.4 89.2 91.8 95.9 88.2 92.7 -999.0 -999.0 -999.0 85.3 84.5 89.4 -999.0 94.8 90.7 87.9
80.7 85.0 83.3 75.9 74.4 72.3 73.0 77.3 72.7 81.4 71.7 67.2 68.9 68.0 66.9 73.3 74.4 84.2 86.1 78.8 83.9 82.4 101.3 81.8 84.1 83.1 83.7 85.7 85.4 85.7 87.3 88.1 105.2 86.5 89.2 89.0 89.2 88.4 88.2 87.4 89.4 88.6 89.0 90.0 86.6 88.6 90.4 90.4 89.4 90.1 90.2 90.7 90.3 88.2 84.5 91.0 87.0 88.7 87.5 84.2 85.2 83.9 84.1 85.3 85.0 87.2 87.9 88.5 88.7 89.1 91.3 94.6 88.2 91.9 88.0 87.1 86.7 85.3 84.5 89.6 84.5 93.8 90.4 88.0
80.7 82.8 79.2 74.0 74.1 71.8 74.3 73.8 72.4 72.2 67.4 66.7 68.0 67.1 70.1 72.5 74.1 77.7 78.2 78.7 83.9 82.4 85.3 82.2 84.0 83.1 83.5 85.7 84.8 85.6 87.3 88.1 91.4 86.4 89.4 88.9 89.4 88.1 88.0 87.2 89.4 88.6 89.3 89.9 86.6 88.7 90.8 90.3 89.4 90.9 89.8 90.7 90.9 88.3 84.5 90.1 86.9 88.8 87.5 84.2 85.2 83.9 83.3 85.3 85.2 85.7 88.3 88.3 89.4 89.1 91.8 94.8 88.2 92.0 88.0 87.3 87.2 85.4 84.5 89.5 84.6 93.7 90.7 87.9
82.9 80.0 79.8 73.4 72.7 73.1 76.6 73.8 73.4 71.4 68.7 67.7 67.8 66.4 69.0 70.0 72.9 76.1 76.8 79.6 80.4 81.8 83.6 82.8 84.1 85.7 84.4 83.9 87.6 87.4 88.7 89.1 90.3 90.0 88.3 89.7 88.5 87.5 89.1 91.4 88.5 88.2 88.1 91.1 88.8 89.7 89.0 89.5 89.4 89.7 92.0 91.2 87.8 89.3 91.3 88.4 87.2 86.8 86.9 84.7 85.2 83.7 87.4 81.8 85.0 85.1 86.2 88.1 86.3 88.3 89.5 87.8 87.4 87.8 88.0 87.4 86.7 85.8 85.2 90.1 84.5 87.8 89.1 88.2
84.2 80.1 77.9 72.5 77.3 70.9 76.9 74.2 72.0 71.6 69.1 67.9 67.8 66.7 69.2 69.7 72.4 74.8 76.9 76.9 80.5 81.2 82.4 81.4 83.6 85.1 86.6 85.3 86.6 87.5 89.5 90.4 90.7 89.5 88.7 89.5 90.2 88.1 87.8 89.9 88.1 88.1 88.4 88.9 90.1 91.0 87.6 88.6 87.3 89.1 95.6 90.7 91.2 92.4 88.0 89.2 87.8 87.9 86.4 84.5 82.8 83.6 86.5 83.9 85.8 84.8 84.6 86.7 88.0 87.6 86.4 88.5 86.7 87.3 88.3 87.8 88.7 85.8 85.5 88.6 85.2 85.9 87.8 87.4
81.5 77.0 76.0 71.8 77.9 76.0 75.5 73.0 72.6 70.9 67.4 69.3 66.6 67.0 70.1 71.2 73.6 77.4 77.8 80.9 78.9 81.3 81.8 82.5 83.5 84.9 85.0 85.6 84.9 88.7 88.1 89.7 91.8 87.8 88.7 90.1 88.4 88.6 87.4 89.1 86.6 87.8 88.5 88.0 90.2 88.0 89.2 87.2 89.4 90.6 86.1 92.2 91.5 92.4 90.6 90.0 88.2 87.0 85.3 84.8 82.0 81.8 85.3 84.5 85.9 86.2 87.9 85.8 89.7 87.1 87.3 88.7 88.3 88.7 88.5 88.0 86.2 85.5 88.5 88.1 85.0 85.4 87.3 86.6
81.7 78.3 74.2 73.4 77.5 75.7 76.7 75.6 72.1 71.3 68.4 68.7 67.6 68.3 69.8 71.7 73.5 74.0 78.6 78.0 75.2 80.6 79.2 82.9 81.1 85.6 83.6 86.0 85.5 89.9 87.7 89.9 97.4 89.7 89.0 89.8 90.5 88.0 87.9 88.7 88.1 89.4 88.4 88.6 90.7 89.6 88.4 87.7 92.5 91.0 89.0 91.2 88.6 92.0 91.7 90.3 89.7 89.6 85.4 85.8 83.5 81.8 83.8 85.2 86.2 85.3 84.5 85.9 87.7 87.6 87.4 88.4 91.5 89.7 87.6 87.3 86.5 84.4 84.4 87.3 86.3 85.9 83.6 84.6
84.0 77.5 70.6 76.6 80.6 75.5 77.7 74.9 71.8 71.7 69.4 70.0 67.6 71.8 69.8 72.9 72.5 75.1 77.7 76.4 76.9 80.4 80.5 81.3 83.6 84.8 85.0 88.2 85.6 89.3 88.1 90.0 88.7 89.7 88.5 89.3 91.4 88.4 87.3 89.7 88.1 89.2 87.2 89.2 92.3 89.9 87.9 88.2 87.6 88.8 90.4 91.4 89.5 91.7 90.2 91.3 91.4 90.1 87.7 86.1 82.1 82.7 84.1 85.3 87.0 84.3 80.9 85.7 85.2 85.8 87.0 87.2 88.0 90.3 89.7 87.1 84.8 87.1 84.8 84.7 86.7 86.1 87.6 83.8
82.0 76.6 74.5 76.1 76.7 75.5 72.7 74.5 72.1 75.4 69.4 68.8 69.2 73.2 71.4 74.9 74.1 75.7 77.0 77.3 78.8 83.2 81.3 83.0 83.7 83.5 84.2 85.2 87.3 86.8 87.9 90.5 89.8 88.6 87.6 87.8 86.0 88.1 88.5 87.6 88.5 88.9 89.3 89.6 91.1 90.1 90.4 87.8 88.2 88.4 89.6 89.9 89.5 89.4 92.7 92.2 92.0 90.6 91.4 86.7 84.9 83.3 83.9 86.8 87.3 86.5 87.8 86.5 87.6 86.3 87.3 83.8 91.2 89.2 90.7 87.0 82.5 84.7 84.3 85.4 87.1 87.6 85.0 83.0
83.2 76.7 78.2 76.6 75.4 75.9 74.8 73.1 73.3 75.3 67.1 70.6 71.6 75.1 73.0 75.3 75.8 79.2 76.6 79.4 79.1 82.3 81.3 82.3 84.0 85.7 87.3 85.2 84.7 88.4 87.6 90.2 88.5 90.3 88.5 88.7 89.2 87.9 91.7 89.0 88.8 90.9 88.7 90.0 89.3 88.6 91.0 87.9 86.8 89.3 90.2 90.1 91.2 90.5 91.7 91.5 90.4 92.0 91.7 90.2 89.1 84.9 86.3 85.7 87.3 87.1 86.6 88.1 88.0 86.8 82.5 82.7 85.9 88.3 89.9 87.9 84.7 86.1 87.5 85.1 87.2 89.0 85.9 82.9
81.7 76.8 77.9 77.3 75.2 76.2 75.5 78.9 73.6 75.4 73.1 70.3 70.8 73.8 72.7 75.3 75.7 77.5 77.9 80.0 76.6 81.2 79.2 82.3 82.5 82.9 84.2 85.5 85.9 89.1 88.1 89.4 89.2 90.5 90.5 89.4 89.2 88.1 87.4 90.5 90.8 91.4 87.4 90.1 88.1 88.2 89.3 88.1 86.3 88.0 85.0 90.0 92.3 90.7 91.5 92.1 93.3 92.7 92.5 87.7 90.8 90.4 88.5 85.2 88.2 86.9 87.6 89.6 86.6 87.7 85.7 86.9 87.5 87.9 88.1 87.3 86.6 88.6 84.5 87.1 87.6 86.0 86.9 85.4
82.0 76.8 78.2 76.4 75.7 76.4 78.2 80.6 75.4 75.9 74.7 74.3 71.7 76.0 74.6 76.6 75.7 77.3 78.7 82.6 82.4 81.1 81.6 82.4 82.6 82.3 82.8 85.2 87.8 88.5 87.1 88.5 89.5 89.5 91.9 89.0 89.0 90.7 90.7 90.2 93.4 91.7 90.1 88.8 87.0 88.7 88.8 85.9 87.7 80.7 86.2 87.7 91.5 90.9 93.5 95.1 93.5 94.8 92.9 93.3 93.1 92.1 90.3 88.0 87.8 89.6 88.5 87.5 88.6 90.6 87.0 86.4 87.8 86.8 89.2 90.8 90.1 85.5 85.9 86.6 86.2 84.0 86.5 86.8
79.5 76.9 77.8 75.9 75.2 78.5 80.2 83.8 81.4 80.2 78.0 78.4 74.0 76.8 75.7 76.6 80.0 80.1 80.7 83.4 82.1 80.8 80.6 82.1 81.1 82.3 83.4 83.9 87.5 87.8 84.5 88.5 90.2 90.8 92.0 90.3 90.4 92.2 91.3 89.2 90.3 92.0 90.3 90.0 89.4 88.2 86.5 85.6 85.7 85.9 86.0 87.7 91.2 91.6 90.8 93.8 93.2 94.0 93.2 94.3 95.0 90.0 91.8 87.9 86.4 88.5 89.6 87.2 89.3 90.5 88.6 87.4 90.6 87.3 90.4 89.4 89.6 87.8 84.6 85.6 86.1 86.1 85.0 85.1
80.7 78.8 78.8 75.3 83.5 80.4 81.2 84.6 81.6 84.6 83.6 82.2 76.7 76.7 74.6 77.4 80.3 82.0 80.8 81.0 82.0 81.9 79.7 81.0 83.3 82.8 85.2 83.1 86.9 85.9 88.7 91.1 89.5 90.5 90.1 90.3 89.5 91.2 90.4 88.7 88.3 92.1 90.5 90.3 87.6 86.9 86.2 86.3 86.0 87.7 88.0 88.7 88.9 90.0 91.1 90.8 93.2 91.4 93.7 94.8 93.3 97.9 96.2 90.6 87.7 90.3 89.9 88.7 93.2 89.6 88.8 88.9 87.1 90.6 90.3 88.2 90.8 87.0 84.1 86.1 84.1 89.4 85.3 85.6
80.9 79.6 78.3 77.6 79.5 82.3 82.6 84.6 83.5 86.3 88.0 85.6 78.8 80.1 79.2 78.9 82.6 81.3 81.3 81.8 82.9 80.7 81.0 80.5 84.1 82.0 82.7 84.1 86.3 87.7 92.0 91.5 89.9 90.9 92.8 90.3 89.6 90.3 92.0 91.5 90.0 90.5 91.2 89.4 87.2 89.1 84.9 86.2 86.8 87.7 86.3 88.9 83.8 89.2 91.3 90.5 94.0 90.6 94.8 94.4 94.4 96.9 92.0 89.7 89.8 91.8 91.8 90.0 89.3 90.8 89.3 89.2 88.1 90.5 90.5 89.3 88.0 86.7 85.5 86.6 88.0 88.4 86.7 86.6
81.2 80.3 81.4 82.5 82.6 84.0 85.6 84.6 84.7 87.5 86.6 87.2 79.5 81.1 83.1 81.0 81.9 81.1 81.0 82.3 84.1 79.2 81.8 81.9 83.0 81.7 88.3 83.8 85.8 88.2 88.1 87.8 89.9 91.0 89.8 92.2 88.2 90.2 91.3 93.6 91.8 90.9 89.9 90.0 86.1 87.8 84.1 85.0 84.4 84.1 86.8 87.7 84.3 88.7 89.2 89.7 91.3 88.7 93.1 95.1 95.2 94.0 91.4 91.1 89.1 90.7 92.3 91.6 90.6 91.6 89.9 88.8 88.4 93.9 90.4 90.4 87.4 87.8 83.9 87.6 86.7 88.5 87.9 88.0
80.0 80.6 82.0 85.5 84.1 85.2 87.6 83.9 81.4 87.2 83.9 87.0 82.6 78.1 82.1 83.1 81.8 81.0 81.1 81.5 81.5 80.2 79.5 81.5 82.8 81.3 81.2 85.4 87.6 89.2 89.8 88.8 89.5 90.7 93.6 92.7 92.0 90.2 91.9 91.9 91.2 89.8 92.4 87.3 85.5 87.2 84.7 84.3 85.7 84.0 86.0 87.8 87.1 87.8 87.4 88.8 88.7 93.9 95.7 94.2 91.3 93.6 91.9 92.1 88.8 90.2 92.5 91.4 91.0 93.4 91.4 89.9 84.9 92.4 90.9 90.7 89.0 85.4 86.0 87.7 86.9 89.1 88.1 87.2
81.7 85.8 84.9 86.8 84.8 87.1 86.7 85.9 86.2 85.4 87.8 86.9 84.0 82.5 82.0 82.4 81.1 81.3 81.4 81.4 82.0 80.7 81.4 81.7 82.7 82.4 84.4 86.3 88.0 88.9 91.0 88.9 88.7 92.3 91.8 92.3 91.0 92.7 91.1 90.9 90.2 88.6 91.3 87.9 86.8 85.4 84.5 85.4 85.2 84.8 86.3 87.4 85.6 87.8 86.7 87.6 90.5 94.6 96.7 92.3 95.1 93.9 92.6 89.4 89.5 90.8 92.2 91.4 92.5 90.2 91.6 89.2 87.8 91.7 90.2 91.4 85.1 84.8 86.3 87.1 84.5 89.2 88.4 86.8
88.7 85.4 84.4 86.7 87.2 86.9 85.5 86.0 84.9 81.3 86.1 86.8 84.9 82.7 82.7 83.4 82.4 81.2 73.7 79.8 81.4 82.1 82.0 80.8 82.6 82.0 82.8 83.6 87.1 88.9 87.4 88.6 89.6 91.5 87.3 92.2 90.2 92.4 91.4 92.3 92.0 92.4 89.2 88.3 87.1 85.5 84.7 87.9 84.3 85.5 86.8 86.8 86.8 85.8 87.5 87.5 85.5 90.7 90.9 91.9 91.8 93.6 93.6 90.6 90.7 91.1 91.7 94.3 91.5 91.5 86.4 93.0 90.9 90.6 90.9 90.3 84.6 83.5 83.4 87.1 86.0 87.0 90.9 85.8
81.9 85.9 81.0 86.6 87.8 85.9 88.2 85.8 89.5 84.9 87.3 86.0 85.1 81.3 82.9 85.0 81.8 81.6 81.8 79.7 81.4 81.7 81.8 81.7 87.8 82.9 84.9 81.5 86.4 87.5 89.8 89.9 90.4 91.7 90.7 90.9 91.1 91.0 89.9 92.6 91.3 92.3 89.4 89.8 84.7 86.6 83.8 86.3 86.1 87.1 88.9 86.6 85.9 88.3 87.7 87.4 87.8 86.9 90.6 92.3 87.4 94.2 94.5 91.1 92.2 90.5 93.1 95.0 91.7 90.7 90.0 89.6 88.6 90.2 92.0 90.9 83.8 85.5 86.9 87.2 87.6 89.7 87.3 87.5
