surveys/_q10_1/matrix_bed_q10_1s1.txt
north:            -502.50
south:           -1197.50
east:             2705.00
west:              -93.00
rows:                 141
cols:                 279
null:              -999.0
[rows 0 to 37 of 141, columns 0 to 83 of 279]
-999.0 -999.0 -999.0 -999.0 -999.0 -999.0 -999.0 -999.0 -999.0 -999.0 -999.0 -999.0 -999.0 -999.0 -999.0 -999.0 -999.0 -999.0 -999.0 -999.0 -999.0 -999.0 -999.0 -999.0 -999.0 -999.0 -999.0 -999.0 -999.0 -999.0 -999.0 -999.0 -999.0 -999.0 -999.0 -999.0 -999.0 -999.0 -999.0 -999.0 -999.0 -999.0 -999.0 -999.0 -999.0 -999.0 100.5 99.6 -999.0 -999.0 -999.0 -999.0 -999.0 -999.0 -999.0 -999.0 100.8 -999.0 -999.0 -999.0 -999.0 -999.0 102.7 -999.0 100.8 102.2 -999.0 -999.0 -999.0 -999.0 -999.0 -999.0 -999.0 -999.0 -999.0 101.6 91.0 -999.0 91.2 95.4 91.2 96.0 102.6 -999.0
-999.0 -999.0 -999.0 -999.0 -999.0 -999.0 -999.0 -999.0 -999.0 -999.0 -999.0 -999.0 -999.0 -999.0 -999.0 -999.0 -999.0 -999.0 -999.0 -999.0 -999.0 -999.0 -999.0 -999.0 -999.0 -999.0 -999.0 -999.0 -999.0 -999.0 -999.0 -999.0 -999.0 -999.0 -999.0 -999.0 -999.0 -999.0 -999.0 -999.0 -999.0 -999.0 -999.0 -999.0 -999.0 -999.0 100.5 99.4 -999.0 -999.0 -999.0 -999.0 -999.0 -999.0 -999.0 -999.0 100.8 -999.0 -999.0 -999.0 -999.0 -999.0 102.7 -999.0 101.4 102.2 -999.0 -999.0 -999.0 -999.0 -999.0 -999.0 -999.0 -999.0 -999.0 101.6 90.9 95.3 94.1 95.8 90.9 96.0 102.9 -999.0
-999.0 -999.0 -999.0 -999.0 -999.0 -999.0 -999.0 -999.0 -999.0 -999.0 -999.0 -999.0 -999.0 -999.0 -999.0 -999.0 -999.0 -999.0 -999.0 -999.0 -999.0 -999.0 -999.0 -999.0 -999.0 -999.0 -999.0 -999.0 -999.0 -999.0 -999.0 -999.0 -999.0 -999.0 -999.0 -999.0 -999.0 -999.0 -999.0 -999.0 -999.0 -999.0 -999.0 -999.0 -999.0 -999.0 100.5 102.0 -999.0 -999.0 -999.0 -999.0 -999.0 -999.0 -999.0 -999.0 100.8 -999.0 -999.0 -999.0 -999.0 -999.0 102.7 -999.0 102.2 102.2 -999.0 -999.0 -999.0 -999.0 -999.0 -999.0 -999.0 -999.0 -999.0 101.6 94.1 95.3 98.1 97.9 93.2 97.2 102.7 -999.0
-999.0 -999.0 -999.0 -999.0 -999.0 -999.0 -999.0 -999.0 -999.0 -999.0 -999.0 -999.0 -999.0 -999.0 -999.0 -999.0 -999.0 -999.0 -999.0 -999.0 -999.0 -999.0 -999.0 -999.0 -999.0 -999.0 -999.0 -999.0 -999.0 -999.0 -999.0 -999.0 -999.0 -999.0 -999.0 -999.0 -999.0 -999.0 -999.0 -999.0 -999.0 -999.0 -999.0 -999.0 -999.0 -999.0 100.5 102.1 -999.0 -999.0 -999.0 -999.0 -999.0 -999.0 -999.0 -999.0 100.8 -999.0 -999.0 -999.0 -999.0 -999.0 -999.0 -999.0 101.8 102.2 -999.0 -999.0 -999.0 -999.0 -999.0 -999.0 -999.0 -999.0 -999.0 -999.0 96.2 96.5 98.9 98.0 96.1 97.5 102.7 -999.0
-999.0 -999.0 -999.0 -999.0 -999.0 -999.0 -999.0 -999.0 -999.0 -999.0 -999.0 -999.0 -999.0 -999.0 -999.0 -999.0 -999.0 -999.0 -999.0 -999.0 -999.0 -999.0 -999.0 -999.0 -999.0 -999.0 -999.0 -999.0 -999.0 -999.0 -999.0 -999.0 -999.0 -999.0 -999.0 -999.0 -999.0 -999.0 -999.0 -999.0 -999.0 -999.0 -999.0 -999.0 -999.0 -999.0 -999.0 -999.0 -999.0 -999.0 -999.0 -999.0 -999.0 -999.0 -999.0 -999.0 -999.0 -999.0 -999.0 -999.0 -999.0 -999.0 -999.0 -999.0 102.2 -999.0 -999.0 -999.0 -999.0 -999.0 -999.0 -999.0 -999.0 -999.0 -999.0 -999.0 98.0 97.4 100.2 101.2 101.0 100.6 -999.0 -999.0
-999.0 -999.0 -999.0 -999.0 -999.0 -999.0 -999.0 -999.0 -999.0 -999.0 -999.0 -999.0 -999.0 -999.0 -999.0 -999.0 -999.0 -999.0 -999.0 -999.0 -999.0 -999.0 -999.0 -999.0 -999.0 -999.0 -999.0 -999.0 -999.0 -999.0 -999.0 -999.0 -999.0 -999.0 -999.0 -999.0 -999.0 -999.0 -999.0 -999.0 -999.0 -999.0 -999.0 -999.0 -999.0 -999.0 -999.0 -999.0 -999.0 -999.0 -999.0 -999.0 -999.0 -999.0 -999.0 -999.0 -999.0 -999.0 -999.0 -999.0 -999.0 -999.0 -999.0 -999.0 -999.0 -999.0 -999.0 -999.0 -999.0 -999.0 -999.0 -999.0 -999.0 -999.0 -999.0 -999.0 103.8 100.6 102.0 101.3 98.8 101.4 -999.0 -999.0
-999.0 -999.0 -999.0 -999.0 -999.0 -999.0 -999.0 -999.0 -999.0 -999.0 -999.0 -999.0 -999.0 -999.0 -999.0 -999.0 -999.0 -999.0 -999.0 -999.0 -999.0 -999.0 -999.0 -999.0 -999.0 -999.0 -999.0 -999.0 -999.0 -999.0 -999.0 -999.0 -999.0 -999.0 -999.0 -999.0 -999.0 -999.0 -999.0 -999.0 -999.0 -999.0 -999.0 -999.0 -999.0 -999.0 -999.0 -999.0 -999.0 -999.0 -999.0 -999.0 -999.0 -999.0 -999.0 -999.0 -999.0 -999.0 -999.0 -999.0 -999.0 -999.0 -999.0 -999.0 -999.0 -999.0 -999.0 -999.0 -999.0 -999.0 -999.0 -999.0 -999.0 -999.0 -999.0 -999.0 103.8 102.1 102.6 -999.0 99.2 101.4 -999.0 -999.0
-999.0 -999.0 -999.0 -999.0 -999.0 -999.0 -999.0 -999.0 -999.0 -999.0 -999.0 -999.0 -999.0 -999.0 -999.0 -999.0 -999.0 -999.0 -999.0 -999.0 -999.0 -999.0 -999.0 -999.0 -999.0 -999.0 -999.0 -999.0 -999.0 -999.0 -999.0 -999.0 -999.0 -999.0 -999.0 -999.0 -999.0 -999.0 -999.0 -999.0 -999.0 -999.0 -999.0 -999.0 -999.0 -999.0 -999.0 -999.0 -999.0 -999.0 -999.0 -999.0 -999.0 -999.0 -999.0 -999.0 -999.0 -999.0 -999.0 -999.0 -999.0 -999.0 -999.0 -999.0 -999.0 -999.0 -999.0 -999.0 -999.0 -999.0 -999.0 -999.0 -999.0 -999.0 -999.0 -999.0 103.8 102.2 102.8 -999.0 98.8 -999.0 -999.0 -999.0
-999.0 -999.0 -999.0 -999.0 -999.0 -999.0 -999.0 -999.0 -999.0 -999.0 -999.0 -999.0 -999.0 -999.0 -999.0 -999.0 -999.0 -999.0 -999.0 -999.0 -999.0 -999.0 -999.0 -999.0 -999.0 -999.0 -999.0 -999.0 -999.0 -999.0 -999.0 -999.0 -999.0 -999.0 -999.0 -999.0 -999.0 -999.0 -999.0 -999.0 -999.0 -999.0 -999.0 -999.0 -999.0 -999.0 -999.0 -999.0 -999.0 -999.0 -999.0 -999.0 -999.0 -999.0 -999.0 -999.0 -999.0 -999.0 -999.0 -999.0 -999.0 -999.0 -999.0 -999.0 -999.0 -999.0 -999.0 -999.0 -999.0 -999.0 -999.0 -999.0 -999.0 -999.0 -999.0 -999.0 -999.0 -999.0 -999.0 -999.0 -999.0 -999.0 -999.0 -999.0
-999.0 -999.0 -999.0 -999.0 -999.0 -999.0 -999.0 -999.0 -999.0 -999.0 -999.0 -999.0 -999.0 -999.0 -999.0 -999.0 -999.0 -999.0 -999.0 -999.0 -999.0 -999.0 -999.0 -999.0 -999.0 -999.0 -999.0 -999.0 -999.0 -999.0 -999.0 -999.0 -999.0 -999.0 -999.0 -999.0 -999.0 -999.0 -999.0 -999.0 -999.0 -999.0 -999.0 -999.0 -999.0 -999.0 -999.0 -999.0 -999.0 -999.0 -999.0 -999.0 -999.0 -999.0 -999.0 -999.0 -999.0 -999.0 -999.0 -999.0 -999.0 -999.0 -999.0 -999.0 -999.0 -999.0 -999.0 -999.0 -999.0 -999.0 -999.0 -999.0 -999.0 -999.0 -999.0 -999.0 -999.0 -999.0 -999.0 -999.0 -999.0 -999.0 -999.0 -999.0
-999.0 -999.0 -999.0 -999.0 -999.0 -999.0 -999.0 -999.0 -999.0 -999.0 -999.0 -999.0 -999.0 -999.0 -999.0 -999.0 -999.0 -999.0 -999.0 -999.0 -999.0 -999.0 -999.0 -999.0 -999.0 -999.0 -999.0 -999.0 -999.0 -999.0 -999.0 -999.0 -999.0 -999.0 -999.0 -999.0 -999.0 -999.0 -999.0 -999.0 -999.0 -999.0 -999.0 -999.0 -999.0 -999.0 -999.0 -999.0 -999.0 -999.0 -999.0 -999.0 -999.0 -999.0 -999.0 -999.0 -999.0 -999.0 -999.0 -999.0 -999.0 -999.0 -999.0 -999.0 -999.0 -999.0 -999.0 -999.0 -999.0 -999.0 -999.0 -999.0 -999.0 -999.0 -999.0 -999.0 -999.0 -999.0 -999.0 -999.0 -999.0 -999.0 -999.0 -999.0
-999.0 -999.0 -999.0 -999.0 -999.0 -999.0 -999.0 -999.0 -999.0 -999.0 -999.0 -999.0 -999.0 -999.0 -999.0 -999.0 -999.0 -999.0 -999.0 -999.0 -999.0 -999.0 -999.0 -999.0 -999.0 -999.0 -999.0 -999.0 -999.0 -999.0 -999.0 -999.0 -999.0 -999.0 -999.0 -999.0 -999.0 -999.0 -999.0 -999.0 -999.0 -999.0 -999.0 -999.0 -999.0 -999.0 -999.0 -999.0 -999.0 -999.0 -999.0 -999.0 -999.0 -999.0 -999.0 -999.0 -999.0 -999.0 -999.0 -999.0 -999.0 -999.0 -999.0 -999.0 -999.0 -999.0 -999.0 -999.0 -999.0 -999.0 -999.0 -999.0 -999.0 -999.0 -999.0 -999.0 -999.0 -999.0 -999.0 -999.0 -999.0 -999.0 -999.0 -999.0
-999.0 -999.0 -999.0 -999.0 -999.0 -999.0 -999.0 -999.0 -999.0 84.0 -999.0 -999.0 -999.0 -999.0 -999.0 -999.0 -999.0 -999.0 -999.0 -999.0 -999.0 -999.0 -999.0 -999.0 -999.0 -999.0 -999.0 -999.0 -999.0 -999.0 -999.0 -999.0 -999.0 -999.0 -999.0 -999.0 -999.0 -999.0 -999.0 -999.0 -999.0 -999.0 -999.0 -999.0 -999.0 -999.0 -999.0 -999.0 -999.0 -999.0 -999.0 -999.0 -999.0 -999.0 -999.0 -999.0 -999.0 -999.0 -999.0 -999.0 -999.0 -999.0 -999.0 -999.0 -999.0 -999.0 -999.0 -999.0 -999.0 -999.0 -999.0 -999.0 -999.0 -999.0 -999.0 -999.0 -999.0 -999.0 -999.0 -999.0 -999.0 -999.0 -999.0 -999.0
87.3 88.5 88.8 89.4 89.3 97.8 91.9 90.0 76.9 84.0 -999.0 91.9 -999.0 -999.0 99.9 -999.0 -999.0 -999.0 -999.0 -999.0 -999.0 -999.0 -999.0 74.4 -999.0 -999.0 -999.0 -999.0 -999.0 -999.0 -999.0 -999.0 -999.0 -999.0 -999.0 -999.0 -999.0 -999.0 -999.0 -999.0 -999.0 -999.0 -999.0 -999.0 -999.0 -999.0 -999.0 -999.0 -999.0 -999.0 -999.0 -999.0 -999.0 -999.0 -999.0 -999.0 -999.0 -999.0 -999.0 -999.0 -999.0 -999.0 -999.0 -999.0 -999.0 -999.0 -999.0 -999.0 -999.0 -999.0 -999.0 -999.0 -999.0 -999.0 -999.0 -999.0 -999.0 -999.0 -999.0 -999.0 -999.0 -999.0 -999.0 -999.0
87.3 88.8 88.8 89.5 88.9 96.6 90.8 89.9 76.4 84.0 71.6 88.9 87.0 74.6 94.9 74.8 77.6 75.5 -999.0 74.6 74.8 75.3 71.8 74.4 74.4 72.7 75.2 78.4 76.3 88.1 77.9 -999.0 102.2 -999.0 -999.0 -999.0 -999.0 -999.0 101.3 -999.0 -999.0 -999.0 -999.0 89.2 -999.0 -999.0 -999.0 -999.0 -999.0 -999.0 -999.0 -999.0 -999.0 88.1 -999.0 -999.0 -999.0 -999.0 -999.0 -999.0 -999.0 -999.0 -999.0 -999.0 -999.0 -999.0 -999.0 -999.0 -999.0 -999.0 -999.0 -999.0 -999.0 -999.0 -999.0 -999.0 -999.0 -999.0 -999.0 -999.0 -999.0 -999.0 -999.0 -999.0
87.3 89.3 88.8 89.5 89.3 96.6 91.8 87.9 76.9 76.3 72.8 89.3 89.0 75.1 99.9 75.3 77.6 75.7 73.9 74.7 75.0 75.3 72.1 74.4 74.4 72.7 75.0 78.0 76.1 85.3 77.9 70.7 102.2 75.0 69.8 62.1 64.7 67.0 95.5 73.6 76.5 79.4 75.4 89.2 80.0 83.1 -999.0 102.0 85.1 -999.0 -999.0 -999.0 101.2 88.1 -999.0 -999.0 -999.0 -999.0 -999.0 -999.0 -999.0 -999.0 -999.0 -999.0 -999.0 -999.0 -999.0 -999.0 -999.0 -999.0 -999.0 -999.0 -999.0 -999.0 -999.0 -999.0 -999.0 -999.0 -999.0 -999.0 -999.0 -999.0 -999.0 -999.0
87.1 89.8 87.7 89.8 87.4 90.1 87.6 86.0 74.8 71.8 71.6 75.8 75.8 75.2 75.1 75.3 77.6 75.7 73.9 74.7 74.8 75.3 71.8 73.9 74.4 72.7 75.2 77.9 76.3 83.9 77.9 70.9 102.2 75.3 70.6 62.1 64.7 67.1 101.3 73.1 76.8 78.8 75.7 88.3 80.1 82.9 82.7 99.3 85.1 84.5 89.4 88.1 97.8 88.1 88.0 87.2 86.4 85.9 88.7 86.0 84.3 85.1 84.0 92.2 84.0 94.1 86.1 -999.0 87.7 104.8 100.0 87.5 -999.0 -999.0 -999.0 81.8 -999.0 -999.0 -999.0 -999.0 -999.0 -999.0 -999.0 -999.0
87.1 89.8 87.9 89.7 88.5 89.3 87.8 82.7 78.9 78.7 77.2 78.6 78.8 77.8 78.3 78.3 77.8 76.8 73.9 75.2 75.8 75.0 73.4 73.8 74.0 73.0 74.4 75.6 75.2 78.1 77.3 76.2 88.0 75.3 69.8 62.3 64.7 68.1 71.3 76.0 76.5 78.7 75.4 80.6 80.0 82.7 82.7 100.1 85.1 84.0 89.7 88.2 101.0 87.8 87.9 87.2 86.7 85.5 88.5 85.9 84.7 85.1 84.0 90.8 83.9 92.6 85.8 85.9 87.5 100.6 100.0 87.5 -999.0 86.6 86.1 81.8 84.4 83.2 -999.0 85.6 87.6 88.3 85.8 85.2
89.2 88.7 88.3 86.4 88.5 88.8 89.4 80.0 80.2 80.4 80.4 81.7 77.5 79.8 79.5 80.4 79.0 78.9 74.1 73.6 73.1 74.2 72.5 75.3 72.0 73.6 76.2 76.0 75.8 76.3 77.5 78.9 75.1 76.9 73.8 62.0 64.5 69.2 70.9 72.3 78.1 76.7 76.8 78.9 80.5 81.9 82.7 85.1 84.1 83.7 86.6 88.1 85.8 86.7 88.0 87.2 86.4 85.6 88.7 85.9 84.3 85.2 84.0 90.9 84.0 92.6 86.1 85.9 87.7 100.8 100.0 87.5 81.8 86.6 85.2 81.8 84.4 83.2 83.7 85.3 87.6 87.5 86.1 85.0
87.0 88.7 89.1 87.4 87.7 90.7 89.7 84.9 84.6 86.2 83.6 84.0 86.7 81.6 81.0 81.1 79.9 78.9 75.8 74.9 73.4 73.0 74.3 73.9 71.9 73.6 74.0 75.5 75.7 76.4 78.5 74.4 75.4 76.7 75.1 61.9 66.5 68.0 72.0 72.4 75.3 75.3 74.5 77.6 77.7 81.4 84.4 79.3 82.1 81.8 85.2 88.1 87.9 86.5 87.4 87.3 87.8 84.2 87.8 85.6 86.2 85.8 84.9 83.9 83.7 84.0 84.4 85.8 86.9 86.3 90.3 86.2 82.0 86.6 86.1 81.6 84.4 83.0 83.7 85.1 87.6 87.4 85.8 85.1
89.8 88.7 89.4 89.0 90.4 90.6 88.9 83.8 86.0 87.3 88.0 83.6 85.1 82.3 80.7 81.0 82.5 80.0 77.1 77.1 75.8 76.1 73.9 77.5 70.0 74.7 74.4 75.0 76.3 75.7 78.1 75.3 76.4 75.4 74.5 62.1 69.1 69.0 72.8 73.2 76.1 75.1 74.9 78.2 77.8 79.7 80.4 79.4 82.3 81.2 82.0 84.1 87.4 85.3 87.2 87.9 86.0 87.7 88.1 87.7 86.8 86.8 84.7 84.9 84.2 84.8 84.7 85.7 86.6 88.1 84.5 85.6 81.9 87.7 81.7 81.6 81.8 82.2 83.7 83.2 82.6 83.1 87.1 84.5
91.3 89.4 88.7 88.9 90.4 91.3 84.3 82.8 87.7 86.7 85.8 85.2 81.6 81.9 82.3 81.9 81.4 81.6 77.1 78.7 79.3 79.0 76.4 78.6 74.3 75.0 73.4 74.7 77.4 76.3 77.1 75.3 76.4 76.7 75.6 64.3 69.5 69.8 73.1 72.5 76.5 75.4 76.5 78.6 77.7 81.0 80.3 80.3 81.5 81.3 82.0 84.7 87.3 84.5 86.0 85.3 86.5 87.5 85.1 87.5 87.1 87.4 85.9 86.6 87.5 88.3 83.7 87.6 85.3 87.4 86.8 88.5 83.3 87.9 82.3 81.5 81.8 82.2 82.3 81.6 84.1 84.2 83.6 82.1
93.0 90.3 88.4 89.0 88.9 92.3 85.4 87.6 88.7 85.2 86.7 85.2 85.0 80.2 83.0 82.3 82.6 82.4 82.3 77.5 79.3 77.6 77.4 79.7 75.8 75.4 74.1 76.0 75.7 76.5 77.7 74.5 77.1 77.1 74.3 66.8 67.1 72.5 71.9 73.3 73.7 77.1 75.2 77.7 78.5 82.6 81.3 79.7 82.8 82.3 80.9 84.8 84.8 84.5 84.8 83.0 86.3 88.4 88.9 86.8 88.2 87.9 87.3 87.5 85.4 88.9 85.2 86.9 84.3 85.5 86.3 86.3 84.0 86.3 80.6 82.7 82.1 82.2 81.5 81.8 84.3 83.8 86.9 82.6
90.9 90.3 89.1 89.2 89.6 91.5 85.9 89.0 84.8 86.3 84.7 84.8 82.1 79.7 83.2 83.2 83.4 82.7 81.5 79.9 80.8 78.1 80.1 79.6 77.5 75.3 74.5 74.4 75.4 75.7 73.8 75.7 74.5 72.9 71.3 70.5 68.5 74.1 75.7 73.4 74.5 74.8 75.7 77.9 77.3 80.8 81.7 80.6 80.7 82.5 81.7 84.6 84.6 84.6 85.6 85.5 82.5 87.6 87.1 85.9 86.4 88.4 89.1 88.3 87.0 86.3 85.7 88.3 87.1 87.4 88.2 85.2 83.9 85.9 82.7 79.8 79.9 81.4 82.1 81.6 82.3 81.2 85.1 83.6
91.3 89.9 88.9 89.5 89.8 90.4 83.8 85.9 84.3 86.3 83.6 84.4 85.7 84.4 84.9 83.8 83.3 84.6 83.0 83.6 82.2 81.3 81.5 79.7 79.9 77.7 78.2 75.2 73.6 74.4 75.5 76.0 75.0 74.5 69.9 72.0 68.3 73.1 75.4 75.2 75.1 76.0 76.0 77.0 74.3 80.3 80.0 83.0 81.1 83.4 80.4 84.2 85.6 85.0 85.3 84.1 87.2 86.5 88.0 87.7 85.6 87.4 89.1 88.6 86.1 85.7 86.4 87.2 87.9 86.2 88.6 85.9 86.9 88.2 82.1 81.7 81.2 82.9 81.6 80.8 82.3 82.2 85.3 83.0
91.3 90.3 89.3 89.1 91.1 89.3 87.4 87.2 84.2 84.2 84.6 82.2 84.7 84.2 79.9 84.2 84.3 85.2 82.7 82.5 81.7 81.5 81.5 81.5 81.2 83.3 79.2 76.0 76.2 76.4 75.9 77.6 75.9 75.1 67.0 73.0 70.6 72.3 74.1 73.9 73.2 74.7 75.9 77.4 80.1 77.6 79.8 83.9 81.2 81.6 83.9 83.9 84.8 86.7 85.9 84.0 85.9 85.8 86.7 87.4 85.8 86.3 88.3 87.8 86.1 86.9 87.1 87.3 87.7 85.9 87.6 85.9 83.0 87.4 82.2 82.0 81.7 83.1 82.7 81.4 83.5 83.4 85.0 82.2
90.6 91.5 88.3 89.0 91.5 90.1 86.3 83.9 84.8 83.7 86.9 82.8 86.5 83.0 84.0 83.3 85.8 85.3 81.9 83.9 81.2 81.6 81.2 81.9 78.7 81.2 80.1 74.9 75.6 77.1 76.1 76.2 75.1 72.8 70.9 75.6 73.1 74.7 72.8 74.9 73.9 74.9 72.6 77.0 78.3 77.1 80.1 80.6 81.6 82.5 84.0 84.2 83.7 84.2 85.9 84.3 85.8 85.7 85.0 87.2 87.6 87.1 87.9 86.2 87.1 87.0 89.3 87.4 87.7 88.5 87.7 87.2 89.1 87.2 83.7 82.0 84.0 81.9 82.3 82.0 84.2 83.1 85.1 82.8
95.5 91.7 90.2 89.5 89.6 83.6 85.0 82.5 82.6 85.8 84.6 84.4 86.1 85.0 85.2 83.6 85.5 85.5 83.8 84.0 83.4 83.0 83.9 82.0 83.5 80.8 82.3 76.1 77.8 77.6 77.7 73.6 74.3 71.4 72.4 76.2 74.3 76.4 74.0 75.4 74.1 76.8 75.1 78.2 78.2 77.9 80.2 81.1 79.1 81.6 84.4 84.0 84.9 84.5 85.7 83.6 86.6 86.1 86.0 86.8 86.7 85.9 87.1 86.5 89.0 87.1 86.1 88.1 87.0 90.3 88.3 88.6 85.9 86.4 82.1 82.5 83.3 83.0 82.7 81.9 85.1 83.1 85.5 83.3
90.3 90.3 89.1 89.2 89.4 82.3 85.4 83.3 84.6 84.7 83.7 84.6 85.2 84.8 85.6 85.6 85.8 85.5 84.0 83.5 83.1 86.0 86.3 80.7 81.3 80.7 81.4 76.1 76.4 76.3 76.7 73.8 74.2 70.0 73.3 77.1 75.8 76.5 75.4 77.2 74.9 77.8 76.9 78.6 80.1 78.2 80.7 81.3 80.0 83.6 85.3 84.2 83.2 84.4 82.4 86.6 86.1 85.5 86.6 85.3 88.3 86.3 87.8 87.4 86.8 87.8 88.4 89.2 89.6 90.6 88.3 89.5 88.0 85.3 81.1 81.5 82.2 80.1 88.5 82.7 85.0 83.9 85.0 84.1
89.5 90.2 88.6 89.9 86.2 81.6 79.4 82.7 84.2 86.6 83.0 86.2 85.1 84.8 86.5 85.2 84.9 86.8 85.7 84.8 84.2 87.2 84.9 82.5 80.9 83.2 82.1 79.1 72.1 75.6 73.4 72.0 72.0 72.2 74.2 78.4 76.9 76.6 76.8 77.8 76.1 77.6 77.2 79.1 80.0 80.5 80.0 81.1 80.6 82.9 84.0 83.4 84.1 84.8 84.6 86.1 85.9 85.6 86.5 85.6 88.2 90.6 85.6 86.8 87.1 87.4 88.5 87.5 90.0 91.4 88.4 89.4 88.8 84.6 81.3 82.5 80.7 83.3 81.1 82.4 82.9 82.4 84.9 84.7
91.1 90.1 91.2 88.5 84.4 80.8 82.3 80.5 83.2 84.6 83.6 85.0 84.3 85.7 85.9 86.9 83.9 84.7 82.7 86.7 85.5 88.6 85.1 84.7 84.9 84.3 82.8 81.9 74.0 76.6 73.7 72.2 73.8 73.0 77.5 77.3 81.2 78.2 78.0 78.9 79.2 78.0 78.0 80.8 80.2 80.3 79.3 80.7 81.9 82.1 82.0 83.2 83.5 83.8 83.5 84.6 85.8 84.9 85.7 85.8 86.0 85.3 87.2 87.2 86.9 85.8 88.5 86.0 89.0 90.9 89.0 89.9 86.7 82.8 82.4 83.0 84.4 84.5 83.9 82.2 83.2 78.9 82.1 84.0
89.1 89.2 91.4 87.1 82.5 80.9 81.4 82.0 85.3 83.8 85.2 86.3 84.9 85.1 86.1 86.6 85.1 83.7 85.9 87.3 87.4 88.5 86.4 84.8 85.5 85.9 83.8 82.8 71.9 77.4 74.5 75.5 76.2 78.0 81.1 77.6 78.9 78.2 80.1 79.9 80.6 80.4 79.3 80.0 80.8 78.9 79.6 80.2 78.6 81.9 81.6 84.1 83.2 84.9 80.8 84.3 84.4 84.5 84.8 85.8 87.5 85.4 84.6 86.9 86.6 86.3 87.7 84.7 87.8 90.1 87.8 89.3 87.4 84.1 83.0 83.6 83.7 84.4 84.8 84.1 84.0 80.9 83.7 83.6
90.8 89.3 92.0 84.5 81.4 79.0 83.8 82.4 84.5 83.9 85.7 86.0 85.9 85.4 88.0 85.8 87.8 85.5 85.1 87.3 87.9 88.6 86.7 86.6 86.3 87.6 82.8 83.5 77.1 79.6 73.9 78.1 79.0 83.3 83.4 75.8 78.5 74.1 78.6 80.3 80.1 81.8 80.6 80.7 78.7 78.3 80.1 79.6 79.7 81.2 79.5 82.2 82.9 82.2 82.9 84.0 83.6 86.2 86.2 85.3 85.1 85.4 87.3 86.5 86.3 86.6 86.2 87.4 86.6 89.5 87.2 87.3 89.2 84.4 85.0 84.1 83.5 84.4 83.6 85.3 86.7 81.9 81.7 81.2
92.7 91.6 87.5 81.9 80.8 79.2 79.0 82.3 83.7 85.1 85.3 85.5 87.4 86.6 87.1 85.8 85.5 85.8 85.3 87.3 88.2 87.7 87.4 87.0 88.1 85.7 83.3 84.5 80.6 83.3 81.5 80.9 82.0 87.0 86.5 79.4 76.0 77.4 78.2 80.3 82.2 82.5 79.5 81.1 81.7 79.6 78.6 78.4 81.7 82.3 81.8 80.8 83.3 80.7 84.4 84.3 84.8 84.8 87.8 85.3 89.4 86.4 87.1 84.9 86.9 86.9 85.3 86.6 85.9 88.2 86.0 88.7 87.0 84.8 83.0 85.2 85.9 84.5 82.1 84.1 82.2 80.7 83.0 80.2
91.3 86.7 84.7 79.6 79.1 80.2 77.9 82.6 82.7 85.7 81.7 84.6 87.3 87.0 88.6 86.5 85.6 86.1 85.0 87.9 92.4 88.6 83.1 87.3 87.6 83.3 82.7 84.9 82.9 84.5 81.9 81.9 85.2 89.0 85.5 80.9 76.1 76.9 79.0 79.3 81.3 81.0 82.0 81.4 79.9 79.5 77.9 76.4 81.2 80.5 82.9 82.3 82.3 82.0 84.8 84.5 83.8 83.8 85.8 86.4 87.9 86.3 85.5 81.1 88.3 87.0 87.3 86.7 86.2 86.6 87.9 87.8 88.6 86.0 85.3 83.9 82.4 84.7 83.3 84.1 83.2 81.3 80.6 80.4
93.4 83.2 81.5 77.4 79.1 80.8 81.6 82.9 83.0 85.0 85.2 87.0 88.4 87.1 90.5 86.7 86.2 86.0 84.5 87.8 87.8 90.1 87.4 88.5 87.3 82.8 84.4 86.1 83.8 84.9 83.2 83.1 85.5 90.5 89.9 82.7 79.2 76.1 78.4 77.2 81.1 79.3 78.3 80.5 79.9 81.9 78.6 80.1 80.6 80.7 80.6 82.6 82.9 82.3 83.2 84.2 84.1 83.9 86.7 86.5 85.4 86.2 86.6 86.7 88.5 87.1 85.0 87.9 85.6 86.3 86.9 87.9 90.2 88.8 84.4 83.1 86.7 83.6 83.9 83.1 82.9 81.7 77.0 80.6
89.5 81.1 80.2 76.5 76.3 79.9 80.9 82.8 88.4 85.0 84.5 86.4 86.9 86.9 86.2 88.1 85.9 87.0 86.8 87.0 89.0 89.9 89.6 89.3 89.6 83.0 84.8 86.0 84.9 85.7 86.8 80.9 86.4 91.1 89.9 85.8 78.4 76.6 77.1 76.1 80.7 78.9 78.4 78.7 80.3 82.7 81.8 80.2 80.5 80.2 78.6 81.6 81.6 82.3 83.7 84.7 85.0 84.2 85.6 86.6 86.0 86.6 87.4 87.2 88.4 87.3 85.1 89.3 86.1 86.0 89.1 87.7 87.5 88.7 84.0 83.5 85.2 84.9 86.9 83.8 82.3 81.6 82.7 81.8
82.9 77.1 76.5 75.9 77.6 79.5 80.2 82.9 85.8 85.3 85.0 85.0 88.8 85.2 90.0 89.1 87.0 88.3 87.7 87.7 94.2 89.1 88.8 87.9 87.9 83.3 84.6 85.9 85.2 86.7 89.1 84.1 89.4 91.4 89.5 86.9 79.1 77.4 75.0 75.3 80.0 77.4 78.2 79.9 80.5 81.9 81.4 80.8 79.9 79.6 80.5 80.3 81.2 81.5 82.7 83.7 85.2 84.1 84.8 85.9 85.6 87.0 87.4 85.9 87.0 87.0 86.7 85.7 87.0 86.5 86.7 86.2 87.2 88.8 85.2 84.9 85.6 85.6 83.5 85.0 85.4 81.4 82.8 82.6
