surveys/_q10_1/matrix_bed_q10_1s1.txt
north:            -502.50
south:           -1197.50
east:             2705.00
west:              -93.00
rows:                 141
cols:                 279
null:              -999.0
[rows 76 to 113 of 141, columns 168 to 251 of 279]
94.4 96.0 91.6 92.0 94.1 92.4 94.8 93.6 91.4 91.9 91.3 90.3 88.5 90.0 90.2 90.1 94.4 88.9 89.7 90.3 90.9 89.8 93.2 89.5 91.3 89.8 86.9 90.4 88.4 90.6 92.4 93.8 91.8 91.8 93.5 86.3 82.4 70.9 68.1 72.9 73.9 80.0 84.4 83.8 84.6 90.5 91.1 90.5 91.6 91.8 89.1 84.4 90.0 87.3 89.3 92.4 92.5 89.2 86.6 86.9 93.7 92.7 90.9 92.1 90.8 89.9 89.3 89.2 86.2 90.6 93.7 90.7 88.6 90.4 87.2 87.5 82.7 82.9 82.4 82.7 78.4 82.4 87.3 90.6
91.0 91.9 93.2 91.1 91.5 92.6 93.3 93.0 94.8 93.8 94.0 89.5 89.3 90.4 90.1 87.8 93.1 89.7 89.9 90.8 90.9 90.6 91.8 90.8 93.0 91.2 88.3 89.6 88.3 90.4 91.6 92.1 92.6 92.4 91.4 85.3 79.7 64.2 67.5 69.0 73.5 77.7 78.5 78.6 84.0 89.1 92.4 91.7 88.6 90.9 87.9 86.4 88.7 90.6 88.8 90.1 90.5 89.5 87.6 86.4 93.1 91.7 90.5 93.6 88.6 90.9 90.0 88.5 88.3 91.8 92.5 90.8 89.8 91.9 90.1 89.8 84.7 82.7 81.0 83.5 86.2 80.9 87.6 92.6
93.1 91.3 92.1 91.8 93.3 93.5 93.5 93.2 96.6 93.7 94.1 88.5 90.9 90.3 91.9 88.7 92.6 90.3 91.5 88.9 93.6 90.2 89.5 91.6 93.3 91.4 87.5 88.8 87.9 89.5 90.2 92.8 93.1 93.1 91.3 76.6 80.9 67.0 67.5 67.9 71.8 75.3 79.5 74.9 80.5 86.6 89.9 88.2 89.4 89.3 87.9 87.0 86.8 89.2 88.7 89.5 90.0 86.8 87.7 85.8 94.8 91.9 92.4 90.6 93.3 87.4 90.9 87.3 89.4 93.5 93.1 91.3 91.5 94.1 90.3 89.8 85.7 83.1 80.9 83.1 85.6 79.9 87.1 91.7
92.6 92.9 91.6 91.9 92.6 93.1 93.1 93.5 93.9 91.4 92.6 90.7 86.5 89.9 91.5 89.5 91.6 90.5 88.8 88.7 92.5 90.9 90.6 92.1 92.9 91.3 88.3 88.6 88.5 87.8 91.5 92.7 94.9 95.1 88.7 76.9 68.7 67.2 63.4 67.4 69.4 74.3 76.7 75.0 82.6 85.6 90.6 87.6 88.2 88.3 87.4 86.9 90.9 88.4 88.6 89.1 91.4 87.9 85.8 86.2 94.9 91.8 94.4 91.8 93.0 87.0 91.3 88.6 88.2 94.9 93.8 92.0 91.8 94.2 89.3 90.1 86.0 84.4 81.2 81.9 82.3 81.5 82.9 88.4
92.8 93.5 90.1 92.8 91.9 92.2 92.5 88.3 93.5 91.6 91.1 90.7 88.2 89.6 89.9 89.0 93.1 89.9 92.5 88.5 91.3 91.1 92.2 90.9 92.7 91.0 89.9 89.9 85.0 88.3 91.5 93.2 92.9 92.3 83.1 76.1 69.6 69.8 66.8 67.2 67.3 74.1 76.3 75.5 82.8 83.0 87.6 87.9 87.5 88.1 86.9 86.5 87.5 88.7 90.4 88.7 89.1 88.6 84.4 87.5 92.8 91.7 90.9 91.3 91.3 89.5 92.8 88.4 89.5 93.7 91.9 91.6 93.2 94.1 90.9 89.0 88.0 88.6 78.8 82.5 82.7 80.7 82.1 86.7
93.9 92.4 92.6 92.3 93.0 92.5 93.1 93.4 92.2 91.4 92.3 90.8 85.6 88.9 89.9 88.3 92.4 89.7 90.7 90.1 92.9 91.3 90.4 90.3 91.9 90.0 88.4 90.5 87.0 88.9 90.9 95.1 94.1 88.9 79.8 74.0 72.7 69.8 70.4 65.6 69.5 73.4 75.0 74.9 85.8 80.5 87.4 87.2 88.5 86.6 85.4 85.9 87.1 87.9 92.2 88.9 89.6 88.6 88.8 91.1 93.9 92.1 93.0 91.2 94.0 88.5 89.7 88.1 93.0 93.1 92.8 90.8 92.0 91.9 90.6 88.3 88.0 90.2 79.4 83.1 81.4 79.8 78.6 84.2
93.2 92.5 92.9 93.8 94.3 92.4 93.4 94.1 92.2 90.7 91.7 91.0 89.1 86.5 89.0 88.2 93.5 89.9 88.6 90.0 90.2 91.8 90.2 89.7 94.1 91.4 92.6 90.2 88.9 86.9 92.1 94.8 90.5 83.8 78.1 74.6 72.9 69.3 72.4 65.5 67.5 71.9 74.5 73.9 76.5 78.5 86.4 87.1 88.4 85.6 86.7 86.4 88.9 87.4 91.0 88.6 88.8 87.6 87.4 93.3 93.5 92.2 92.7 92.6 90.0 88.5 91.4 88.1 91.5 92.4 91.1 91.8 93.5 92.7 89.3 88.4 94.0 90.6 84.7 84.5 82.2 79.9 77.2 82.1
91.2 94.1 92.1 93.6 92.2 91.8 94.1 93.3 92.1 90.5 93.0 92.0 88.7 87.2 89.8 88.9 90.5 90.3 90.5 89.3 88.7 92.7 91.4 88.8 92.0 91.0 91.3 88.7 87.6 85.6 91.2 94.6 88.0 79.7 76.2 74.7 72.6 70.2 69.7 68.6 65.2 71.4 74.3 77.5 75.5 74.1 79.0 85.8 84.8 82.8 84.5 87.1 90.7 88.8 92.1 86.5 88.5 87.5 87.6 94.4 93.9 92.9 93.7 92.8 92.3 89.4 91.5 90.3 90.6 90.0 92.3 91.4 90.5 92.0 91.2 90.6 90.7 89.6 87.4 87.7 87.3 80.5 78.0 78.8
93.4 94.3 92.3 93.3 92.6 92.0 93.7 90.2 90.8 89.3 88.9 92.4 88.9 87.2 87.8 90.2 92.0 90.6 90.0 89.0 89.5 88.7 91.2 88.5 88.1 90.7 91.2 88.1 86.4 88.2 89.2 94.1 83.2 77.2 76.1 74.1 75.7 70.8 70.7 72.3 68.4 72.3 73.6 76.3 73.9 73.6 76.2 82.2 85.6 81.7 86.1 87.6 91.3 89.4 87.8 88.1 89.4 88.8 88.9 94.9 94.3 91.4 93.2 90.7 91.6 89.1 90.8 89.9 90.0 91.1 92.3 91.6 92.9 92.4 89.1 89.8 87.9 90.3 91.3 90.7 85.0 79.9 78.5 76.1
92.0 93.4 92.1 91.8 92.1 91.0 92.6 90.3 92.2 89.5 90.1 92.2 89.1 87.7 89.9 89.9 89.9 91.5 89.2 88.7 89.1 89.4 92.6 89.3 90.1 93.5 90.3 87.0 85.5 89.0 89.2 92.2 80.7 76.0 75.1 74.5 70.7 71.9 72.4 74.2 69.1 72.5 74.7 79.1 78.8 73.5 75.9 80.3 85.1 81.8 86.6 88.0 89.7 89.8 89.4 88.3 89.1 89.6 88.4 95.1 94.8 92.2 94.0 88.5 93.5 88.7 93.0 89.1 91.4 91.6 91.9 90.6 92.4 92.7 92.3 89.7 91.7 90.4 89.5 90.0 85.0 80.8 79.1 74.1
91.4 93.9 90.1 92.2 91.2 89.8 92.2 92.3 93.7 89.1 84.9 90.5 88.9 88.6 87.0 87.9 90.0 90.9 90.4 89.5 88.4 88.0 90.1 88.8 89.5 93.2 92.4 87.6 87.0 88.6 90.2 88.7 78.3 74.0 79.9 73.7 71.5 75.0 72.7 79.0 72.4 71.4 73.7 77.3 77.5 73.8 73.6 79.1 85.7 82.5 85.6 87.4 90.7 89.4 90.1 88.7 89.2 89.3 88.2 94.5 95.6 91.9 94.1 89.3 90.9 89.0 91.4 89.7 88.7 90.0 91.1 90.4 92.0 92.6 92.7 89.6 86.4 90.4 91.3 90.2 86.8 83.1 78.3 73.6
91.8 92.3 91.2 92.2 94.8 90.1 92.0 92.8 92.4 91.3 88.8 90.4 88.0 87.5 85.8 87.5 91.8 88.7 91.6 89.0 90.0 86.2 91.1 89.0 90.0 92.2 90.4 88.7 87.5 90.2 88.6 84.2 75.0 74.6 74.4 73.3 73.8 78.2 74.2 81.5 75.1 71.3 71.6 76.4 76.9 75.0 74.1 77.7 82.4 82.2 86.7 87.6 91.3 88.3 89.6 88.8 89.0 90.5 88.2 95.0 94.7 93.4 93.1 90.3 90.0 89.2 89.1 90.1 85.9 90.1 90.7 90.6 90.9 92.1 90.5 89.1 88.7 91.1 90.8 91.2 86.4 82.5 81.3 76.6
92.7 91.6 91.6 91.5 92.6 91.0 91.9 94.5 93.7 92.5 90.6 91.1 86.2 87.8 87.2 87.4 90.0 88.6 90.1 89.9 92.1 87.2 91.5 90.1 91.7 91.7 91.5 89.3 86.4 88.8 88.9 81.0 72.5 75.7 74.7 74.6 76.2 79.4 77.7 82.1 81.6 73.0 74.2 75.0 77.3 76.4 73.4 77.6 77.6 80.8 83.0 87.5 87.4 88.0 90.9 88.9 89.3 90.6 93.3 95.4 96.3 94.0 95.4 92.1 92.5 92.5 89.4 89.7 88.4 90.4 87.6 90.2 94.1 91.6 89.3 88.0 88.6 92.4 91.2 91.8 89.5 86.3 79.6 75.5
86.2 91.3 92.4 91.7 89.1 90.7 91.0 94.3 92.6 91.3 91.3 91.3 90.3 87.9 91.2 88.9 90.2 89.4 89.1 90.4 91.1 87.6 93.4 90.5 89.5 91.0 91.2 90.9 90.6 88.2 88.4 80.7 71.3 76.3 75.1 77.9 81.1 82.9 83.7 82.1 83.5 77.4 71.4 74.4 77.2 77.9 73.1 77.5 76.4 79.5 84.4 85.3 87.0 87.9 89.5 89.9 88.4 90.0 94.8 95.7 94.5 94.3 92.0 92.6 90.7 90.2 89.0 89.4 90.7 88.1 89.1 90.6 87.5 91.6 93.1 88.7 89.5 93.0 88.5 90.8 86.4 89.1 80.0 73.8
89.2 92.6 90.2 91.6 88.6 90.9 93.0 93.0 91.3 91.9 92.4 91.6 87.9 87.5 87.0 88.1 90.8 88.6 89.0 91.6 88.1 87.7 92.1 90.3 94.0 89.1 91.0 89.2 88.2 87.6 87.5 77.2 71.3 76.3 73.3 81.4 84.2 87.4 86.0 81.7 81.3 80.7 67.8 74.7 76.6 77.7 74.0 75.6 77.8 78.8 81.4 85.3 88.5 87.7 91.6 90.9 95.7 89.2 95.0 94.6 92.6 92.5 92.4 92.4 90.8 91.7 90.5 90.5 88.0 88.1 89.8 90.9 92.6 92.4 89.2 92.7 91.8 94.5 92.9 91.1 88.6 90.0 80.5 72.7
89.0 92.6 92.4 91.5 87.0 90.6 93.5 90.5 91.6 91.5 92.5 89.9 88.3 86.9 88.6 87.8 89.6 90.1 88.4 89.9 91.4 86.9 90.4 89.8 89.6 89.8 91.0 92.0 88.7 83.9 87.2 73.7 70.7 76.2 73.2 85.1 86.7 88.8 84.5 82.1 83.9 84.1 73.7 76.0 76.6 75.9 74.5 79.4 76.4 78.0 82.9 85.4 87.1 88.3 89.8 89.8 90.1 89.3 97.1 93.7 94.0 92.1 91.5 91.5 89.8 91.9 93.7 89.8 86.0 90.9 87.8 90.3 91.6 94.2 90.3 92.6 92.5 93.8 89.8 91.5 90.3 91.2 83.6 72.7
89.3 87.8 89.3 90.9 91.3 91.4 91.1 90.2 93.5 90.3 91.7 90.0 89.4 87.1 90.2 88.0 92.8 88.7 86.0 89.3 90.5 87.3 87.8 89.8 88.5 92.6 89.0 91.1 89.2 83.7 83.8 72.0 72.3 74.7 76.9 86.2 88.9 89.5 88.0 80.6 84.6 83.0 76.3 76.1 76.4 75.0 78.9 78.3 76.0 78.0 82.2 82.1 85.1 88.4 89.8 88.4 90.3 91.1 94.0 95.0 93.2 92.4 89.6 91.1 89.7 91.4 90.3 89.3 91.9 92.7 88.9 89.6 91.8 92.9 90.4 90.7 89.5 91.9 90.8 92.0 89.9 91.5 82.4 72.6
88.7 89.7 88.0 90.8 91.1 92.3 91.4 90.4 95.5 91.3 91.1 90.8 90.1 88.0 88.3 88.0 88.7 87.3 86.7 89.0 90.3 89.1 89.1 89.6 89.6 92.9 97.4 91.0 89.4 83.2 82.0 71.6 71.2 73.8 80.9 87.1 87.8 89.7 86.5 82.1 85.8 83.2 80.3 77.6 76.3 76.0 76.1 76.7 76.6 77.7 81.8 84.3 86.2 85.5 89.1 90.2 90.1 91.2 94.7 93.9 93.0 91.1 92.0 90.7 90.1 91.9 89.9 91.3 89.2 91.3 88.5 88.1 90.5 91.3 90.4 92.0 93.5 91.5 90.6 90.5 91.7 90.6 83.3 75.1
90.8 90.6 88.2 91.7 91.0 90.2 90.8 90.0 90.1 92.0 88.5 89.9 89.7 88.4 87.8 88.0 89.3 87.1 87.8 88.9 89.3 88.2 85.1 89.6 88.7 90.4 87.5 90.2 88.7 83.4 80.4 72.5 71.2 75.9 84.2 90.4 87.2 90.0 89.3 82.2 84.4 83.6 80.4 79.7 77.2 77.0 73.8 76.5 76.1 76.7 80.7 82.8 86.6 84.9 88.7 89.6 89.5 91.3 95.0 93.8 92.7 93.1 91.5 92.9 92.3 91.3 92.6 91.9 93.1 89.7 89.5 88.6 90.0 90.6 92.3 92.8 92.7 91.2 89.6 90.5 92.3 88.4 83.7 77.5
91.2 88.9 88.5 90.7 92.8 90.1 90.6 90.0 94.4 92.2 96.7 91.0 89.7 88.9 88.0 87.7 88.4 88.2 88.3 88.7 89.5 87.0 86.4 89.9 92.5 90.1 94.7 88.1 87.9 82.7 76.5 71.3 73.2 79.1 87.4 89.6 86.5 87.6 86.7 82.5 84.0 84.9 86.6 82.4 76.9 77.8 75.2 75.7 77.8 76.3 80.5 81.6 83.2 84.3 86.6 88.3 89.8 92.2 94.2 94.2 93.8 92.6 92.5 94.0 91.4 91.3 90.4 90.8 90.4 90.9 92.0 89.1 89.2 90.5 90.3 94.5 93.9 91.2 90.9 91.8 91.0 85.2 83.3 80.1
90.6 89.9 87.8 89.7 89.5 90.0 92.1 89.6 92.6 91.1 90.8 93.5 88.0 89.4 88.1 87.3 88.4 89.5 87.8 88.1 89.7 87.4 87.7 91.2 92.4 90.2 88.2 86.3 84.2 80.5 76.4 71.0 74.1 85.8 85.1 86.1 84.6 89.0 89.2 84.3 81.9 84.2 83.4 84.5 78.1 79.0 77.6 74.6 76.1 76.8 78.0 82.2 84.0 84.0 88.2 87.6 90.9 91.0 95.4 94.6 92.0 92.5 92.7 94.1 92.6 92.3 88.8 90.5 92.1 92.1 90.1 89.7 88.4 89.9 89.0 95.2 96.4 91.0 91.7 92.1 87.0 82.0 80.8 82.3
88.7 89.9 89.0 88.4 90.0 90.3 90.1 87.6 92.2 90.7 92.6 86.9 88.6 89.1 88.5 87.6 86.5 85.7 89.2 88.6 88.5 88.2 87.1 90.1 92.8 89.7 90.2 83.7 82.7 78.9 77.0 71.8 78.0 87.4 86.4 85.8 88.3 88.7 89.5 85.8 86.0 84.2 83.5 85.4 78.5 80.5 76.4 75.2 74.6 76.8 78.4 79.9 84.7 84.3 84.5 84.6 91.3 92.4 94.4 94.4 91.9 92.1 94.3 93.0 93.7 91.2 93.1 92.2 91.9 90.8 93.7 91.1 88.6 89.5 91.4 95.6 94.8 92.3 92.0 91.4 89.3 80.7 78.8 83.0
88.0 88.4 88.1 86.5 86.5 89.1 90.5 91.9 89.9 92.7 91.0 85.7 90.4 89.3 87.7 88.1 90.5 86.6 88.1 89.3 91.9 88.4 85.6 90.4 92.9 88.4 87.8 77.6 79.0 79.3 76.0 78.4 80.7 88.9 87.0 86.7 89.0 88.5 88.4 87.9 84.9 85.1 83.7 86.6 84.8 82.6 77.2 74.9 76.5 74.7 80.3 78.9 81.6 84.4 86.7 86.6 90.3 93.3 99.2 92.7 96.8 91.9 93.6 92.7 92.7 90.7 90.1 91.9 91.1 90.2 91.0 91.3 90.4 93.1 92.0 93.8 94.5 93.1 89.1 87.1 82.5 80.3 79.6 83.5
89.0 87.7 86.9 88.4 87.0 86.9 89.4 93.1 91.0 91.0 90.2 86.4 90.0 89.0 86.2 88.1 88.4 88.8 86.7 87.9 88.7 88.7 85.9 91.3 90.2 86.0 84.7 78.3 78.1 78.3 76.8 76.8 80.8 88.6 89.8 88.4 85.8 88.2 88.0 87.8 84.4 84.8 84.0 87.9 84.9 84.3 77.4 75.9 73.1 75.4 78.7 79.2 83.3 84.9 84.2 85.7 90.2 92.5 93.7 91.6 95.6 93.3 93.2 93.0 93.2 90.8 89.1 91.7 92.3 92.7 91.5 91.5 90.0 90.8 91.3 90.5 95.2 89.7 90.0 86.6 80.2 80.5 80.0 83.8
85.2 88.4 87.9 87.4 89.1 85.8 85.2 92.5 92.5 91.4 94.4 87.2 89.6 88.2 87.7 87.5 89.1 87.2 88.2 87.9 89.0 89.6 86.7 90.4 89.1 82.5 87.9 79.6 79.2 77.2 77.9 80.0 83.2 88.1 88.1 88.5 87.0 89.5 89.5 87.9 86.2 82.7 85.0 89.0 86.0 85.6 81.4 77.5 74.2 75.6 76.7 78.7 82.5 85.3 81.9 86.2 88.0 90.3 94.5 91.2 95.5 93.5 93.9 92.6 92.9 91.9 90.1 91.3 91.2 90.1 91.4 91.4 90.0 90.7 91.0 89.7 89.1 90.0 92.1 83.5 79.0 81.7 81.1 85.0
86.4 89.3 87.9 88.8 90.4 85.2 86.9 88.8 90.2 91.9 93.2 87.8 88.1 87.5 87.2 87.7 87.6 87.3 93.5 88.1 87.5 87.4 88.0 87.9 84.3 79.0 79.6 79.0 78.3 78.4 79.1 80.5 83.3 89.2 87.1 88.3 86.2 90.1 90.0 88.1 87.6 84.1 84.9 87.1 86.9 88.1 82.6 79.7 76.4 75.4 76.2 80.8 80.4 84.4 82.2 85.5 88.0 91.5 94.0 90.4 94.9 93.0 93.8 92.2 91.6 91.4 92.3 91.9 90.4 89.8 90.9 90.7 91.3 90.4 90.3 90.7 92.1 90.2 88.2 82.3 79.5 80.5 83.5 86.7
87.3 87.6 87.0 89.0 85.6 85.3 84.3 88.9 87.5 91.6 93.0 88.5 89.8 86.5 88.1 86.7 87.4 87.7 89.4 88.5 89.2 86.2 88.0 85.3 83.9 75.7 78.7 78.4 76.8 82.5 82.5 81.3 86.9 89.5 85.3 88.1 84.8 90.6 89.3 87.8 82.1 85.5 85.3 87.4 87.3 88.1 84.9 81.8 77.5 75.5 71.8 78.9 81.2 83.8 85.7 85.0 86.7 89.4 98.2 89.4 92.8 92.9 93.2 91.6 92.8 91.3 93.8 93.9 91.2 90.2 90.2 91.2 91.4 88.5 91.6 90.4 93.0 90.1 86.7 81.8 78.8 80.7 83.7 87.1
86.0 87.7 87.1 86.8 88.6 85.5 86.2 88.2 90.0 87.8 91.8 89.1 89.6 86.1 87.8 86.4 85.4 86.8 85.6 89.4 87.7 86.7 86.0 82.2 81.2 77.4 78.6 78.7 80.8 85.0 83.1 81.6 87.7 89.9 88.6 87.3 84.9 90.5 88.9 87.9 86.2 86.0 82.0 87.2 86.3 86.6 86.0 84.1 81.1 74.6 76.6 79.4 81.6 82.4 82.8 84.2 87.6 88.4 91.7 90.4 91.1 94.0 92.6 92.4 90.3 91.7 91.5 91.9 92.6 90.9 91.9 92.7 90.9 88.1 92.4 91.1 93.7 88.1 83.9 80.9 79.5 82.9 83.9 88.8
88.2 88.4 87.1 86.3 88.0 86.1 86.2 87.4 89.4 89.7 92.5 89.5 90.1 87.9 88.4 85.8 86.3 86.5 86.8 90.6 89.2 86.7 83.4 79.9 79.4 78.5 78.6 79.3 82.7 86.6 87.2 81.6 87.9 91.5 93.1 87.0 86.0 91.2 87.1 87.4 87.5 86.1 85.4 87.0 86.3 85.4 86.2 87.2 81.9 75.3 75.3 79.0 81.2 81.4 84.7 84.2 85.7 87.7 90.0 90.4 88.9 92.9 93.7 92.9 99.7 92.0 91.0 91.8 92.4 93.0 92.0 92.2 91.6 89.6 92.2 92.8 90.3 86.1 83.0 79.7 78.8 86.0 83.1 89.2
85.7 86.7 85.9 85.4 89.0 87.0 85.8 86.8 89.3 93.7 88.7 90.0 90.3 88.4 91.9 84.6 86.1 86.8 88.7 86.1 87.2 84.0 81.9 79.7 78.8 80.1 80.0 81.6 86.3 87.4 84.4 83.2 88.3 92.2 90.0 89.4 87.4 91.4 88.2 86.9 85.9 87.3 84.9 88.1 88.1 86.0 85.2 88.5 82.9 81.1 77.2 77.5 80.9 81.1 83.0 82.7 87.7 86.9 87.6 89.9 91.8 94.6 94.5 93.2 94.2 92.8 93.0 92.1 92.4 91.5 92.9 89.8 90.3 91.6 93.2 88.6 87.4 84.6 82.2 79.7 78.3 86.9 83.9 87.1
86.3 86.3 87.4 87.7 88.1 87.4 83.9 85.1 87.5 88.6 91.6 90.2 89.8 88.3 84.7 85.7 87.3 85.5 87.5 81.9 85.2 82.0 81.1 79.6 79.3 81.5 82.7 83.8 85.2 87.4 85.3 85.6 87.9 89.7 88.9 89.3 89.2 89.5 88.4 87.2 89.1 87.9 85.0 88.6 87.1 86.8 87.0 88.8 86.0 82.3 75.0 77.8 78.7 80.4 84.5 82.8 84.8 85.8 86.5 87.8 89.5 92.0 90.5 93.5 97.9 92.4 94.5 93.0 92.4 93.7 91.3 91.4 89.6 93.0 93.7 89.3 82.9 82.7 80.3 79.7 79.3 88.0 84.6 86.6
85.1 87.3 86.4 87.8 85.6 88.9 86.6 85.8 85.6 87.7 91.1 89.0 94.3 86.4 86.5 87.7 87.9 82.0 83.8 82.7 81.8 81.0 80.3 80.1 82.3 82.7 84.8 86.1 89.3 87.9 85.2 87.1 87.9 89.1 88.0 88.7 86.9 87.3 89.3 85.6 87.4 87.6 87.5 88.0 87.3 86.8 87.6 89.6 89.8 83.4 80.3 79.8 80.1 80.2 83.3 85.4 85.9 85.8 85.9 85.8 89.9 90.2 94.7 94.2 96.7 91.7 93.8 94.1 93.6 93.3 90.7 92.8 91.4 92.3 90.5 86.8 83.5 81.4 80.3 79.7 85.1 89.5 87.7 86.8
85.7 87.2 87.4 86.6 86.4 87.6 89.0 86.7 86.2 87.8 90.2 88.5 87.2 87.0 87.9 85.4 85.0 80.2 84.1 82.7 85.5 80.2 79.1 81.7 85.1 85.3 86.1 88.6 86.2 88.2 88.5 85.9 87.8 88.9 87.2 87.7 90.1 88.1 87.7 87.9 88.0 89.4 85.0 84.4 87.4 86.1 87.0 90.5 86.5 85.2 80.7 80.6 79.3 81.4 81.7 82.5 87.6 83.6 86.8 87.2 91.3 88.2 93.5 93.8 92.6 92.4 92.4 93.3 93.6 92.3 91.6 92.5 90.9 91.5 90.5 86.1 80.0 80.4 81.2 82.2 87.1 89.0 86.5 85.0
86.8 86.7 87.1 85.5 87.7 87.2 78.9 85.8 85.8 87.6 90.2 89.5 88.7 87.5 87.7 83.3 83.2 80.4 80.9 82.7 82.6 79.5 81.3 85.1 84.8 88.7 93.6 88.1 87.3 88.3 80.2 87.1 88.1 89.9 88.8 86.8 93.7 89.4 83.7 88.6 88.1 91.6 88.9 87.6 88.1 87.4 87.4 89.7 88.3 87.5 81.3 81.7 79.4 79.6 83.2 83.7 83.3 83.8 85.6 86.4 88.9 88.1 91.6 94.0 93.9 93.3 92.1 91.9 91.3 92.5 93.2 91.8 89.1 88.7 88.8 84.8 81.3 80.1 82.6 84.9 88.5 87.7 86.3 87.9
88.0 85.5 86.8 86.1 85.2 86.7 85.6 85.0 85.5 81.6 89.8 89.3 88.7 86.3 83.2 82.3 84.2 81.0 79.7 82.6 80.1 79.3 80.3 85.9 88.0 89.1 87.9 87.9 89.2 88.3 86.1 88.4 87.9 89.2 83.9 86.9 91.9 87.6 88.8 89.5 88.6 89.2 89.6 89.8 89.6 87.5 91.2 92.3 88.6 89.5 85.5 84.8 79.2 76.9 83.4 84.3 82.7 83.5 83.2 84.8 86.7 86.9 89.8 94.3 94.4 91.9 92.9 93.1 92.2 90.7 90.9 90.7 87.9 84.6 87.6 82.4 81.2 81.6 81.1 87.0 88.3 88.4 85.0 88.7
87.3 86.5 87.3 86.8 88.9 86.2 84.8 84.3 85.7 82.2 88.8 88.6 88.8 85.3 84.5 81.1 84.1 80.4 81.0 81.7 81.6 81.7 81.8 87.8 89.9 90.1 87.1 87.3 86.2 88.1 86.8 87.8 88.0 88.3 87.4 89.4 91.3 89.9 90.4 91.2 90.7 88.6 88.8 89.8 88.3 88.4 88.4 92.6 90.1 91.6 85.8 85.2 78.4 78.9 79.3 83.8 83.3 84.0 86.8 83.6 83.5 85.2 85.5 89.7 93.8 89.0 93.9 91.9 90.3 87.8 88.9 87.8 84.1 84.4 83.8 84.1 80.5 82.4 82.5 87.4 86.2 87.9 85.7 88.7
88.1 87.2 89.8 88.6 88.0 84.9 83.2 84.2 88.4 82.2 88.9 87.2 87.8 85.0 85.1 81.8 82.8 79.3 81.9 82.1 82.2 86.6 85.7 87.9 88.2 90.6 88.3 87.2 86.9 87.6 87.7 88.7 88.3 87.8 88.5 90.7 89.9 89.3 86.8 91.2 89.2 88.5 89.8 89.0 86.8 89.4 89.5 90.7 89.7 93.1 90.0 85.9 80.3 79.8 80.9 83.3 83.7 82.8 83.3 83.6 83.1 84.7 86.5 87.5 88.4 87.6 91.1 88.7 89.5 86.3 87.4 84.2 84.7 86.5 84.7 85.6 80.7 82.6 84.8 88.7 85.7 86.7 86.0 88.7
86.9 87.5 87.4 88.5 87.2 86.4 86.5 85.1 84.8 83.0 81.0 87.0 88.0 86.0 85.0 83.3 82.5 80.6 81.0 82.7 84.3 86.6 86.2 90.0 88.7 88.3 84.6 88.0 87.4 86.8 87.8 89.2 87.9 87.5 84.9 91.3 90.2 89.1 90.1 89.6 88.5 90.8 91.8 89.9 87.9 89.1 89.2 88.5 90.7 93.6 89.6 87.8 82.5 82.1 82.6 83.5 86.5 84.2 85.3 84.1 84.3 85.3 86.4 87.5 90.4 87.2 90.3 87.8 89.5 86.9 87.3 83.8 83.9 85.5 85.1 86.6 81.3 87.8 85.4 88.5 92.2 87.2 86.8 86.4
