surveys/_q10_1/matrix_q10_1s7.txt
north:            -537.50
south:           -1247.50
east:             2697.00
west:              -93.00
rows:                 144
cols:                 279
null:              -999.0
[rows 76 to 113 of 144, columns 168 to 251 of 279]
89.2 83.7 87.2 84.6 86.1 85.4 83.8 87.2 88.4 86.4 94.4 86.0 91.5 90.1 93.0 93.2 94.5 89.0 90.4 91.7 93.8 90.3 91.0 89.4 91.9 87.3 84.4 89.0 90.7 87.3 85.2 88.6 87.3 87.7 89.6 87.8 87.5 80.9 83.6 83.1 84.1 85.3 86.4 84.9 84.8 84.0 81.1 78.0 86.5 89.8 91.1 85.6 80.8 91.2 91.3 94.0 89.9 84.4 88.9 93.7 94.2 96.0 91.7 91.1 92.8 90.2 88.1 87.7 89.2 90.4 93.2 92.5 86.6 90.6 90.5 91.2 90.4 89.2 89.2 87.0 88.9 85.9 86.3 88.1
86.3 83.5 84.6 85.0 86.4 85.6 87.6 86.5 88.4 90.4 91.9 86.7 91.9 90.0 92.7 93.8 92.6 89.9 92.0 90.9 94.9 89.1 90.6 88.9 92.2 84.3 82.9 88.2 88.2 88.3 84.3 86.4 88.4 87.7 89.6 85.7 87.6 80.1 79.0 78.1 86.3 82.8 87.8 86.2 84.9 84.0 81.1 76.0 83.2 91.2 89.8 87.1 83.2 93.4 91.7 92.9 88.1 88.2 88.7 93.5 94.5 93.6 95.6 92.5 91.5 89.4 89.4 89.6 91.0 92.2 92.3 93.7 90.5 91.5 90.9 90.9 91.6 90.2 90.9 87.9 82.3 86.3 87.8 88.4
84.9 84.0 84.3 84.2 87.1 84.7 85.7 86.9 87.9 90.9 89.1 87.0 89.8 89.8 94.3 94.0 91.4 90.3 90.9 90.9 93.5 88.4 88.5 90.7 91.4 83.0 85.9 90.3 88.9 91.5 82.0 83.0 88.3 86.9 89.9 87.3 87.7 80.2 77.4 76.4 86.1 86.0 87.4 89.0 85.2 84.3 81.5 78.0 80.8 91.8 89.3 89.1 85.6 93.0 93.0 91.0 87.3 89.2 87.5 90.6 93.0 92.5 92.8 92.5 89.8 88.3 90.1 89.8 91.4 91.0 92.3 92.2 90.8 91.9 91.6 91.1 89.7 90.5 87.7 87.3 84.4 86.3 87.3 88.2
86.9 83.6 85.0 84.2 87.5 83.8 87.6 88.9 87.6 90.3 90.3 89.0 90.5 88.1 92.7 93.5 90.5 88.2 88.6 91.2 93.2 87.7 88.8 89.3 90.2 82.7 87.7 90.2 89.2 91.6 84.2 83.6 89.0 86.5 89.3 87.4 85.1 81.6 79.8 79.1 85.6 87.1 87.6 88.3 86.0 84.7 78.7 79.3 79.8 92.6 91.0 89.6 83.4 90.4 93.3 91.8 88.1 89.4 87.0 92.9 94.1 90.5 92.6 92.8 89.8 88.3 89.6 89.1 88.6 89.7 92.3 90.3 92.6 92.0 90.6 89.9 89.0 90.9 91.1 87.3 84.8 87.4 84.7 87.7
84.4 83.7 86.0 83.8 86.9 85.8 87.2 88.0 88.0 87.9 92.4 88.9 90.5 88.8 92.8 92.2 89.3 89.9 93.4 91.6 92.7 87.0 91.6 88.3 87.3 80.8 88.5 89.1 89.8 91.3 87.7 84.6 87.2 86.9 86.9 86.1 85.7 86.4 77.2 79.9 83.6 87.0 86.3 86.7 89.3 85.2 80.6 79.9 77.6 94.6 92.1 90.6 78.6 89.4 94.6 92.2 89.8 88.1 88.1 93.9 93.4 91.9 92.7 92.4 90.2 91.1 87.7 88.7 87.2 88.7 90.6 89.4 92.1 91.9 90.4 90.7 89.1 90.5 87.1 87.5 85.1 88.2 85.1 85.6
86.4 85.4 84.8 85.4 87.2 86.6 86.1 86.9 90.4 88.5 90.3 88.3 90.2 90.9 92.7 92.5 90.0 91.7 90.8 91.6 92.5 86.7 90.9 88.4 90.2 82.5 90.8 88.8 86.9 90.9 87.4 87.7 92.1 86.4 85.9 84.6 85.6 86.3 82.2 80.6 81.6 87.6 88.1 86.6 89.4 85.5 80.7 78.7 77.1 92.7 92.0 91.9 79.5 87.7 93.4 93.6 90.9 89.2 90.3 94.7 93.3 91.2 92.9 92.4 90.6 93.1 87.1 89.7 87.5 89.4 91.1 89.2 91.0 90.4 92.7 91.3 88.6 86.9 86.9 86.4 85.6 87.5 84.8 84.5
83.6 85.6 85.3 86.1 86.9 86.6 88.1 87.3 88.5 89.0 88.4 88.6 89.6 89.9 92.5 92.8 89.4 93.4 92.7 91.4 93.4 87.1 88.8 89.0 87.7 85.4 92.7 91.5 89.4 91.7 95.9 88.1 87.2 86.0 88.0 85.0 86.4 86.2 86.7 80.7 81.9 88.1 88.4 86.4 86.6 87.4 82.7 79.5 78.0 87.6 92.3 92.9 80.5 86.9 91.5 93.6 89.0 92.0 93.0 95.5 92.8 90.2 92.9 93.9 89.2 91.3 88.0 89.5 89.2 89.8 88.8 87.0 91.0 87.8 91.8 88.3 91.9 86.1 84.5 85.5 84.4 85.4 83.8 83.6
85.4 85.4 85.4 86.4 85.8 86.7 87.7 88.8 88.1 89.8 88.8 90.9 91.7 89.8 92.8 90.9 92.8 94.3 87.9 91.4 91.8 88.9 88.4 91.2 86.1 88.2 90.4 90.5 91.6 92.5 89.4 88.4 87.3 86.1 85.3 85.4 87.3 86.5 85.2 81.3 81.7 84.7 86.9 86.7 85.7 87.0 82.6 80.1 74.3 84.2 93.0 92.7 81.6 85.7 90.6 93.6 90.3 91.3 94.1 94.7 91.7 91.5 92.9 92.7 89.3 90.7 89.9 88.5 88.7 88.9 88.1 85.6 90.9 84.8 91.1 87.5 88.2 83.4 84.2 84.8 80.8 84.3 84.0 83.4
85.8 85.0 86.0 85.5 87.4 86.1 88.0 89.1 85.5 90.2 90.3 92.7 91.7 89.9 93.4 91.3 91.0 94.4 93.8 91.5 91.7 88.1 86.6 90.0 85.1 90.8 91.0 91.7 90.9 92.8 90.3 91.0 89.1 86.8 84.6 85.3 87.9 86.9 87.2 81.9 82.1 82.3 88.4 88.3 87.8 86.4 82.1 80.4 78.0 82.6 90.9 90.7 87.0 85.0 89.8 93.7 90.5 89.8 94.9 94.3 95.3 93.3 92.6 92.2 91.8 88.5 89.9 90.1 90.7 86.4 90.8 81.4 92.5 80.5 85.4 86.0 86.4 83.3 81.1 83.4 81.1 82.0 80.3 83.2
87.2 85.3 84.9 84.8 86.9 86.0 87.8 87.7 87.3 90.4 89.2 90.5 89.0 89.9 92.6 91.5 91.6 93.1 94.3 91.4 87.1 87.5 85.2 87.1 85.1 92.1 89.9 91.9 91.7 92.1 90.8 90.3 90.8 85.9 83.7 85.7 88.6 88.7 87.6 85.9 86.2 80.9 90.7 88.9 88.7 86.0 85.0 80.2 79.1 78.8 92.6 92.6 87.0 84.9 94.6 93.6 90.5 90.3 96.1 94.3 91.2 93.0 92.5 91.0 90.5 88.6 90.4 83.6 91.7 85.8 90.8 79.4 85.7 80.3 84.3 82.5 82.9 82.4 82.1 81.5 78.7 81.9 82.0 82.3
89.7 85.1 88.6 84.3 86.7 87.3 87.6 88.8 89.2 88.8 89.4 89.4 92.0 91.3 92.9 90.9 92.1 92.1 94.4 90.7 88.2 86.8 86.4 86.8 89.2 91.5 89.9 93.9 91.6 90.3 91.8 91.9 83.5 83.6 82.5 86.4 90.2 89.8 87.5 88.2 84.1 79.3 87.7 88.6 88.4 88.0 86.7 80.3 81.4 79.8 92.6 93.5 87.8 84.4 93.1 92.7 91.5 92.2 94.0 95.9 93.0 93.5 92.2 89.9 91.0 89.4 91.2 83.1 92.5 81.7 87.0 77.1 81.7 76.3 80.4 75.4 80.0 78.8 80.9 79.7 79.2 81.6 84.4 81.3
89.7 84.6 86.4 84.4 86.0 89.2 85.6 89.3 88.4 87.8 90.3 93.4 92.1 92.5 94.0 90.0 91.4 92.1 94.5 88.9 89.8 87.4 87.0 88.7 90.7 91.0 92.2 93.2 92.0 89.5 92.3 91.9 88.8 82.0 82.1 86.3 86.9 90.8 87.2 88.0 84.5 80.4 85.5 87.5 88.2 88.9 86.1 81.2 81.4 79.3 92.3 93.5 89.0 84.4 89.5 93.3 91.7 92.6 92.3 95.4 94.8 93.8 91.7 88.3 91.7 89.0 88.7 85.5 84.1 80.5 82.2 73.9 73.3 75.4 77.9 74.4 78.3 76.2 78.5 79.2 79.0 81.2 82.0 78.3
87.3 84.8 84.3 87.7 86.4 89.0 89.3 90.2 90.6 89.9 89.5 90.9 91.7 93.4 92.3 90.1 92.1 92.1 92.9 87.6 89.4 87.7 87.7 90.1 89.6 92.0 91.5 92.1 92.5 88.4 84.0 91.6 89.1 85.6 84.0 88.2 90.0 90.3 87.1 85.9 83.2 81.4 84.3 87.6 87.1 88.0 85.4 83.1 80.4 77.8 92.4 92.7 89.9 85.3 87.6 93.4 92.0 92.5 93.2 95.3 91.7 94.3 90.7 89.7 95.0 88.3 87.5 83.8 81.0 77.1 76.7 73.9 73.5 74.5 74.8 72.1 73.6 76.6 78.0 78.6 78.6 80.0 80.3 80.6
85.5 84.8 82.2 85.6 84.6 88.3 88.5 90.4 90.1 90.2 94.2 90.8 92.7 93.5 93.5 92.2 94.4 92.6 93.1 87.3 87.1 90.0 88.6 91.0 92.7 92.6 92.6 93.0 92.7 89.6 89.9 91.1 86.8 85.2 88.3 87.0 88.2 90.9 87.7 87.1 84.1 82.8 82.8 86.5 86.2 86.8 83.8 82.2 78.9 78.0 92.0 92.5 90.8 86.0 87.6 89.2 91.8 93.0 95.0 95.0 93.8 94.8 91.3 89.7 85.3 81.1 82.7 79.4 77.4 76.5 74.5 70.9 71.5 70.7 70.9 72.6 76.1 74.0 76.9 78.6 80.2 78.2 79.5 81.6
84.4 84.9 84.5 85.1 83.0 86.5 88.7 90.8 90.1 89.3 89.4 91.8 93.5 93.7 95.6 93.2 93.8 91.2 93.9 88.3 88.3 88.8 88.7 91.9 91.7 92.9 92.0 94.3 91.4 89.5 92.6 90.6 85.9 83.1 88.4 87.7 87.8 91.2 88.8 87.3 82.8 83.0 79.4 86.5 86.6 86.6 85.3 82.1 80.0 76.0 86.4 95.7 89.1 85.7 82.1 88.7 90.0 92.1 95.0 94.3 94.2 93.5 91.8 87.0 83.5 78.9 77.7 75.9 72.9 75.2 68.0 70.4 71.4 72.7 73.9 72.6 78.3 73.7 76.9 78.5 79.1 78.4 79.3 82.4
84.2 84.9 86.0 84.2 86.6 86.9 86.6 89.8 90.5 91.1 91.0 91.6 92.3 94.6 93.8 91.9 93.4 88.5 90.0 88.0 88.9 87.7 88.8 91.9 91.7 92.9 91.3 93.4 90.9 89.1 92.0 90.0 85.7 84.5 86.5 87.5 89.5 91.4 88.1 87.3 84.4 83.4 78.7 85.7 87.8 88.4 86.8 82.3 80.6 78.1 79.5 95.0 89.3 87.4 82.2 89.2 88.6 89.6 91.7 92.8 92.6 93.2 90.7 83.3 80.2 76.9 74.0 74.3 72.6 72.8 69.9 69.6 69.6 73.2 73.3 72.4 74.6 74.4 76.6 78.6 78.1 78.3 80.0 81.9
86.3 84.4 85.6 84.4 87.5 87.3 88.1 88.6 90.9 91.1 91.8 90.7 92.9 96.0 94.3 90.9 92.2 87.3 90.6 88.1 88.5 88.4 93.3 92.7 92.8 92.9 91.8 93.5 91.9 88.4 91.5 88.0 85.6 85.9 87.4 86.9 87.4 90.5 85.6 87.2 86.7 83.7 74.7 84.7 87.9 88.3 88.3 83.1 84.4 76.8 77.3 92.6 88.3 88.8 82.2 88.1 90.0 89.7 92.0 93.0 94.0 92.5 85.6 80.8 75.3 75.5 72.3 70.7 74.3 72.4 70.0 69.7 69.3 73.7 72.4 72.4 73.3 73.6 77.7 77.9 78.4 79.3 79.7 82.0
87.6 83.6 85.7 85.7 87.0 87.3 87.1 90.1 90.1 90.2 90.4 92.1 93.5 96.0 92.7 90.3 89.2 87.3 88.6 88.6 88.2 88.6 92.6 93.3 94.1 93.6 92.9 93.4 91.3 88.9 91.4 88.1 85.5 89.3 88.5 91.3 90.4 91.1 84.6 87.3 88.1 84.3 74.2 79.6 87.2 88.6 88.7 83.8 82.6 79.1 77.9 92.9 91.9 91.1 82.7 87.1 90.2 88.9 90.4 92.3 92.4 90.5 82.0 77.6 74.7 74.0 72.4 70.9 74.0 71.0 71.5 70.9 69.6 74.0 70.3 70.9 70.6 74.2 77.3 76.9 78.4 79.3 80.6 81.1
83.0 82.8 84.3 85.8 87.4 87.1 90.2 91.3 90.7 90.1 91.7 91.8 93.7 95.9 93.6 -999.0 86.9 88.3 88.5 89.1 87.6 89.5 92.9 93.4 94.3 94.6 93.2 93.3 90.2 88.6 90.9 88.6 85.7 88.2 89.6 88.6 89.8 90.2 87.8 87.6 89.9 85.2 76.4 78.9 85.5 88.9 89.7 84.8 80.5 79.2 78.1 93.6 92.0 88.5 82.8 87.6 88.2 89.0 87.9 90.4 91.9 86.3 77.1 76.9 73.4 74.2 73.5 71.5 72.9 70.1 70.7 71.5 70.8 73.5 72.5 72.9 71.9 76.3 75.3 76.2 79.6 78.7 76.3 81.5
82.5 83.9 86.0 84.7 86.9 86.7 90.8 91.4 90.4 90.9 91.7 91.3 95.4 95.9 91.8 -999.0 85.5 86.7 88.4 87.8 89.2 88.8 92.6 93.1 94.2 93.4 95.7 91.0 89.3 87.1 92.5 87.9 83.8 86.3 90.9 87.8 87.3 88.5 91.7 87.0 86.8 86.1 77.5 76.7 87.3 89.7 88.1 87.2 80.1 79.2 78.7 92.5 92.4 88.1 83.4 87.1 87.1 88.7 87.2 88.2 90.1 79.6 77.0 75.2 72.0 75.8 71.7 71.9 71.7 71.6 71.6 72.7 72.3 74.0 74.4 72.8 73.5 75.4 74.3 76.1 78.4 77.9 79.7 81.9
82.1 85.9 87.5 85.1 86.6 88.1 88.3 91.4 90.3 90.4 92.0 92.2 94.2 94.4 87.0 88.7 88.2 86.5 88.6 88.9 87.5 86.7 -999.0 92.6 92.1 93.5 93.9 89.8 87.9 88.4 92.3 84.3 89.8 86.7 90.0 88.6 91.6 89.4 89.8 87.1 88.3 87.3 84.6 74.7 86.4 89.5 89.1 87.3 81.7 80.3 78.3 85.3 94.0 88.7 83.8 83.1 87.6 87.9 85.9 87.9 89.2 74.6 75.2 74.8 72.3 73.9 69.6 73.2 71.7 73.8 71.1 74.5 81.8 75.4 76.9 75.1 74.2 73.8 75.8 77.1 77.7 76.6 78.7 78.6
81.4 85.0 85.6 86.1 88.5 88.3 86.0 90.1 90.3 90.2 91.8 92.5 94.9 93.8 87.8 88.6 88.0 87.5 88.0 89.7 87.5 86.4 -999.0 94.4 97.9 93.6 93.1 92.0 89.2 90.4 91.5 84.7 89.9 87.4 90.4 88.9 90.7 90.8 90.6 89.1 89.6 86.2 85.2 74.5 85.7 89.2 89.6 87.3 82.3 79.7 77.9 80.8 89.5 87.7 84.8 81.1 83.3 86.1 86.7 82.6 84.5 72.6 74.5 75.1 74.0 74.5 73.2 74.4 73.3 74.5 73.1 77.0 77.0 76.1 74.4 75.1 75.5 74.2 76.5 77.0 77.3 77.4 78.1 80.0
83.6 84.7 86.7 85.8 87.9 88.6 88.1 89.1 90.6 90.2 91.8 93.9 94.8 92.7 87.7 88.4 88.0 88.6 87.9 89.1 88.2 88.0 90.4 94.1 92.2 93.2 92.1 92.0 88.3 88.5 89.8 88.2 90.4 87.2 88.8 87.7 93.1 91.1 90.3 90.7 91.2 88.9 85.7 75.3 82.8 89.1 88.8 87.5 82.9 79.9 78.8 81.2 90.7 88.2 84.2 80.8 84.7 84.1 85.7 78.0 82.3 73.2 74.0 75.2 74.8 75.8 73.4 75.1 73.0 74.5 73.9 76.3 77.7 77.4 77.3 76.3 75.2 76.5 76.2 76.2 77.3 78.4 77.3 80.4
83.3 82.8 84.4 86.2 87.5 89.0 87.8 89.0 92.2 91.1 91.3 94.6 93.2 93.1 92.5 88.4 90.3 92.1 88.4 88.4 88.5 89.0 90.8 94.1 95.0 93.6 94.2 91.1 87.7 87.8 87.2 89.8 89.2 88.2 90.4 87.9 90.6 91.6 90.8 90.6 91.5 89.8 88.4 75.5 81.1 88.7 85.9 87.3 83.4 82.4 75.0 81.1 90.0 89.0 86.9 82.2 85.2 83.7 83.4 74.8 73.4 72.9 71.4 75.7 75.2 75.7 74.8 76.5 76.0 75.2 74.5 77.5 77.0 78.2 77.9 77.6 74.8 75.4 75.5 77.1 74.5 78.0 77.7 80.6
84.5 84.8 84.5 86.1 88.3 91.6 88.7 90.7 91.7 92.6 93.7 95.1 93.7 93.5 91.6 89.2 89.8 92.0 92.0 90.5 89.2 91.6 90.8 94.1 93.9 94.1 98.1 90.0 85.8 88.7 85.2 89.7 91.3 89.9 90.0 89.4 92.2 91.8 92.1 90.9 92.0 92.2 88.2 79.3 77.5 87.9 88.4 87.3 85.4 82.9 78.7 79.0 90.5 88.5 87.6 81.5 85.2 82.1 80.2 71.0 71.7 72.4 74.4 78.5 75.7 76.0 74.2 75.7 73.6 76.7 78.0 78.2 79.4 78.6 77.3 77.3 77.5 78.7 75.5 78.9 77.3 79.1 78.7 80.8
84.0 86.4 88.3 86.7 88.2 90.8 91.2 90.6 90.8 92.8 94.9 94.4 98.0 93.6 89.4 89.5 91.1 91.5 92.1 90.6 89.7 93.8 94.5 94.6 93.9 94.1 95.7 90.4 89.1 90.1 89.2 88.8 91.2 89.5 90.1 90.4 90.7 92.9 91.9 92.0 92.8 92.0 89.2 81.6 74.2 87.0 87.0 86.9 83.5 82.3 79.0 76.4 90.4 87.3 87.8 81.0 85.1 82.8 78.5 70.9 71.1 73.2 73.9 78.4 76.5 78.1 73.2 77.0 78.0 77.2 76.1 78.8 78.9 79.3 75.9 77.5 79.7 80.2 76.3 78.9 78.8 79.7 79.6 80.5
83.1 84.9 84.5 88.0 88.4 90.0 91.3 90.5 93.5 93.2 94.6 93.9 94.3 94.3 90.7 89.4 93.6 90.6 90.3 90.7 91.0 93.6 95.5 94.7 93.9 95.1 94.9 90.9 91.4 91.3 90.1 89.5 90.5 89.5 89.8 91.7 90.3 91.7 90.6 94.1 91.4 93.5 89.6 83.8 74.8 85.3 86.4 85.3 82.4 80.7 78.1 77.6 88.8 87.6 88.9 77.1 84.2 83.5 74.6 72.0 73.9 73.5 74.6 80.9 76.1 78.0 73.0 77.4 76.8 78.4 77.4 78.9 78.1 78.9 81.9 78.1 79.5 79.3 76.5 77.9 74.5 81.1 79.5 79.8
82.8 84.5 85.1 88.5 88.1 90.1 91.8 91.5 93.8 94.0 94.8 94.8 95.6 95.1 89.2 90.8 95.1 90.8 91.1 91.5 90.2 92.2 96.9 95.1 95.7 94.6 93.8 90.7 92.0 90.9 89.1 89.7 90.1 89.7 89.8 92.4 89.9 91.1 89.9 91.4 89.5 93.2 91.0 85.9 74.2 83.3 89.9 84.8 85.7 82.7 76.9 77.7 87.6 88.4 91.1 78.8 82.1 80.1 72.5 72.0 77.0 78.4 75.3 80.0 79.4 76.9 75.4 76.7 74.9 77.7 78.6 75.9 77.9 78.5 77.8 81.8 79.5 79.5 79.0 77.7 79.3 82.1 79.8 79.8
84.2 84.3 85.1 88.0 89.1 90.4 91.8 91.0 93.2 93.5 95.0 95.1 95.5 94.3 90.0 92.0 91.8 92.6 91.1 92.8 91.9 91.6 94.7 96.1 92.4 94.5 92.1 90.3 92.3 90.5 90.5 89.3 90.6 89.8 90.8 92.5 90.0 94.7 91.0 90.8 91.1 90.8 93.2 90.1 77.9 80.6 87.0 87.5 85.5 82.5 80.2 76.5 80.4 89.3 89.3 83.4 81.6 76.6 72.3 75.9 75.6 80.3 77.6 78.8 76.5 76.1 76.6 77.3 78.2 77.0 78.1 75.8 75.5 78.4 77.8 82.5 84.7 80.0 80.1 79.6 79.4 82.0 80.0 80.2
84.2 85.2 86.3 88.1 88.2 90.5 90.5 90.8 93.4 92.7 95.4 95.5 94.9 92.9 90.1 92.6 94.4 92.7 93.6 92.1 91.9 92.7 93.9 95.6 93.6 92.1 95.4 91.9 93.7 91.4 90.8 89.9 90.1 89.5 89.9 92.7 91.2 92.6 90.9 90.1 89.3 91.9 91.2 88.8 74.4 82.0 88.9 88.1 85.1 81.6 81.7 76.7 81.9 87.9 86.1 86.6 79.1 74.0 72.2 78.1 77.4 81.9 77.2 78.6 78.9 75.2 79.4 78.5 79.1 77.2 78.1 80.0 78.7 80.5 81.3 79.6 81.9 80.5 79.9 82.4 78.7 81.2 80.9 80.4
83.8 85.2 84.9 88.6 88.4 90.0 89.4 90.5 93.4 94.3 95.7 95.6 94.5 92.5 90.2 93.2 94.3 92.9 93.6 91.6 91.8 92.4 95.1 95.4 93.6 92.2 93.3 91.0 94.1 90.5 90.7 89.4 90.7 90.4 89.7 92.4 91.4 91.8 88.4 89.8 88.3 93.7 91.8 87.9 76.3 82.3 90.5 88.8 86.9 82.8 82.7 81.2 76.5 85.3 90.2 86.8 79.2 76.0 72.0 79.3 77.3 79.8 80.3 79.9 74.3 75.8 76.8 77.3 76.0 77.3 81.3 80.0 79.5 80.6 79.9 80.0 79.7 80.8 82.2 83.1 79.6 80.9 83.7 79.0
83.6 85.6 86.8 87.9 88.9 89.4 91.0 89.3 93.4 93.5 95.5 95.5 95.3 93.1 91.7 94.7 93.8 93.5 94.1 91.1 90.8 92.1 90.1 96.7 93.8 94.2 92.7 89.1 94.3 90.0 90.6 88.5 91.1 91.2 89.8 92.6 92.1 90.7 86.3 89.7 87.1 92.4 92.0 89.1 79.2 80.4 88.5 86.6 87.4 87.2 84.0 81.6 76.0 84.1 89.7 88.0 77.5 76.1 74.8 78.2 76.7 77.0 80.4 80.2 76.0 76.4 77.1 77.6 79.0 79.5 77.5 80.0 79.2 81.3 80.2 81.8 81.3 79.2 83.8 82.8 82.8 80.8 81.3 79.6
83.8 86.6 86.3 87.9 88.8 89.6 91.5 91.3 93.9 93.6 97.4 96.0 97.6 93.9 93.2 92.5 94.8 94.2 94.2 91.5 90.9 93.6 93.4 97.2 97.4 94.8 91.6 89.9 94.8 90.5 90.3 88.1 93.1 91.2 89.2 92.4 91.6 91.3 88.0 88.5 88.2 91.0 91.1 92.0 79.4 78.8 87.3 87.5 88.8 86.3 86.5 81.6 73.6 82.6 90.0 89.3 79.7 76.4 77.4 78.0 76.4 77.7 79.1 77.2 80.5 76.5 73.8 78.0 79.4 79.8 79.6 80.8 78.6 82.6 79.8 81.8 86.6 81.1 83.8 82.2 80.6 80.0 83.5 80.7
81.1 86.4 86.1 88.4 90.4 89.5 91.2 91.3 94.6 92.8 95.5 95.9 95.6 95.8 94.1 92.8 97.2 94.0 93.2 91.8 91.1 94.9 96.0 96.0 96.8 95.2 88.7 91.7 92.9 91.6 89.1 88.7 92.4 89.5 91.9 92.5 89.1 90.6 88.0 89.6 88.2 90.0 91.2 89.7 79.7 78.2 85.4 87.0 87.1 86.2 82.7 81.3 72.3 79.6 86.0 87.1 87.0 78.0 77.2 79.3 76.4 78.9 77.3 77.2 77.4 77.0 75.8 79.6 79.2 79.8 79.8 80.7 80.9 81.4 79.0 81.2 80.4 85.1 84.0 82.3 82.1 82.5 80.2 82.5
86.8 84.9 86.3 88.6 88.8 89.7 92.0 92.8 91.3 92.6 95.7 95.8 93.7 92.6 96.2 96.8 92.2 93.6 95.9 92.3 92.8 92.3 92.2 95.1 93.9 94.9 95.0 92.6 94.9 91.4 88.6 89.1 94.4 89.8 91.6 89.3 91.3 89.3 86.9 90.4 87.8 89.9 92.4 90.5 85.8 77.9 83.2 86.9 86.5 85.2 83.9 80.3 72.6 79.2 85.7 85.6 86.9 76.9 77.0 80.8 77.2 77.9 75.7 77.2 77.5 77.7 74.2 78.3 78.6 80.6 78.7 80.4 80.0 81.4 79.4 81.6 81.7 83.3 84.4 83.0 81.4 83.2 80.5 82.1
81.7 86.1 86.7 88.2 88.3 90.5 90.2 92.5 94.2 92.6 95.7 99.5 97.1 91.7 96.8 94.7 94.9 93.4 95.3 92.0 92.4 92.3 93.5 94.3 96.0 95.1 97.3 93.6 94.1 91.1 89.9 89.5 90.1 90.8 92.1 88.9 90.2 87.3 85.8 89.5 91.3 90.9 93.1 90.4 88.0 79.5 82.5 90.4 86.8 85.6 81.6 79.4 73.3 77.7 84.1 86.2 88.1 82.1 77.8 80.8 79.2 77.0 76.3 75.7 78.3 76.5 78.6 78.1 78.5 79.5 77.4 80.6 80.1 81.9 80.6 82.4 81.8 83.6 83.3 83.8 81.1 84.4 80.7 81.5
85.4 85.4 86.2 87.7 91.9 89.9 92.0 93.0 95.1 93.1 94.0 95.9 97.8 95.0 94.9 94.7 97.5 93.7 93.4 92.5 91.9 92.6 94.2 95.3 94.0 95.7 94.8 93.3 93.4 91.7 91.0 89.0 92.4 90.7 91.6 88.4 87.5 86.2 88.0 91.0 90.8 92.8 92.1 87.7 87.2 79.8 80.7 88.3 87.4 86.7 83.5 79.9 73.5 75.3 83.3 86.4 88.6 82.1 78.2 80.0 77.6 76.9 76.5 75.7 73.8 77.8 78.7 78.6 78.2 78.1 79.2 82.7 81.1 82.0 80.1 82.1 81.6 83.7 85.5 83.6 80.8 86.6 83.3 83.3
83.4 85.8 86.7 87.7 87.5 89.9 93.4 92.8 92.7 93.3 93.9 94.9 96.1 98.4 94.0 96.1 96.0 94.7 92.2 92.9 92.3 92.7 97.4 95.2 94.2 94.9 94.6 92.5 92.4 92.7 91.4 89.3 90.6 90.4 88.4 87.6 89.5 87.4 86.5 91.2 91.0 93.4 91.1 89.5 88.4 78.8 78.6 86.6 85.5 86.6 82.9 80.8 73.9 75.1 82.3 84.9 87.0 82.6 78.6 77.1 76.0 74.7 76.0 75.5 74.9 77.6 74.9 81.6 77.7 78.8 78.4 82.9 80.9 82.8 83.8 82.4 81.5 83.9 82.5 84.4 81.8 83.7 83.3 83.9
