surveys/_q10_1/matrix_q10_1s5.txt
north:            -502.50
south:           -1197.50
east:             2697.00
west:              -93.00
rows:                 141
cols:                 279
null:              -999.0
[rows 0 to 37 of 141, columns 84 to 167 of 279]
105.3 96.8 93.6 93.5 98.7 104.0 102.1 103.4 104.0 102.5 102.7 109.7 108.9 104.4 106.2 107.3 103.6 107.3 107.1 108.6 106.8 109.4 105.2 110.2 110.1 114.3 114.3 102.1 99.6 104.6 109.2 115.3 104.5 103.7 105.9 100.7 94.9 91.0 91.8 99.3 102.2 102.0 103.3 105.8 106.4 105.7 107.2 113.5 114.2 116.1 114.3 113.6 102.6 109.4 108.2 108.6 114.3 117.7 118.3 115.2 113.3 113.1 108.5 111.2 109.6 112.6 108.8 102.9 107.9 111.4 116.7 111.4 105.1 111.9 110.2 116.2 104.0 104.9 110.9 101.9 102.7 111.2 103.6 101.3
105.7 96.8 93.7 94.2 99.2 103.8 103.2 103.3 105.1 102.7 101.5 109.6 106.9 106.0 105.7 107.0 103.9 107.1 107.1 108.7 106.3 110.0 108.7 110.0 111.3 114.3 114.0 102.1 99.9 104.8 109.4 115.2 107.4 103.8 106.4 101.5 94.5 92.6 91.1 100.1 104.3 102.1 103.4 105.8 107.2 105.7 105.7 113.6 113.3 116.1 113.4 113.6 104.4 109.4 109.0 108.5 113.8 119.2 119.1 114.7 113.5 113.6 111.7 111.4 109.5 114.4 108.6 102.9 107.1 111.5 116.9 111.5 106.0 112.5 107.6 116.0 105.0 104.8 109.7 101.9 104.5 111.0 105.5 101.0
108.4 99.6 96.7 96.4 102.2 106.5 105.3 106.5 107.7 103.6 105.6 112.3 109.8 109.8 108.1 110.3 102.7 111.4 109.9 109.9 111.8 109.9 110.4 113.5 114.1 118.5 118.3 105.3 103.7 105.7 111.4 114.9 110.6 106.9 107.3 104.2 96.5 95.0 94.4 100.4 105.1 104.1 104.9 108.2 109.3 110.0 112.3 111.2 114.2 117.9 118.1 116.8 107.9 110.8 110.7 110.8 115.8 120.7 121.2 121.1 113.8 114.3 110.4 109.7 110.7 116.2 109.6 103.8 112.3 112.3 118.3 113.6 105.7 112.6 110.2 114.9 108.2 107.4 114.4 103.8 102.7 111.0 105.5 105.2
109.4 100.2 99.4 100.6 105.7 109.5 109.6 110.6 109.4 108.1 107.8 115.4 112.4 114.4 112.2 110.1 106.8 118.7 112.3 115.2 111.1 112.7 112.6 116.4 115.2 121.2 119.3 107.2 104.3 110.3 112.5 114.6 114.3 112.5 108.9 106.3 101.4 97.6 98.8 104.1 108.0 111.1 107.6 110.3 109.3 112.7 111.0 114.0 114.7 119.3 119.4 119.9 106.3 112.9 116.2 114.4 119.3 121.7 121.4 119.2 117.3 117.7 113.3 112.7 115.4 115.5 110.6 103.7 109.2 115.7 119.7 114.6 106.5 116.5 112.3 112.1 109.8 110.8 120.0 106.1 102.6 110.7 109.8 110.1
111.3 102.8 101.5 103.8 108.0 110.7 111.2 113.5 116.9 110.6 110.1 119.0 112.9 115.4 113.3 113.4 109.4 119.4 117.6 118.1 115.6 114.0 116.0 120.0 118.6 122.7 122.1 110.5 109.2 113.4 114.4 118.0 117.4 115.5 113.3 110.7 102.2 99.0 100.8 105.9 114.3 114.4 111.0 110.7 112.7 114.8 110.4 117.1 115.4 122.8 124.0 117.2 112.8 116.6 116.5 117.9 121.8 123.1 122.5 120.4 118.1 118.7 116.1 113.5 116.6 116.2 112.6 106.6 111.7 118.4 121.1 116.9 108.4 119.0 114.3 115.0 112.0 114.3 117.0 108.4 105.2 115.4 109.9 115.9
113.3 103.2 102.4 105.5 109.2 114.0 112.7 117.7 118.6 113.0 114.5 120.0 120.5 120.2 117.3 115.5 111.5 120.4 121.7 120.9 118.8 116.8 119.4 122.7 118.0 123.7 124.9 113.7 111.5 118.6 116.6 120.0 119.6 117.4 115.8 113.8 107.9 103.1 102.4 107.4 112.9 118.8 114.0 116.0 113.9 116.7 115.0 117.4 119.6 123.1 123.4 115.9 114.5 121.1 121.3 121.3 122.7 124.8 124.7 121.5 121.5 120.9 117.8 115.2 119.4 118.3 115.2 111.0 116.6 119.6 120.8 120.5 113.7 121.7 113.6 118.0 115.1 116.4 115.7 110.2 108.8 117.3 114.4 116.6
115.7 107.1 105.8 108.7 112.5 117.6 117.2 119.6 119.3 116.7 117.2 121.5 120.3 121.8 122.2 118.6 113.2 121.2 125.0 124.0 122.8 119.4 122.0 125.9 120.1 125.4 130.6 115.9 113.4 120.2 120.1 121.0 122.0 120.3 116.4 118.5 113.1 105.0 104.0 113.7 116.6 120.8 116.3 118.7 117.2 120.5 116.2 120.6 119.8 122.6 123.1 113.9 120.0 122.5 122.9 122.3 123.3 126.1 125.3 122.3 122.3 123.6 119.2 118.3 119.2 119.2 113.6 114.7 118.8 122.0 122.2 120.7 114.6 121.9 114.5 120.0 118.0 118.1 117.6 114.3 108.5 120.5 115.8 118.5
115.6 110.9 108.1 116.2 114.0 118.2 121.6 122.3 122.3 120.4 122.0 120.5 124.3 123.6 118.8 120.1 115.9 123.8 126.4 125.7 124.4 123.2 125.6 127.6 124.8 125.7 126.7 117.3 116.0 122.2 123.1 126.7 124.3 122.8 123.8 120.2 114.9 110.0 111.0 117.1 119.1 122.8 119.1 123.3 121.8 122.8 120.7 123.5 120.2 125.7 129.4 117.6 121.8 126.8 125.0 124.0 124.9 126.0 127.2 123.5 123.6 126.1 120.7 120.0 121.5 121.9 121.5 118.4 119.5 124.0 125.3 121.1 116.5 121.6 115.4 122.9 116.7 122.1 120.4 117.7 112.6 125.9 117.0 120.1
116.3 133.6 137.0 134.5 132.0 121.3 121.0 124.9 123.7 125.3 121.8 123.5 127.9 125.3 122.7 122.4 117.7 125.8 131.2 126.4 127.5 126.0 125.8 130.1 126.5 128.6 127.6 121.1 118.3 125.4 124.6 127.2 126.6 123.8 124.1 122.9 118.6 112.2 112.1 121.1 122.3 126.5 120.4 127.7 123.6 124.6 120.6 124.3 123.7 125.5 128.3 122.9 124.4 128.2 126.8 125.9 128.7 128.5 126.5 125.4 124.0 127.9 122.8 122.6 123.2 122.4 122.5 120.0 120.2 126.3 126.9 121.5 123.0 128.1 115.6 124.6 116.4 122.1 120.9 119.9 115.6 121.2 121.8 120.6
127.7 134.5 133.4 135.4 134.2 126.6 121.3 124.8 125.1 128.0 123.9 124.3 127.6 125.3 123.5 122.4 122.1 127.4 127.6 126.8 128.1 129.1 128.9 131.8 128.2 128.6 126.2 124.1 120.2 127.0 124.6 128.1 127.9 126.0 129.5 125.0 119.9 114.2 115.0 123.6 123.9 126.0 124.2 129.8 123.8 126.9 125.7 125.4 126.0 126.5 131.6 134.2 129.6 130.2 131.1 127.3 128.8 131.2 127.3 128.9 124.9 129.7 125.5 124.1 126.5 123.9 122.1 123.3 122.8 126.2 126.7 123.3 125.3 127.6 116.9 124.8 116.9 125.6 121.4 120.9 117.3 123.1 122.6 121.8
132.8 134.8 134.5 135.2 132.9 133.9 120.0 126.2 125.0 128.0 125.9 126.6 127.5 129.9 123.2 124.8 121.4 127.8 129.3 127.0 128.3 128.2 131.2 130.0 128.9 129.3 130.0 126.6 121.4 128.6 126.5 126.8 125.0 128.6 127.6 127.1 124.7 119.1 116.5 126.1 126.5 129.8 127.1 126.9 125.0 127.4 127.7 125.4 124.2 128.6 133.5 136.6 133.1 133.1 130.7 127.5 130.0 131.9 127.8 129.6 126.1 130.0 128.8 126.8 126.9 124.9 121.9 125.9 124.3 127.0 126.5 126.1 124.0 125.3 122.3 125.6 120.4 127.8 125.0 120.7 118.3 124.0 124.7 121.6
136.0 134.5 135.5 135.3 136.2 137.2 126.9 124.5 123.5 128.2 129.6 127.7 130.4 131.2 126.3 130.1 122.3 128.1 128.7 127.0 129.7 127.4 133.5 129.2 129.9 131.1 131.3 127.3 127.0 130.6 128.9 131.1 130.0 127.7 130.4 126.8 127.2 121.2 119.9 126.9 127.6 131.2 130.5 130.2 128.5 128.0 132.1 127.6 126.0 137.7 135.1 135.9 134.8 136.1 132.7 128.8 131.0 133.0 129.2 129.0 129.2 131.2 130.5 129.5 131.1 125.1 125.4 125.8 126.8 129.2 125.4 128.3 124.8 128.7 126.4 125.2 121.4 129.0 124.8 122.8 121.7 123.4 123.7 121.3
136.1 133.1 134.9 134.5 134.3 139.4 137.1 138.5 122.7 128.5 130.3 129.2 130.2 129.5 128.1 127.6 124.0 130.6 129.6 128.6 128.8 129.9 135.2 130.8 130.0 135.2 132.7 128.5 128.6 130.8 132.8 129.4 129.9 129.6 129.5 128.4 129.2 123.1 122.7 127.5 127.2 131.0 130.3 131.2 129.4 129.6 128.2 128.1 125.0 137.2 132.8 136.4 135.4 137.6 133.0 130.0 130.6 133.4 129.7 130.2 129.4 129.9 136.1 130.2 134.6 129.0 127.5 126.8 127.2 128.2 125.1 130.7 129.2 129.8 127.1 128.7 125.1 128.9 124.9 123.8 122.7 124.0 122.6 122.8
136.3 135.8 134.3 132.2 133.6 139.0 136.2 138.5 135.7 138.7 130.6 133.8 135.0 133.4 131.1 129.2 125.5 129.8 131.4 131.6 130.9 135.5 133.9 131.1 132.5 135.6 133.0 129.1 134.0 132.6 131.9 131.3 131.2 131.4 130.8 128.3 129.1 124.8 123.9 129.0 127.3 131.7 130.3 133.9 130.1 131.5 129.6 127.5 134.1 137.6 134.3 135.7 134.9 136.3 137.5 133.3 131.0 132.6 130.5 131.4 129.9 130.8 134.5 130.9 132.7 129.9 131.8 127.1 125.8 127.5 127.2 129.2 128.8 129.0 128.0 128.6 125.4 128.8 124.8 124.5 123.9 126.2 125.0 126.3
-999.0 135.4 135.9 135.4 135.4 139.7 138.9 138.5 139.4 140.4 139.2 137.1 135.8 137.6 137.4 136.0 136.4 137.2 136.6 136.9 136.3 137.4 137.7 135.1 137.1 137.1 134.7 134.9 135.2 136.0 136.9 134.3 136.7 135.1 136.0 138.1 134.8 133.6 132.1 135.0 130.6 136.4 133.9 135.8 131.3 134.2 133.6 135.1 139.7 139.2 135.9 136.1 136.1 136.9 142.2 137.0 132.6 135.4 133.7 134.4 133.4 132.3 136.0 132.5 136.5 133.1 134.9 130.7 130.7 128.0 129.0 130.6 128.1 128.6 126.4 126.8 124.8 130.3 126.5 125.8 125.9 129.4 125.8 126.9
-999.0 134.1 135.6 136.0 134.7 139.5 139.0 140.9 139.5 140.5 137.5 138.5 137.3 137.8 138.3 137.7 137.3 135.2 136.1 136.5 136.7 138.5 138.7 137.2 137.7 137.3 138.1 137.2 139.7 138.2 137.3 136.8 137.1 136.2 136.9 137.8 136.0 135.4 134.9 136.5 132.8 137.3 135.9 137.0 136.0 137.2 140.5 140.0 140.2 139.8 135.9 136.7 135.7 137.0 141.2 140.4 137.6 134.2 135.3 135.8 135.8 133.7 136.3 134.4 133.6 135.8 137.1 132.3 134.8 133.9 133.1 133.0 131.1 133.3 133.0 133.7 135.2 133.8 132.9 134.1 134.3 133.0 132.0 132.4
132.0 135.6 135.1 136.3 135.8 137.8 140.1 140.5 139.7 140.7 136.8 139.0 137.4 137.1 138.3 138.2 137.9 134.5 138.3 137.5 138.0 138.0 139.3 138.4 138.7 137.6 139.3 138.0 139.6 138.3 140.8 137.6 136.6 136.6 137.0 137.2 135.5 138.6 136.8 137.1 133.5 137.0 137.6 137.2 135.3 138.3 137.9 140.3 141.3 138.6 135.9 136.3 136.9 136.2 141.2 141.2 140.4 133.8 136.6 136.8 138.1 134.6 135.7 135.8 137.9 137.2 139.6 134.5 133.3 131.9 134.2 133.9 131.5 134.4 134.0 134.2 135.9 134.1 132.7 133.0 127.1 136.7 132.9 132.9
121.0 130.8 137.9 129.6 135.9 132.9 139.3 139.5 140.7 138.1 137.4 136.9 137.9 138.2 139.2 136.9 137.8 137.1 139.7 137.9 138.8 135.1 139.1 137.8 137.6 137.1 137.1 137.9 139.0 136.6 138.0 136.9 137.5 136.4 138.5 137.4 136.6 135.7 134.8 138.2 136.1 137.8 135.2 136.3 136.8 139.1 139.8 140.7 140.6 138.1 135.2 135.4 137.9 135.5 140.7 138.7 141.2 135.6 136.2 137.7 134.4 134.9 140.7 136.1 136.6 137.8 141.3 133.4 135.2 134.8 134.9 133.3 134.8 133.5 132.7 134.9 133.4 134.5 132.7 133.4 130.7 133.4 132.3 133.2
132.0 119.9 131.1 123.1 129.7 125.9 136.6 132.4 138.8 134.9 136.2 131.9 137.3 107.5 136.6 122.1 142.8 125.0 136.6 133.8 137.5 121.6 137.1 136.1 137.2 134.8 136.1 135.5 140.0 134.0 137.5 136.2 137.2 133.2 141.5 135.9 136.2 132.7 135.3 132.7 136.1 139.4 133.3 136.0 136.5 135.3 138.0 140.1 142.7 137.2 136.3 135.2 137.8 135.8 138.5 139.5 139.2 135.0 136.9 137.2 136.6 135.4 141.1 134.8 138.2 135.7 137.7 130.9 136.0 133.0 133.8 133.7 133.3 129.8 135.0 133.1 136.4 130.4 132.6 133.9 135.2 132.3 133.0 132.7
77.9 83.2 82.6 86.1 107.1 85.1 86.2 93.4 85.1 114.4 93.1 91.3 84.8 93.3 85.7 94.3 83.3 101.5 94.8 77.5 112.3 75.5 123.5 126.5 130.5 128.3 138.7 108.2 131.9 114.3 136.5 127.0 129.8 110.6 136.0 123.4 130.3 127.6 133.5 121.5 135.4 126.5 133.9 130.5 136.8 117.2 136.3 134.5 136.1 119.7 133.9 110.6 134.3 127.2 135.4 131.6 134.7 109.4 135.1 127.2 135.1 129.1 134.3 128.9 135.7 127.7 130.3 127.8 133.6 123.3 134.4 130.0 130.8 124.7 127.9 132.4 134.9 127.0 132.9 130.0 131.5 128.8 131.2 128.0
75.7 78.8 82.6 81.2 83.7 81.8 86.5 84.6 84.9 87.1 80.7 85.4 81.5 82.3 82.4 82.9 84.6 85.1 83.6 82.0 76.8 74.4 76.8 78.6 74.1 77.2 73.9 87.6 91.1 80.3 81.7 83.6 107.4 87.6 124.9 92.5 88.8 86.3 80.4 78.1 86.9 88.2 89.7 90.0 89.2 97.0 92.6 113.5 93.9 92.7 94.6 92.5 91.0 90.7 87.1 92.3 89.3 86.7 90.9 87.0 84.8 90.5 87.9 88.7 85.6 89.7 90.9 87.6 89.8 101.4 101.6 105.5 131.0 92.9 91.4 106.0 88.0 97.9 94.3 114.9 110.5 105.9 77.5 106.1
77.8 79.4 80.1 81.9 81.0 82.2 81.5 85.5 85.2 85.1 84.5 82.9 81.9 83.3 81.6 82.8 83.0 86.5 82.9 74.3 79.3 73.7 71.3 75.6 74.9 80.9 75.5 77.0 78.1 77.9 80.6 78.7 83.5 77.6 88.4 88.3 88.2 87.5 86.7 81.7 85.3 87.0 87.5 90.1 92.2 93.3 90.7 95.3 92.1 92.8 93.5 92.8 90.1 87.9 89.9 89.7 88.8 86.1 84.4 83.7 85.6 86.0 87.5 85.9 85.4 86.7 86.9 86.1 87.8 88.4 86.8 87.7 87.0 86.4 87.9 87.4 86.2 84.2 79.4 73.0 69.8 74.8 72.1 75.5
77.6 78.9 81.6 82.2 87.3 83.6 83.0 85.7 84.8 85.1 84.3 84.5 82.4 82.5 82.3 82.5 83.6 83.9 81.5 73.2 77.3 72.6 70.8 73.6 70.5 75.0 74.6 77.0 78.7 78.8 79.1 80.1 80.3 80.1 84.3 84.3 88.6 90.5 88.6 89.0 83.9 89.7 86.1 87.7 88.7 91.6 92.8 92.7 91.6 93.2 94.5 94.6 92.1 89.0 86.6 88.5 88.1 87.0 82.9 83.5 84.5 85.7 86.7 86.8 83.3 86.1 86.9 85.7 84.4 86.9 90.0 88.3 87.2 87.3 88.1 86.9 86.7 84.7 74.6 71.2 68.9 72.2 74.3 76.5
78.8 80.1 79.0 81.1 82.2 82.3 81.2 85.9 85.5 85.2 83.3 85.5 81.8 82.4 81.6 82.9 84.8 82.4 79.1 74.0 73.0 72.0 71.4 72.9 72.1 73.9 74.7 77.5 78.8 77.4 78.4 80.4 80.2 79.2 79.4 82.2 86.5 90.8 91.3 92.3 89.7 91.0 87.7 88.3 89.3 91.7 91.3 92.8 92.0 93.6 93.4 93.6 92.6 89.6 90.5 89.8 88.4 87.3 83.0 83.7 84.2 87.5 88.1 86.6 89.0 86.1 86.3 86.1 84.9 85.5 89.2 88.8 88.3 88.2 88.3 86.7 88.7 84.5 75.5 70.6 67.2 72.9 74.2 76.2
79.0 79.3 77.8 81.1 80.1 82.8 78.7 84.4 84.4 83.2 83.4 86.4 86.6 81.8 82.2 82.5 82.0 84.9 79.8 74.2 73.2 71.3 72.5 73.2 72.4 74.7 75.7 76.7 80.0 76.5 79.6 80.0 79.2 80.1 82.0 83.1 83.4 88.7 89.3 92.5 93.3 92.6 88.6 90.4 91.0 93.0 93.7 93.3 92.3 94.6 93.4 92.2 93.2 90.1 91.0 90.5 89.9 89.9 83.5 83.7 85.6 87.7 86.1 87.3 85.2 85.7 85.0 86.2 85.1 87.6 86.9 88.5 89.3 88.6 89.3 86.6 87.0 84.6 82.3 69.5 72.5 72.0 74.7 76.1
79.3 80.4 80.9 81.3 82.9 83.2 81.4 80.6 84.9 83.9 81.2 87.5 84.0 81.3 82.4 84.1 82.9 83.4 77.5 76.7 74.6 71.2 71.2 72.0 72.6 75.2 75.6 77.2 77.8 78.3 79.3 78.5 79.4 79.6 80.8 82.2 83.6 86.7 89.2 93.7 93.9 95.2 92.4 95.0 90.1 92.8 93.1 93.9 94.2 95.0 93.9 92.7 91.6 90.5 92.0 91.6 91.4 87.8 84.2 80.9 90.2 85.2 86.5 86.3 85.6 85.9 85.1 85.6 86.6 87.7 87.7 87.5 84.8 90.8 89.6 86.4 86.1 84.2 74.1 71.3 73.3 73.0 75.2 76.3
76.1 81.0 84.2 80.9 83.7 84.8 81.7 84.4 82.4 85.0 81.9 84.2 82.5 80.7 82.6 81.9 81.5 80.8 77.0 77.9 78.4 73.9 74.1 72.5 75.6 75.0 76.7 76.9 78.8 78.3 78.8 78.1 80.4 82.1 81.0 80.5 83.4 86.2 88.0 91.5 92.9 96.7 97.3 95.0 88.7 93.2 91.6 92.3 92.9 94.1 93.8 93.2 92.1 91.1 92.0 92.7 92.8 92.6 91.0 83.9 86.6 85.3 85.5 85.4 87.1 88.3 89.3 86.9 87.0 86.6 87.4 85.5 87.4 92.3 90.7 87.4 87.2 79.7 77.7 72.5 73.2 74.4 75.4 75.5
80.0 80.6 82.6 82.2 85.3 84.9 78.9 85.3 82.0 85.6 82.3 83.4 81.1 80.6 81.9 81.6 84.9 79.3 83.1 78.8 77.7 77.1 75.5 77.4 78.7 78.5 79.0 78.1 77.7 78.6 79.1 77.9 79.5 81.1 83.2 83.3 84.4 85.2 88.4 91.3 95.0 102.1 93.8 95.0 91.3 95.9 94.8 93.6 94.8 94.7 95.3 92.5 93.0 91.3 91.8 92.9 90.9 92.6 89.3 87.1 84.8 88.6 87.2 87.4 88.0 89.1 88.4 87.9 86.9 86.6 87.3 85.5 87.3 87.1 90.0 86.4 87.3 78.5 79.2 75.7 77.1 75.4 76.5 74.1
80.4 79.9 82.2 82.7 84.1 84.7 81.8 84.1 84.9 83.8 82.6 82.7 79.7 79.8 81.4 81.3 82.6 76.2 79.6 78.9 80.0 80.1 80.7 81.0 79.0 78.5 79.3 79.4 78.6 79.9 78.2 78.9 80.7 82.7 80.3 83.3 84.3 84.8 86.5 91.1 92.4 96.6 94.8 96.7 93.5 90.4 93.5 92.2 96.1 94.4 94.4 92.7 91.7 91.2 92.6 93.0 92.9 93.9 91.8 90.5 90.9 90.9 88.3 89.5 87.5 88.1 88.1 87.3 85.7 87.9 86.9 86.8 88.9 88.2 90.1 86.5 85.4 79.6 79.7 77.4 77.1 77.1 74.8 72.2
82.9 80.4 80.9 82.5 82.6 83.8 83.7 84.2 84.0 83.7 84.2 82.6 81.2 80.9 83.4 80.1 81.7 71.3 76.7 78.0 79.8 82.2 81.0 82.7 79.3 78.6 78.0 79.7 80.3 80.0 82.8 80.4 76.0 81.0 80.9 83.0 84.3 84.7 87.5 90.9 92.4 96.9 94.3 96.5 93.7 93.1 95.4 92.0 94.0 94.5 94.8 93.2 92.0 89.9 92.5 89.8 91.8 92.5 92.8 92.4 92.7 91.7 92.6 90.0 89.2 90.3 89.6 87.8 87.7 87.8 89.3 87.1 86.8 88.4 89.1 86.2 86.6 80.6 81.1 79.1 79.8 76.4 75.9 70.3
83.9 83.8 81.4 80.8 82.1 83.0 84.0 84.7 84.1 84.2 82.9 82.6 81.7 79.3 80.4 79.3 79.1 68.2 74.1 77.5 80.5 81.1 78.6 80.9 80.1 80.2 78.2 80.4 79.0 80.8 79.8 80.7 79.5 80.6 85.1 83.2 82.1 84.7 88.0 89.0 90.4 97.4 95.2 96.0 93.8 93.5 95.0 93.6 93.2 96.9 94.0 91.5 93.1 90.0 92.2 90.2 90.2 95.7 90.6 94.6 92.8 92.3 91.8 89.6 91.0 91.5 90.4 88.8 87.4 88.0 89.7 89.0 87.6 88.0 87.7 85.7 86.4 83.4 80.8 79.7 79.9 75.5 76.5 74.2
79.1 82.6 85.1 79.2 83.5 81.9 84.1 82.5 85.1 83.2 84.2 82.9 82.1 78.8 79.4 77.6 78.6 68.4 74.4 76.8 78.8 79.7 83.7 80.5 78.4 83.2 77.1 80.2 77.4 79.9 81.4 81.3 80.7 82.6 83.6 83.6 84.1 85.0 87.9 89.8 93.0 99.3 95.3 94.5 94.9 93.7 91.2 93.6 94.9 95.0 93.4 90.3 91.5 90.3 88.2 90.2 90.0 93.6 94.0 95.8 94.3 92.8 91.5 91.6 89.3 89.9 88.7 88.4 90.3 88.5 89.1 89.2 88.9 87.4 88.6 91.0 84.6 82.3 77.7 80.6 81.0 76.7 78.0 77.3
82.3 83.5 82.4 81.5 83.6 81.6 84.3 83.3 82.9 82.5 85.4 83.1 81.3 77.8 76.7 76.7 76.0 65.8 73.2 75.8 79.1 79.3 82.7 80.9 83.0 82.0 81.9 80.6 76.3 82.6 83.6 82.4 84.3 82.5 82.5 84.5 84.0 84.7 87.9 89.8 87.4 96.2 95.2 96.7 97.5 92.2 94.9 93.3 93.4 93.1 92.9 92.0 91.9 88.9 90.0 89.7 90.3 91.6 93.5 96.1 95.6 91.6 93.4 90.5 88.0 91.1 90.9 90.0 88.7 89.5 89.3 87.1 89.7 88.3 88.7 85.8 81.8 84.4 76.3 81.7 80.5 81.2 80.2 84.2
83.9 83.5 83.1 83.7 83.6 83.4 76.9 82.9 83.4 84.9 84.0 82.9 80.3 77.1 74.4 76.8 74.5 66.2 71.3 74.5 79.1 79.7 81.6 83.3 81.1 83.7 82.1 82.8 79.3 82.3 83.4 82.7 83.9 83.6 84.6 84.5 83.9 85.3 87.4 92.6 90.0 95.6 96.6 99.7 93.2 92.8 95.5 92.5 93.5 92.9 92.1 91.3 91.0 89.2 88.6 89.1 89.8 89.3 93.0 95.8 93.9 94.3 92.5 91.8 91.9 90.5 91.9 89.8 90.2 91.0 91.6 90.0 89.5 89.9 85.5 86.6 78.6 84.6 76.7 82.7 84.6 84.9 85.5 87.9
84.8 85.5 84.2 85.0 84.8 83.3 83.8 82.5 84.5 85.2 82.9 81.1 78.8 77.1 74.1 76.0 73.3 66.3 71.5 74.6 79.2 79.4 80.5 81.6 85.1 84.4 82.7 84.2 79.1 83.0 83.3 83.7 84.4 84.8 84.4 87.0 85.5 86.3 83.4 88.8 90.7 95.1 95.8 95.5 93.2 93.2 94.3 92.6 91.6 97.2 91.8 88.8 88.3 89.4 87.4 88.5 88.2 88.6 92.0 94.2 91.4 95.0 92.8 93.4 92.3 90.3 91.5 90.7 92.4 91.1 88.9 91.4 89.7 89.7 87.8 85.0 78.8 86.1 77.5 85.3 85.9 89.7 85.4 89.7
85.7 84.8 87.8 85.0 87.2 82.7 82.3 82.5 83.8 84.7 83.1 81.2 80.2 76.2 73.5 75.1 72.6 68.1 70.8 75.3 77.7 80.3 87.0 83.8 82.6 83.8 82.4 83.7 80.3 81.7 82.3 84.0 84.9 85.2 86.1 85.9 86.0 87.1 86.1 90.8 92.1 96.1 95.4 95.0 98.4 92.6 91.4 93.0 94.4 93.5 94.3 90.2 91.6 87.7 86.9 87.3 90.7 87.3 91.5 97.5 95.3 94.8 90.5 93.4 90.5 90.3 94.0 91.3 91.7 90.7 89.9 90.6 92.2 89.9 88.2 85.4 78.1 86.2 79.9 83.8 89.1 90.6 92.4 91.1
88.4 85.3 88.9 85.7 87.8 85.3 83.1 82.8 84.9 85.6 83.7 80.9 80.7 76.2 74.2 73.9 68.9 68.1 76.8 74.5 77.8 78.4 82.4 82.2 82.8 84.3 82.7 83.3 82.3 82.1 84.1 83.0 83.9 85.5 85.6 87.0 83.7 87.0 88.2 90.9 89.8 93.9 95.4 94.8 94.5 92.0 90.7 91.9 96.4 92.0 95.0 90.6 89.8 87.2 86.1 85.2 84.0 86.1 88.3 92.1 91.3 94.2 91.5 92.9 90.8 90.2 91.2 92.7 90.9 90.5 90.2 90.7 87.2 90.2 87.6 85.4 78.0 84.4 80.5 84.5 90.7 91.0 93.9 92.5
85.2 85.7 87.9 87.5 88.5 85.1 84.4 84.1 84.1 83.2 82.1 82.2 80.6 78.8 74.0 73.5 69.8 68.9 72.4 74.1 78.0 79.0 81.1 82.1 83.6 84.0 82.8 82.4 82.6 84.6 83.2 82.7 85.4 85.5 86.0 85.3 85.1 87.1 86.7 88.3 91.6 93.2 94.9 95.5 93.6 89.3 90.9 90.6 88.1 89.4 93.4 88.3 92.2 85.9 86.6 86.6 86.1 86.0 86.2 89.5 89.7 94.7 94.0 93.5 89.8 92.6 92.3 92.4 93.0 90.7 91.2 90.7 90.2 90.8 84.5 82.9 80.7 83.8 80.8 86.4 90.6 92.4 93.4 91.1
