surveys/_q10_1/matrix_q10_1s7.txt
north:            -537.50
south:           -1247.50
east:             2697.00
west:              -93.00
rows:                 144
cols:                 279
null:              -999.0
[rows 0 to 37 of 144, columns 84 to 167 of 279]
117.8 133.0 133.7 134.6 123.2 120.2 122.7 123.4 124.7 123.3 123.5 123.2 126.6 125.4 119.5 124.2 113.7 125.8 126.7 125.4 128.5 129.6 123.9 130.8 125.0 128.2 127.7 123.6 115.3 128.0 123.3 -999.0 125.6 129.6 124.9 127.9 116.1 114.1 112.2 121.5 122.8 128.1 118.3 124.3 121.5 123.2 123.3 123.0 125.9 125.2 127.0 135.7 121.9 128.6 127.4 127.0 127.1 130.5 128.0 126.0 127.1 129.4 119.8 125.7 122.7 122.6 119.2 119.6 122.7 123.8 127.5 122.4 123.5 128.9 117.3 124.5 115.7 123.2 120.4 118.7 112.0 122.9 122.5 117.3
117.1 133.0 132.8 134.6 125.8 121.8 122.5 123.5 124.7 123.1 123.2 123.3 128.4 125.7 122.5 124.1 115.1 125.7 127.1 125.4 128.5 129.7 126.1 130.7 124.8 128.2 127.5 123.6 115.0 128.4 123.6 126.6 125.8 129.6 124.4 128.0 118.1 114.1 111.6 121.6 122.1 128.3 123.2 124.3 121.2 123.3 123.0 123.2 125.9 125.7 127.1 135.5 124.6 128.6 127.1 127.0 126.2 130.5 128.4 125.7 126.6 129.4 122.2 125.7 121.8 122.4 119.4 119.4 122.1 124.0 127.3 122.2 124.2 128.8 116.6 124.5 111.2 123.2 120.1 118.8 116.2 123.1 122.2 117.1
129.4 133.3 134.0 135.2 123.7 121.7 121.4 124.3 126.3 126.3 125.0 124.2 126.1 125.7 122.7 124.4 115.8 127.7 126.1 125.9 128.5 129.6 126.7 132.2 124.3 128.5 128.3 126.2 117.8 128.2 124.9 126.8 125.6 129.6 127.2 128.0 119.4 113.3 115.3 123.2 124.8 128.4 123.2 126.5 122.8 124.5 125.0 125.8 126.2 127.1 132.1 135.3 133.0 130.0 129.0 128.8 130.2 130.5 127.5 127.6 128.7 129.4 123.4 126.9 126.4 124.6 120.5 124.8 125.4 124.1 128.2 125.0 125.1 127.2 120.7 125.4 116.8 124.4 121.6 118.9 118.3 122.0 123.5 122.8
134.6 135.1 135.1 133.8 133.4 131.6 120.8 122.7 125.8 128.4 127.3 126.7 128.0 127.5 124.9 124.7 117.6 128.9 128.0 125.9 127.0 129.9 132.7 130.9 124.2 129.6 128.6 126.8 124.4 130.4 126.4 126.8 127.7 128.4 126.3 128.5 123.3 115.4 117.6 124.2 127.3 129.7 125.8 127.1 126.3 126.5 125.6 127.4 125.8 129.2 133.2 133.7 133.6 133.8 130.8 129.0 129.7 132.5 128.7 128.4 128.9 129.5 128.0 130.2 128.2 125.5 121.9 125.1 124.5 127.0 128.5 125.6 126.5 126.8 126.2 126.1 120.6 125.9 126.2 120.3 120.1 124.0 122.1 122.6
133.6 135.2 136.0 135.7 135.8 137.9 127.7 123.4 124.6 129.1 128.4 127.2 129.1 128.5 126.3 124.9 118.8 129.2 128.8 126.6 128.2 129.0 132.9 130.0 130.2 130.2 131.6 127.5 125.5 131.5 127.1 128.2 127.6 128.7 127.6 128.2 126.8 122.6 120.4 125.2 128.0 130.5 129.2 127.8 126.5 127.5 128.1 126.7 125.3 135.1 133.9 132.3 134.9 136.0 132.3 130.3 132.7 133.4 129.2 129.2 128.7 132.1 128.6 130.7 130.0 126.0 123.7 125.6 126.2 127.7 131.9 126.2 124.6 128.0 125.3 126.2 122.8 128.9 128.4 123.9 120.5 122.2 123.3 122.4
134.6 135.5 135.2 134.8 134.2 139.5 135.9 123.7 123.5 132.1 129.0 131.0 132.2 129.9 130.7 128.9 124.3 131.2 129.7 128.7 129.2 128.7 133.4 130.0 130.0 130.8 132.3 127.8 127.5 132.2 129.2 128.8 129.3 128.7 128.0 129.3 127.8 133.0 121.3 127.9 129.5 129.0 131.0 129.2 128.6 128.2 127.2 126.2 124.2 136.8 134.8 134.9 135.4 137.6 132.6 130.5 131.6 133.4 130.1 130.3 130.3 132.3 135.5 130.4 133.1 127.4 126.0 127.3 126.5 128.6 130.2 126.3 127.3 129.6 126.0 126.7 123.6 129.0 123.8 123.1 121.8 123.8 124.3 123.0
-999.0 136.4 135.9 134.8 135.8 139.5 139.7 135.4 125.4 132.2 131.5 133.1 132.9 132.4 132.2 130.4 128.9 131.4 130.3 129.3 130.8 130.9 133.8 130.6 130.5 132.2 133.9 130.3 128.3 136.1 129.3 131.9 129.9 131.1 130.4 131.9 128.8 134.5 123.6 131.8 130.7 132.3 132.4 131.8 129.0 131.2 129.4 131.3 125.7 139.8 134.8 136.6 135.3 138.2 133.0 130.2 131.7 134.2 128.7 131.0 130.2 133.5 134.8 131.1 131.4 129.2 130.5 129.0 128.4 127.7 129.1 130.4 129.3 131.3 126.3 128.7 126.7 129.2 129.0 123.1 123.0 125.6 123.2 130.8
-999.0 135.6 136.3 134.6 135.5 139.8 139.1 140.5 139.3 138.8 139.7 135.8 135.9 136.7 133.1 136.6 135.8 136.3 135.9 136.5 137.3 135.9 137.6 134.3 135.4 134.3 134.4 135.1 133.8 136.8 133.6 135.8 130.8 134.9 135.3 135.8 131.9 135.4 132.7 134.1 136.1 133.7 132.7 136.2 130.5 133.3 135.1 134.6 136.1 139.3 135.7 135.7 135.1 138.1 136.8 135.0 132.3 134.9 137.1 134.5 134.6 135.0 134.1 134.4 136.3 132.1 131.5 129.8 130.9 128.6 131.7 132.9 131.2 130.1 129.0 130.6 127.0 130.4 127.3 126.1 125.0 129.2 130.9 131.7
-999.0 134.6 136.7 134.7 134.9 139.3 139.3 140.7 140.5 138.9 138.6 136.6 135.9 136.1 135.1 137.7 135.4 136.3 134.9 136.3 136.3 137.0 135.5 136.3 137.2 138.5 135.8 136.7 137.9 136.3 135.2 136.7 134.3 137.0 136.7 136.9 132.9 136.2 136.0 135.3 135.9 135.7 135.5 136.6 133.6 134.9 135.6 139.7 141.3 139.1 135.1 135.6 134.8 137.1 141.0 140.6 134.0 135.8 136.3 135.6 135.3 135.7 135.0 136.7 136.8 136.7 135.7 132.7 133.9 132.9 134.5 132.7 134.0 132.9 136.3 133.7 135.2 132.1 134.6 133.9 133.2 130.3 132.4 132.4
135.4 135.6 135.6 135.1 136.3 139.1 138.8 136.8 141.2 138.7 138.2 137.0 136.6 136.4 136.6 136.0 135.9 135.4 135.1 136.7 136.5 138.3 135.8 137.0 137.8 138.0 138.0 137.9 137.6 138.3 137.1 137.3 135.2 136.8 136.8 138.5 135.8 136.6 136.1 136.7 138.2 136.6 135.9 136.6 136.3 136.4 137.5 140.9 142.5 138.6 135.0 136.6 135.9 136.8 140.9 143.3 136.3 135.3 135.8 136.2 133.8 138.7 135.5 137.2 136.5 139.4 138.4 135.4 135.0 134.7 135.1 132.2 134.8 135.5 133.8 133.2 135.4 132.8 132.7 133.4 132.8 131.3 132.5 132.6
126.3 134.8 136.7 135.0 137.6 136.1 138.8 126.2 140.9 135.0 138.0 136.5 135.9 136.9 133.2 136.3 135.1 137.6 134.8 136.7 130.3 138.4 138.3 137.7 136.9 136.8 139.2 138.0 137.5 137.5 135.7 137.4 136.3 137.5 136.6 139.1 137.2 137.7 135.6 137.6 138.0 135.9 137.6 137.3 137.4 137.0 139.0 140.1 142.6 138.8 136.6 136.7 135.5 136.7 141.1 135.0 142.4 134.8 136.0 135.3 137.1 139.3 140.3 137.1 135.3 138.7 141.2 133.9 135.3 135.1 134.3 135.5 134.8 133.9 133.7 132.6 136.3 133.5 134.0 130.9 132.6 131.4 130.8 132.1
135.4 123.6 133.0 129.1 134.7 129.5 130.8 119.3 140.0 121.4 134.6 129.2 135.0 130.6 137.7 106.5 135.9 128.5 133.8 134.2 136.4 135.4 136.4 136.6 143.3 128.6 139.4 134.5 138.1 129.5 136.1 130.4 132.4 136.9 133.6 136.9 135.6 127.3 134.0 131.5 134.1 120.5 136.8 136.4 138.0 136.4 138.3 139.3 139.5 134.0 137.0 131.6 136.5 131.6 139.2 134.2 142.1 133.4 136.4 106.2 136.4 133.2 141.5 136.3 137.1 130.5 139.9 126.1 134.7 133.0 132.7 132.1 131.6 133.2 135.2 132.7 136.1 118.3 133.5 129.2 131.8 131.0 130.8 130.7
90.2 89.9 86.3 90.2 88.4 87.4 129.5 95.7 128.9 98.1 90.3 91.9 93.5 105.0 87.0 96.6 100.9 111.9 103.8 121.9 102.7 115.7 127.4 126.6 133.7 115.2 132.6 131.3 136.3 125.0 131.1 105.7 121.8 130.2 126.0 120.2 135.2 96.1 130.5 124.6 135.0 86.4 138.3 130.1 135.4 114.4 133.2 133.6 140.8 130.4 130.2 128.5 134.7 119.1 134.6 89.1 116.9 127.7 130.6 84.8 136.1 110.5 133.7 129.8 136.4 129.2 138.4 89.7 127.8 120.5 134.4 129.5 134.1 116.1 133.6 113.4 127.7 86.4 133.1 118.0 125.6 129.6 130.8 108.9
89.8 90.4 88.2 87.8 89.3 88.7 86.5 86.9 134.8 86.8 91.3 86.4 87.3 88.3 88.5 87.3 87.8 86.5 87.2 92.4 89.1 92.2 100.7 87.9 94.0 90.9 134.1 97.3 76.5 79.4 129.9 86.2 82.2 88.6 85.7 91.2 94.2 92.3 85.4 87.7 88.0 87.7 129.6 91.4 99.1 93.4 116.0 98.5 94.9 92.9 94.1 93.8 98.9 89.1 118.6 90.6 87.4 84.1 129.1 84.5 100.4 89.4 128.1 90.5 135.9 92.3 92.0 87.5 88.9 87.9 97.8 105.5 89.5 100.4 129.8 93.9 87.7 85.6 111.2 79.4 129.5 107.7 131.6 71.9
87.1 89.6 88.3 87.6 89.7 90.1 86.9 86.8 87.9 86.4 86.7 84.5 86.3 86.8 80.2 87.0 85.6 87.7 87.0 88.8 86.0 87.2 86.0 86.4 84.6 84.3 85.0 85.5 84.2 77.0 78.0 80.6 79.9 82.1 83.1 84.2 87.6 88.1 90.6 86.6 87.3 90.2 90.0 88.8 90.1 92.1 93.1 95.8 93.1 92.5 91.4 93.9 93.9 90.2 88.1 90.3 85.9 84.8 84.7 84.3 86.6 83.4 88.3 87.2 118.0 86.7 90.2 86.9 87.9 89.0 88.4 92.7 98.9 88.1 86.6 87.2 86.0 84.1 91.9 71.0 69.5 69.7 129.2 71.0
89.2 89.3 88.5 89.1 87.4 89.2 85.7 87.3 87.1 86.3 88.3 83.9 86.5 87.4 86.8 88.2 86.6 88.2 86.6 88.1 89.0 88.1 87.5 87.5 85.4 87.8 84.3 85.8 78.3 79.4 77.9 78.7 81.2 81.1 86.0 83.7 87.6 88.7 88.5 90.3 91.8 90.6 89.6 90.8 87.1 91.9 91.5 90.5 90.8 93.0 90.6 93.3 92.2 89.6 88.7 90.0 88.8 87.4 85.5 82.6 84.3 88.1 88.3 87.4 91.5 85.5 85.5 89.0 86.9 89.4 91.6 89.3 89.6 87.3 87.5 87.3 87.7 83.9 76.6 75.9 74.5 69.5 78.5 70.9
89.7 89.8 88.7 88.5 86.4 87.8 89.6 87.0 88.0 85.1 78.4 85.3 88.1 87.7 89.4 89.5 88.3 88.2 86.5 86.6 85.8 88.4 87.7 87.9 85.8 86.2 86.5 87.4 77.1 81.6 76.7 80.9 80.9 79.8 82.4 84.2 82.3 88.7 88.9 90.4 90.4 90.8 91.0 90.9 87.9 91.4 91.3 93.5 93.9 94.5 97.7 93.0 92.0 90.8 91.9 90.7 87.8 87.8 84.5 82.4 84.9 85.5 88.2 87.4 86.9 85.9 86.3 82.6 84.5 87.8 88.5 92.4 87.9 86.6 87.9 87.1 86.4 83.7 78.9 79.2 79.1 72.6 73.0 72.1
88.8 90.0 88.9 90.1 90.5 89.2 90.1 87.0 89.8 88.2 87.9 86.8 85.6 89.4 87.5 86.7 89.1 88.4 86.1 88.0 88.7 88.8 88.3 89.0 86.8 85.3 85.7 87.4 81.7 82.2 77.1 81.8 81.1 79.0 80.0 84.5 84.4 87.8 89.4 90.4 88.2 91.1 90.5 90.9 88.5 91.2 91.9 94.9 92.2 94.2 94.3 94.6 92.4 91.2 91.0 92.2 88.6 87.7 82.7 83.3 85.1 86.0 87.8 87.5 85.0 86.1 86.1 84.9 87.8 86.1 88.3 89.9 93.5 89.5 87.6 86.8 87.7 83.4 79.6 81.0 79.8 75.7 73.9 74.4
87.6 90.1 87.9 89.3 89.5 90.2 88.3 86.4 89.7 88.9 86.1 83.7 86.7 90.1 88.4 85.4 89.2 88.5 83.9 88.5 88.2 89.3 92.0 89.5 89.1 87.0 85.5 88.5 83.9 82.0 78.4 81.7 80.3 80.5 82.1 82.4 83.5 87.1 90.4 92.5 91.9 90.4 91.9 91.9 88.8 92.5 91.9 92.7 92.4 94.5 93.8 93.9 91.8 90.8 95.6 92.3 91.5 89.2 85.4 82.1 84.7 86.3 86.9 86.9 85.8 86.4 84.6 85.3 88.1 86.7 86.8 87.5 85.8 91.6 89.5 87.1 87.2 82.6 82.1 82.6 81.3 76.7 76.5 75.9
88.7 88.2 90.9 89.6 88.9 89.2 89.2 87.8 88.2 87.7 86.7 87.1 89.9 87.9 87.9 85.8 89.6 89.5 85.3 88.5 84.1 89.7 89.5 88.9 87.1 88.8 87.7 89.3 86.6 87.6 80.4 82.1 80.8 81.9 80.6 81.9 81.8 86.4 88.4 92.2 89.1 90.2 91.7 92.3 90.9 91.9 90.8 92.4 94.7 94.7 92.3 94.3 93.3 91.9 88.9 92.0 90.3 88.5 88.9 84.9 92.3 86.3 86.7 86.1 88.1 87.3 87.6 85.9 88.0 87.3 86.5 88.2 88.3 91.8 92.7 87.4 88.0 80.3 84.7 82.5 82.2 79.3 76.9 79.3
89.2 88.3 91.3 91.0 88.6 88.4 91.1 87.8 88.6 90.6 86.3 87.9 89.3 87.4 86.7 85.9 89.1 89.8 89.0 90.7 88.8 90.6 87.5 88.9 84.2 88.8 90.0 89.4 86.9 88.2 81.7 82.2 84.2 86.3 81.0 83.2 82.8 86.3 88.3 92.0 89.5 90.7 92.2 92.0 89.2 91.9 95.3 93.8 93.7 94.9 91.4 94.6 91.4 92.7 88.5 91.8 90.1 91.0 89.2 87.8 87.4 86.9 86.4 86.0 88.5 87.7 87.3 89.4 86.3 87.5 87.4 87.9 90.4 89.2 90.9 88.1 89.1 78.7 85.9 83.5 82.0 80.3 80.3 79.5
88.9 89.2 89.3 90.2 88.7 89.7 91.4 87.9 88.8 89.6 89.6 89.9 88.9 87.8 87.1 86.9 88.3 88.5 88.6 91.1 88.7 91.4 90.1 88.7 87.9 88.5 88.1 89.9 88.0 88.9 86.4 85.4 82.2 87.2 83.4 84.3 83.2 86.6 85.6 90.1 91.2 91.0 94.5 95.5 94.7 92.1 94.4 93.0 92.7 95.0 94.1 92.4 91.8 90.2 90.8 91.0 90.7 93.8 92.0 91.3 91.0 91.8 88.6 88.7 87.7 88.8 87.4 88.8 86.5 88.1 87.6 87.2 90.9 87.5 91.2 87.5 85.0 80.1 86.7 82.3 81.2 82.0 81.0 78.3
91.9 89.7 88.6 90.3 89.9 91.1 89.8 90.4 88.7 89.2 87.4 89.6 90.1 86.9 86.7 86.8 88.0 87.5 89.0 91.5 87.7 91.8 89.4 88.3 86.7 88.1 87.7 90.1 88.3 89.8 88.6 88.0 86.4 87.9 84.3 82.0 85.4 89.4 87.3 90.8 92.8 90.8 92.7 96.4 94.4 93.3 94.7 93.5 92.7 92.7 94.3 92.4 94.7 91.3 90.3 91.0 92.7 94.0 93.4 93.4 92.4 95.2 89.2 89.1 87.8 88.1 89.8 89.5 85.8 88.7 88.9 87.8 91.9 87.8 90.9 85.8 86.2 82.2 86.5 82.4 80.4 81.6 82.1 78.2
90.8 89.5 86.4 90.4 87.0 89.5 89.9 89.8 90.7 88.1 90.4 88.4 91.2 87.5 89.9 87.3 88.0 88.3 89.3 88.7 93.4 89.8 88.6 87.8 87.4 88.0 88.1 86.8 88.3 89.4 88.6 89.4 88.2 87.7 84.5 82.6 85.3 86.1 87.4 90.5 95.0 89.6 92.5 93.1 93.9 93.2 93.3 94.3 92.7 95.3 92.8 89.9 94.4 88.7 90.3 88.8 93.1 94.1 91.4 93.3 93.5 94.5 89.7 90.0 89.2 87.9 89.2 92.4 86.9 89.4 89.5 88.1 89.2 89.0 90.8 85.7 86.6 83.2 86.2 85.0 80.9 83.3 84.6 79.3
88.5 87.6 90.9 91.1 92.2 89.0 89.9 89.4 89.9 90.6 87.7 88.9 91.0 89.3 87.5 87.5 88.8 88.6 88.9 88.9 90.9 89.2 88.8 87.6 89.1 88.4 86.8 87.1 88.2 89.3 87.7 89.3 89.7 89.2 86.8 84.3 86.0 86.8 87.5 88.8 90.4 89.6 91.5 93.3 94.1 93.3 94.4 94.3 92.4 93.6 93.4 90.2 95.3 88.8 90.2 90.5 92.3 93.6 91.1 95.9 96.1 93.8 92.4 94.7 89.5 90.6 88.8 92.3 87.6 90.0 88.5 90.3 90.6 87.1 89.2 85.8 85.2 83.5 86.5 82.2 81.5 84.2 82.8 79.7
90.2 86.8 88.2 90.7 90.0 91.1 89.6 87.7 88.6 90.5 92.2 88.7 85.8 88.6 87.9 88.5 89.1 87.9 88.7 88.4 90.7 88.6 88.9 87.6 87.8 88.3 85.1 87.3 88.6 92.1 88.4 89.3 89.6 90.0 89.2 85.6 87.6 86.5 89.0 87.7 88.2 89.5 91.2 89.6 95.0 92.8 94.1 93.4 94.7 93.4 91.7 91.3 91.6 88.7 90.3 91.5 92.1 92.9 91.4 97.4 93.0 93.6 93.7 93.3 88.8 92.0 89.0 90.0 87.4 89.7 89.1 90.9 90.9 89.7 88.6 87.1 82.1 85.1 86.4 79.7 80.4 83.7 82.6 82.3
89.2 88.5 87.5 88.7 89.5 89.5 91.3 91.2 89.9 90.6 90.9 88.7 84.7 88.0 87.9 89.3 90.0 89.5 88.6 88.5 90.2 88.4 89.4 87.4 87.3 88.0 86.1 87.3 88.6 89.2 89.8 90.3 90.2 91.2 88.8 87.7 88.2 84.6 88.4 89.7 90.5 87.9 91.0 90.5 93.8 92.6 93.2 95.0 93.9 93.3 93.1 91.4 92.5 87.9 90.1 89.5 90.9 91.6 92.1 98.2 94.0 93.3 95.0 93.1 92.4 91.7 89.7 90.3 88.1 89.7 90.2 89.8 89.9 90.4 88.6 86.6 81.3 85.2 86.5 79.2 82.0 84.0 82.6 84.0
86.9 90.2 89.0 90.8 88.9 89.0 85.5 91.2 87.8 90.5 90.7 88.6 87.6 88.2 88.4 89.5 89.9 87.0 88.8 89.1 87.8 87.2 87.9 87.3 87.3 86.9 87.0 86.3 88.6 88.6 89.1 90.8 88.9 91.5 89.8 90.5 87.0 86.1 88.1 90.0 89.4 88.0 88.5 91.1 95.0 91.8 94.2 93.3 92.7 91.7 92.0 89.6 89.6 87.5 91.1 86.6 89.1 90.8 91.5 94.8 93.2 93.6 92.8 93.1 90.9 90.9 91.8 91.9 89.7 93.4 89.7 90.3 89.7 89.8 87.8 87.3 81.3 83.9 85.9 79.1 83.4 86.4 84.9 87.9
88.7 86.2 88.7 89.4 91.0 90.7 88.3 91.8 88.8 89.7 89.8 89.6 86.8 88.4 86.6 87.0 87.8 86.5 88.8 89.3 86.8 86.0 85.3 86.9 88.3 86.2 84.7 86.6 88.1 88.2 88.8 90.1 89.1 93.2 90.5 90.1 88.2 86.9 88.9 90.2 89.1 87.5 88.1 88.6 93.0 92.6 92.9 92.2 91.6 90.9 93.3 90.0 92.8 87.4 91.9 85.9 89.1 89.2 91.1 87.8 93.4 94.1 92.2 93.1 91.5 90.8 93.4 93.7 89.6 94.5 89.0 90.6 91.1 89.6 92.2 83.7 83.8 82.9 85.2 78.2 84.2 87.6 88.0 89.5
88.1 89.8 91.0 89.0 93.5 91.1 89.8 90.1 88.8 89.4 90.4 89.4 86.5 86.9 87.3 87.3 86.9 85.2 88.2 87.0 87.5 85.6 86.2 86.8 88.1 86.4 83.2 86.5 86.3 88.3 90.0 90.8 90.8 92.3 92.5 92.1 89.0 87.4 87.4 90.4 88.1 87.1 87.3 87.8 92.5 91.1 92.3 94.6 95.8 92.2 92.1 89.6 91.3 86.9 90.3 84.0 87.1 87.9 90.2 87.0 93.4 94.6 91.4 92.9 92.2 91.7 91.8 92.6 88.9 94.3 89.0 90.8 91.7 90.5 87.9 82.8 85.4 83.0 83.8 79.3 87.1 89.1 91.4 90.3
89.3 89.2 89.6 90.9 91.9 88.2 91.3 89.7 87.8 89.8 89.7 87.8 86.6 87.8 87.0 84.7 86.6 85.6 86.1 86.5 86.1 85.9 86.7 85.1 86.1 86.1 84.7 85.6 86.4 88.8 90.5 91.4 89.7 91.4 91.7 91.5 88.1 87.6 88.7 91.1 89.2 88.1 87.1 85.8 92.2 92.8 91.3 95.0 90.9 91.1 89.4 87.9 88.7 86.7 89.4 86.6 86.7 86.3 86.9 87.2 92.6 94.7 96.0 93.3 91.7 91.3 93.6 91.2 91.8 92.9 90.8 90.8 89.1 90.9 85.7 81.8 86.1 82.6 82.6 79.5 88.5 89.7 92.6 91.1
90.6 89.0 90.5 92.7 91.0 87.6 93.4 90.5 90.4 89.5 90.9 86.4 86.3 86.3 85.5 84.7 79.9 84.3 85.9 85.5 85.9 84.4 84.8 84.2 86.3 83.9 85.6 86.8 86.9 87.1 91.2 91.3 88.8 92.2 90.8 92.2 90.9 88.9 89.1 89.4 88.1 88.6 86.7 87.6 87.1 92.5 87.7 92.4 91.6 89.9 90.0 86.9 91.6 85.1 89.0 89.3 83.4 87.1 85.3 86.8 90.0 94.2 94.1 92.6 90.4 91.0 95.7 92.4 93.3 91.8 91.0 90.1 91.5 89.7 86.3 79.4 84.2 82.4 81.9 84.6 91.4 89.7 92.8 92.2
90.9 90.1 90.2 90.7 91.8 91.0 92.6 92.1 89.3 89.3 89.1 85.2 85.0 84.2 82.1 85.4 77.0 81.2 84.0 85.3 87.2 83.4 83.7 84.6 86.2 84.4 83.0 86.5 86.8 87.2 89.1 90.7 88.9 93.0 95.9 91.7 91.7 89.1 87.9 88.9 91.7 87.2 90.3 88.4 86.8 89.1 87.6 91.1 93.5 88.2 87.4 85.7 86.3 83.2 88.4 87.5 87.5 86.9 84.0 86.5 91.7 88.5 94.0 92.5 90.7 90.1 93.1 93.1 93.5 92.0 89.7 90.4 93.3 89.0 87.2 80.9 82.1 81.5 80.0 86.6 92.2 90.2 92.8 91.2
89.5 90.4 89.8 90.8 89.4 90.4 91.0 89.9 88.1 89.6 88.7 83.9 84.0 83.6 82.9 83.0 73.1 81.2 83.9 84.5 83.3 81.4 82.0 87.2 84.3 84.7 84.4 88.1 85.5 89.5 89.5 90.0 90.7 93.4 92.0 91.7 89.3 89.3 89.5 88.4 89.5 86.8 84.7 86.3 85.7 86.9 87.4 89.0 89.7 89.1 88.2 84.7 84.6 81.8 87.7 87.3 85.5 86.8 89.1 83.1 81.0 86.3 85.9 88.8 91.4 90.0 93.5 92.2 93.1 90.3 91.4 91.0 91.2 88.9 83.8 81.8 81.2 82.3 79.9 88.0 92.1 91.3 93.8 92.1
89.6 90.4 89.8 92.3 89.2 89.3 92.3 89.2 89.5 89.5 84.9 83.9 84.3 84.3 82.2 79.8 68.8 81.7 86.6 83.6 81.6 80.1 80.3 88.3 83.2 82.5 83.5 90.0 88.1 89.7 89.6 90.3 89.8 92.2 91.9 92.9 89.5 88.9 84.1 88.1 86.6 87.5 87.2 86.2 84.5 85.4 86.3 87.7 88.3 90.0 88.2 84.9 85.8 79.8 85.8 87.3 87.5 85.7 86.0 84.9 82.1 85.5 87.7 86.0 91.3 91.7 92.5 92.1 92.6 90.4 91.1 91.1 87.8 87.1 82.6 83.1 81.5 83.0 82.0 88.9 92.1 92.4 93.5 92.7
91.6 91.0 91.9 91.5 88.4 89.1 90.8 89.9 91.7 89.9 86.7 84.8 84.5 84.2 83.6 76.4 66.5 81.5 81.6 82.1 79.3 81.2 81.8 81.7 82.0 84.2 82.9 91.8 86.5 90.5 89.7 90.8 88.7 92.3 92.6 92.8 90.2 90.1 90.3 89.2 87.9 88.4 86.0 86.4 84.2 84.5 88.7 88.4 89.2 91.2 90.1 84.6 83.9 78.3 87.5 87.2 88.0 87.1 85.1 85.9 84.0 84.9 86.2 84.1 90.4 89.3 90.5 91.2 93.1 90.5 91.5 89.9 89.2 86.6 80.8 82.1 85.7 83.9 82.9 89.2 92.2 93.2 89.1 91.5
92.4 91.5 91.6 91.3 89.2 88.9 89.0 88.6 89.2 90.5 87.6 85.6 84.1 83.3 78.7 75.1 62.9 80.9 84.8 82.8 82.1 81.1 83.2 80.3 81.7 84.5 83.7 90.9 88.8 88.4 91.1 89.9 89.3 92.4 90.9 91.4 93.1 91.3 87.2 89.3 87.8 88.8 88.0 86.5 84.1 83.5 82.5 88.1 88.2 92.1 85.3 84.4 84.4 78.0 89.5 87.5 94.0 88.2 86.9 87.5 84.2 83.6 85.6 81.7 88.8 90.3 91.0 91.3 90.5 87.9 89.5 89.6 89.6 87.3 79.3 81.4 80.0 84.6 86.8 88.3 91.8 93.0 94.1 88.6
91.1 91.0 92.3 91.7 90.5 88.1 91.1 89.2 89.6 90.2 88.7 83.8 83.1 83.1 79.9 71.7 59.1 76.3 81.5 80.8 77.7 81.4 80.3 80.8 80.1 83.4 84.6 88.9 88.4 87.6 90.2 89.9 90.2 92.5 91.1 91.2 91.6 90.6 89.5 89.4 87.7 88.7 86.7 87.2 86.2 83.6 83.2 84.4 89.7 91.3 88.1 84.7 85.4 77.1 86.8 89.0 88.2 87.5 89.7 88.7 85.2 83.1 86.2 82.5 88.2 90.9 91.6 91.8 91.5 86.4 90.6 89.7 90.7 84.9 81.3 80.2 81.0 82.7 88.0 86.5 91.1 93.1 93.4 91.1
