surveys/_q10_1/matrix_bed_q10_1s3.txt
north:            -502.50
south:           -1197.50
east:             2707.00
west:              -93.00
rows:                 141
cols:                 280
null:              -999.0
[rows 0 to 37 of 141, columns 168 to 251 of 280]
105.6 108.6 -999.0 101.0 94.5 98.1 100.6 92.6 92.5 86.4 86.3 85.9 81.5 81.2 82.5 89.1 88.8 87.5 86.0 83.6 84.7 79.9 74.4 77.1 85.1 89.6 76.1 75.2 86.8 88.2 93.0 96.0 85.7 88.8 86.5 91.6 89.7 91.7 97.6 97.9 92.3 91.5 87.6 91.2 90.0 90.3 88.5 86.2 88.9 91.6 85.5 91.1 97.0 96.5 89.6 96.4 103.9 -999.0 101.7 -999.0 103.6 101.8 98.1 92.4 86.3 89.6 83.7 85.2 82.0 90.0 86.6 84.7 88.6 85.0 82.7 70.1 71.0 79.1 85.1 86.0 82.4 82.7 78.4 73.4
105.6 108.6 -999.0 100.8 94.5 99.6 100.6 92.5 92.3 86.4 86.5 86.0 82.0 81.4 81.8 89.0 88.7 87.5 87.0 83.9 85.4 80.1 74.4 77.1 80.1 89.9 75.2 74.9 86.7 90.0 93.0 96.2 85.3 90.0 86.3 92.2 90.2 91.7 98.0 98.0 92.9 91.5 87.1 91.4 89.9 90.3 88.5 86.6 88.4 91.7 84.8 92.4 97.1 96.3 89.6 96.3 103.9 -999.0 101.3 -999.0 104.1 101.9 98.2 93.4 86.2 89.7 83.8 85.5 86.2 90.7 86.4 84.5 87.5 85.3 82.7 70.2 70.9 79.5 85.1 86.1 85.1 83.3 78.1 73.2
106.2 108.6 -999.0 100.1 98.0 101.9 101.0 94.3 94.5 89.5 88.3 87.2 81.7 85.6 85.7 88.0 91.1 89.6 88.8 82.2 86.7 79.5 72.2 79.7 88.6 93.1 80.3 79.2 88.1 93.1 94.6 95.4 92.2 92.5 87.8 93.6 94.5 94.3 98.4 99.3 93.4 93.2 87.2 92.4 90.3 93.6 92.7 91.9 91.0 93.3 89.2 96.0 96.8 98.6 89.4 95.1 103.8 -999.0 100.8 -999.0 104.3 103.2 100.8 93.2 86.6 89.7 86.6 85.7 90.5 92.3 87.6 85.9 90.9 87.0 83.0 73.1 71.8 81.8 88.5 86.1 88.1 85.3 79.4 73.2
106.2 -999.0 -999.0 100.0 99.4 104.1 100.7 96.7 100.7 92.6 94.0 92.4 86.8 86.9 86.1 89.3 94.7 93.2 89.9 89.0 89.8 82.9 75.9 87.0 91.9 94.6 80.9 82.8 91.0 97.2 96.2 98.5 90.9 95.0 91.5 95.1 97.4 96.7 99.8 100.7 94.6 98.3 90.7 94.7 92.1 96.1 94.8 95.4 94.9 96.2 90.9 100.6 97.4 100.3 91.1 89.9 103.7 -999.0 101.0 -999.0 104.2 103.9 103.7 92.6 88.6 89.5 89.1 88.0 92.6 93.4 88.2 86.4 93.9 86.8 89.2 78.4 77.3 85.3 87.6 87.0 83.9 86.0 79.0 72.6
106.3 -999.0 -999.0 -999.0 102.6 107.0 99.5 100.2 102.9 96.1 87.7 98.6 87.9 89.4 88.6 90.7 96.0 94.3 92.2 88.2 90.7 85.8 80.2 86.6 96.7 98.1 82.7 85.1 92.3 99.1 98.8 99.5 94.5 96.6 93.5 100.3 101.5 99.4 99.5 100.8 99.6 99.4 90.4 96.8 94.9 98.7 99.8 98.6 97.6 99.4 94.6 101.1 99.3 102.2 93.3 93.1 103.6 -999.0 103.3 -999.0 104.3 103.9 103.0 94.6 92.8 91.0 89.5 90.1 94.9 92.2 88.7 90.5 96.3 91.4 92.3 78.6 75.7 88.1 89.4 89.5 86.0 85.2 78.8 72.0
-999.0 -999.0 -999.0 -999.0 105.6 107.1 99.8 104.8 105.0 99.4 101.0 101.7 90.8 93.7 91.5 93.6 99.9 95.8 93.6 90.5 92.6 90.5 84.4 87.5 98.9 100.8 86.8 88.7 95.5 102.7 101.0 102.9 97.9 99.3 96.7 101.3 101.2 99.5 99.8 -999.0 95.3 100.0 93.1 98.7 102.5 100.6 102.0 101.2 100.8 97.6 98.2 101.2 102.7 102.0 93.3 92.5 103.6 -999.0 102.8 -999.0 -999.0 -999.0 103.7 97.2 88.0 92.3 92.3 92.3 98.1 93.3 91.8 92.9 94.9 93.0 90.0 78.9 80.4 90.4 91.2 88.5 88.0 84.3 78.9 71.8
-999.0 -999.0 -999.0 -999.0 108.0 -999.0 99.5 105.7 106.0 99.6 100.1 103.9 94.5 96.3 97.0 96.7 102.2 97.7 95.1 93.8 99.1 93.2 84.4 90.2 100.7 102.9 90.3 90.9 97.6 102.6 101.4 103.4 98.0 101.8 98.8 101.3 101.2 -999.0 -999.0 -999.0 95.3 100.0 95.4 101.0 100.4 102.1 101.6 102.0 100.0 103.4 101.1 101.2 103.4 102.0 97.3 92.4 103.3 -999.0 103.3 -999.0 -999.0 -999.0 -999.0 101.8 89.2 93.6 95.7 95.8 100.9 101.8 93.9 95.3 100.8 93.4 95.0 81.4 80.2 94.1 94.5 92.3 88.8 86.2 77.5 73.2
-999.0 -999.0 -999.0 -999.0 107.5 -999.0 -999.0 105.7 105.8 99.6 100.4 104.0 96.1 98.6 100.4 99.6 103.7 99.3 99.9 97.2 100.0 96.1 89.4 94.3 101.5 103.3 92.9 97.3 100.4 100.4 101.7 103.4 98.0 102.5 100.9 -999.0 101.2 -999.0 -999.0 -999.0 94.8 100.0 97.8 101.7 102.6 102.1 102.0 102.2 100.8 103.9 100.5 -999.0 103.4 -999.0 98.6 96.7 103.1 -999.0 -999.0 -999.0 -999.0 -999.0 -999.0 103.9 91.0 95.0 94.4 98.7 100.8 102.1 97.6 97.1 101.6 99.2 94.0 86.2 87.4 94.3 95.3 96.4 92.5 88.6 82.3 75.3
-999.0 -999.0 -999.0 -999.0 108.0 -999.0 -999.0 105.7 106.0 -999.0 100.3 -999.0 99.2 102.4 100.7 99.1 106.0 99.5 98.4 100.3 103.4 99.6 91.6 96.8 101.6 -999.0 97.4 99.6 99.8 100.2 -999.0 -999.0 98.0 102.5 100.9 -999.0 -999.0 -999.0 -999.0 -999.0 -999.0 -999.0 101.4 102.6 -999.0 -999.0 -999.0 -999.0 -999.0 -999.0 101.1 -999.0 103.5 -999.0 102.0 98.9 102.9 -999.0 -999.0 -999.0 -999.0 -999.0 -999.0 104.3 94.0 95.8 95.9 101.6 100.9 -999.0 98.8 101.9 102.0 100.6 95.0 87.3 89.6 97.0 100.4 97.9 94.8 88.9 83.7 80.5
-999.0 -999.0 -999.0 -999.0 -999.0 -999.0 -999.0 -999.0 -999.0 -999.0 -999.0 -999.0 100.6 102.6 103.0 99.7 105.7 99.5 98.8 101.1 104.5 101.3 94.4 100.9 -999.0 -999.0 100.0 101.9 100.4 100.2 -999.0 -999.0 -999.0 -999.0 101.4 -999.0 -999.0 -999.0 -999.0 -999.0 -999.0 -999.0 101.0 -999.0 -999.0 -999.0 -999.0 -999.0 -999.0 -999.0 -999.0 -999.0 -999.0 -999.0 101.1 100.6 103.7 -999.0 -999.0 -999.0 -999.0 -999.0 102.3 -999.0 95.8 97.2 99.6 103.9 -999.0 -999.0 101.2 102.0 101.3 102.0 95.8 90.1 89.6 97.1 101.3 99.0 98.4 96.6 85.1 83.3
-999.0 -999.0 -999.0 -999.0 -999.0 -999.0 -999.0 -999.0 -999.0 -999.0 -999.0 -999.0 101.8 -999.0 103.1 -999.0 106.1 -999.0 98.7 97.9 104.4 101.4 95.8 100.5 -999.0 -999.0 99.5 102.0 -999.0 -999.0 -999.0 -999.0 -999.0 -999.0 -999.0 -999.0 -999.0 -999.0 -999.0 -999.0 -999.0 -999.0 101.6 -999.0 -999.0 -999.0 -999.0 -999.0 -999.0 -999.0 -999.0 -999.0 -999.0 -999.0 102.0 100.5 102.7 -999.0 -999.0 -999.0 -999.0 -999.0 102.3 -999.0 96.1 100.2 99.0 104.3 -999.0 -999.0 101.5 102.0 101.7 103.1 99.9 93.7 94.2 -999.0 101.8 99.6 97.6 98.7 89.3 85.6
-999.0 -999.0 -999.0 -999.0 -999.0 -999.0 -999.0 -999.0 -999.0 -999.0 -999.0 -999.0 -999.0 -999.0 103.1 -999.0 -999.0 -999.0 98.8 98.0 104.5 -999.0 100.5 103.3 -999.0 -999.0 100.0 -999.0 -999.0 -999.0 -999.0 -999.0 -999.0 -999.0 -999.0 -999.0 -999.0 -999.0 -999.0 -999.0 -999.0 -999.0 -999.0 -999.0 -999.0 -999.0 -999.0 -999.0 -999.0 -999.0 -999.0 -999.0 -999.0 -999.0 -999.0 100.5 101.4 -999.0 -999.0 -999.0 -999.0 -999.0 102.3 -999.0 96.1 100.9 98.6 -999.0 -999.0 -999.0 101.6 -999.0 101.3 103.2 100.8 96.3 95.8 -999.0 -999.0 -999.0 98.4 99.1 91.0 88.5
-999.0 -999.0 -999.0 -999.0 -999.0 -999.0 -999.0 -999.0 -999.0 -999.0 -999.0 -999.0 -999.0 -999.0 -999.0 -999.0 -999.0 -999.0 -999.0 97.3 -999.0 -999.0 101.7 103.4 -999.0 -999.0 -999.0 -999.0 -999.0 -999.0 -999.0 -999.0 -999.0 -999.0 -999.0 -999.0 -999.0 -999.0 -999.0 -999.0 -999.0 -999.0 -999.0 -999.0 -999.0 -999.0 -999.0 -999.0 -999.0 -999.0 -999.0 -999.0 -999.0 -999.0 -999.0 -999.0 101.4 -999.0 -999.0 -999.0 -999.0 -999.0 102.4 -999.0 96.1 100.9 98.7 -999.0 -999.0 -999.0 101.6 -999.0 -999.0 -999.0 100.8 99.5 99.2 -999.0 -999.0 -999.0 -999.0 99.4 91.8 90.7
-999.0 -999.0 -999.0 -999.0 -999.0 -999.0 -999.0 -999.0 -999.0 -999.0 -999.0 -999.0 -999.0 -999.0 -999.0 -999.0 -999.0 -999.0 -999.0 -999.0 -999.0 -999.0 103.7 -999.0 -999.0 -999.0 -999.0 -999.0 -999.0 -999.0 -999.0 -999.0 -999.0 -999.0 -999.0 -999.0 -999.0 -999.0 -999.0 -999.0 -999.0 -999.0 -999.0 -999.0 -999.0 -999.0 -999.0 -999.0 -999.0 -999.0 -999.0 -999.0 -999.0 -999.0 -999.0 -999.0 101.4 -999.0 -999.0 -999.0 -999.0 -999.0 103.9 -999.0 -999.0 -999.0 98.6 -999.0 -999.0 -999.0 -999.0 -999.0 -999.0 -999.0 -999.0 102.0 98.6 -999.0 -999.0 -999.0 -999.0 99.4 96.0 92.0
-999.0 -999.0 -999.0 -999.0 -999.0 -999.0 -999.0 -999.0 -999.0 -999.0 -999.0 -999.0 -999.0 -999.0 -999.0 -999.0 -999.0 -999.0 -999.0 -999.0 -999.0 -999.0 103.7 -999.0 -999.0 -999.0 -999.0 -999.0 -999.0 -999.0 -999.0 -999.0 -999.0 -999.0 -999.0 -999.0 -999.0 -999.0 -999.0 -999.0 -999.0 -999.0 -999.0 -999.0 -999.0 -999.0 -999.0 -999.0 -999.0 -999.0 -999.0 -999.0 -999.0 -999.0 -999.0 -999.0 -999.0 -999.0 -999.0 -999.0 -999.0 -999.0 97.4 -999.0 -999.0 -999.0 -999.0 -999.0 -999.0 -999.0 -999.0 -999.0 -999.0 -999.0 -999.0 101.9 99.2 -999.0 -999.0 -999.0 -999.0 -999.0 99.7 93.8
-999.0 -999.0 -999.0 -999.0 -999.0 -999.0 -999.0 -999.0 -999.0 -999.0 -999.0 -999.0 -999.0 -999.0 -999.0 -999.0 -999.0 -999.0 -999.0 -999.0 -999.0 -999.0 -999.0 -999.0 -999.0 -999.0 -999.0 -999.0 -999.0 -999.0 -999.0 -999.0 -999.0 -999.0 -999.0 -999.0 -999.0 -999.0 -999.0 -999.0 -999.0 -999.0 -999.0 -999.0 -999.0 -999.0 -999.0 -999.0 -999.0 -999.0 -999.0 -999.0 -999.0 -999.0 -999.0 -999.0 -999.0 -999.0 -999.0 -999.0 -999.0 -999.0 97.8 -999.0 -999.0 -999.0 -999.0 -999.0 -999.0 -999.0 -999.0 -999.0 -999.0 -999.0 -999.0 101.9 -999.0 -999.0 -999.0 -999.0 -999.0 -999.0 98.0 95.9
-999.0 -999.0 -999.0 -999.0 -999.0 -999.0 -999.0 -999.0 -999.0 -999.0 -999.0 -999.0 -999.0 -999.0 -999.0 -999.0 -999.0 -999.0 -999.0 -999.0 -999.0 -999.0 -999.0 -999.0 -999.0 -999.0 -999.0 -999.0 -999.0 -999.0 -999.0 -999.0 -999.0 -999.0 -999.0 -999.0 -999.0 -999.0 -999.0 -999.0 -999.0 -999.0 -999.0 -999.0 -999.0 -999.0 -999.0 -999.0 -999.0 -999.0 -999.0 -999.0 -999.0 -999.0 -999.0 -999.0 -999.0 -999.0 -999.0 -999.0 -999.0 -999.0 97.7 -999.0 -999.0 -999.0 -999.0 -999.0 -999.0 -999.0 -999.0 -999.0 -999.0 -999.0 -999.0 -999.0 -999.0 -999.0 -999.0 -999.0 -999.0 -999.0 98.7 96.7
-999.0 -999.0 -999.0 -999.0 -999.0 -999.0 -999.0 -999.0 -999.0 -999.0 -999.0 -999.0 -999.0 -999.0 -999.0 -999.0 -999.0 -999.0 -999.0 -999.0 -999.0 -999.0 -999.0 -999.0 -999.0 -999.0 -999.0 -999.0 -999.0 -999.0 -999.0 -999.0 -999.0 -999.0 -999.0 -999.0 -999.0 -999.0 -999.0 -999.0 -999.0 -999.0 -999.0 -999.0 -999.0 -999.0 -999.0 -999.0 -999.0 -999.0 -999.0 -999.0 -999.0 -999.0 -999.0 -999.0 -999.0 -999.0 -999.0 -999.0 -999.0 -999.0 97.8 -999.0 -999.0 -999.0 -999.0 -999.0 -999.0 -999.0 -999.0 -999.0 -999.0 -999.0 -999.0 -999.0 -999.0 -999.0 -999.0 -999.0 -999.0 -999.0 99.0 96.6
52.8 61.3 60.7 64.8 -999.0 63.2 65.7 77.1 66.0 74.7 82.2 -999.0 -999.0 -999.0 -999.0 70.9 -999.0 77.4 -999.0 -999.0 -999.0 -999.0 -999.0 -999.0 -999.0 -999.0 -999.0 -999.0 -999.0 -999.0 -999.0 -999.0 -999.0 81.1 -999.0 -999.0 -999.0 -999.0 -999.0 -999.0 -999.0 -999.0 -999.0 -999.0 -999.0 -999.0 -999.0 -999.0 -999.0 -999.0 -999.0 -999.0 -999.0 -999.0 -999.0 -999.0 -999.0 -999.0 -999.0 -999.0 -999.0 -999.0 -999.0 -999.0 -999.0 -999.0 -999.0 -999.0 -999.0 -999.0 -999.0 -999.0 -999.0 -999.0 -999.0 -999.0 -999.0 -999.0 -999.0 -999.0 -999.0 -999.0 99.0 96.6
53.0 60.9 60.3 64.6 65.4 63.7 65.7 75.4 66.8 73.4 77.9 65.9 -999.0 69.2 72.2 70.7 76.2 77.3 76.0 78.1 81.4 80.7 81.7 82.3 80.9 75.8 80.6 80.9 -999.0 85.5 -999.0 83.7 79.9 81.1 86.0 102.2 -999.0 -999.0 97.2 -999.0 -999.0 -999.0 -999.0 -999.0 -999.0 88.6 -999.0 89.3 -999.0 -999.0 -999.0 -999.0 -999.0 -999.0 -999.0 -999.0 -999.0 -999.0 -999.0 -999.0 -999.0 -999.0 -999.0 -999.0 -999.0 -999.0 -999.0 -999.0 -999.0 -999.0 -999.0 -999.0 -999.0 -999.0 -999.0 -999.0 -999.0 -999.0 -999.0 -999.0 -999.0 -999.0 99.0 -999.0
52.8 59.7 60.7 64.7 65.3 63.9 65.7 74.9 66.1 70.5 82.1 65.4 68.9 69.4 72.2 70.8 77.0 77.2 75.9 77.9 81.0 80.4 81.7 82.0 80.8 76.1 80.2 80.9 82.2 85.2 80.4 83.1 79.6 81.1 84.7 99.0 84.9 85.4 94.6 87.8 86.1 88.1 -999.0 90.3 -999.0 88.6 88.8 89.3 87.4 89.2 89.1 98.0 87.9 -999.0 88.4 -999.0 -999.0 -999.0 -999.0 -999.0 -999.0 -999.0 -999.0 -999.0 -999.0 -999.0 -999.0 -999.0 -999.0 -999.0 -999.0 -999.0 -999.0 -999.0 -999.0 -999.0 -999.0 -999.0 -999.0 -999.0 -999.0 -999.0 -999.0 -999.0
53.8 56.8 58.8 62.8 63.7 67.5 67.2 68.6 69.5 61.6 62.1 65.0 68.9 69.7 72.2 70.1 73.5 76.2 76.0 78.0 81.4 80.4 81.7 80.3 80.9 76.4 80.6 80.8 82.0 83.4 80.5 83.0 79.9 80.1 86.0 99.3 85.0 84.4 97.2 87.2 86.1 88.1 90.9 89.9 89.0 88.6 88.9 89.2 87.4 89.3 88.6 96.3 87.9 86.7 88.4 86.4 86.6 86.2 84.9 85.6 98.2 -999.0 -999.0 -999.0 -999.0 -999.0 -999.0 -999.0 -999.0 -999.0 -999.0 -999.0 -999.0 -999.0 -999.0 -999.0 -999.0 -999.0 -999.0 -999.0 -999.0 -999.0 -999.0 -999.0
55.0 61.9 60.2 63.1 64.3 71.3 64.6 72.4 72.0 58.0 59.1 62.3 68.8 69.4 75.7 71.2 75.4 74.2 75.3 76.4 79.2 78.9 79.9 78.6 80.4 78.7 78.6 80.2 82.0 80.2 79.8 79.9 78.6 79.5 79.4 83.7 84.7 84.2 84.3 87.0 86.1 87.6 90.0 90.0 89.1 89.6 88.8 88.2 87.4 89.3 89.1 96.0 87.9 86.4 88.4 86.0 86.6 85.9 85.1 85.5 96.2 89.8 86.0 86.7 87.6 87.1 86.7 91.2 -999.0 85.8 88.4 86.1 -999.0 88.8 83.3 98.2 79.5 86.8 -999.0 -999.0 85.1 -999.0 -999.0 -999.0
57.5 61.8 61.1 63.3 70.1 74.8 71.1 73.3 67.3 61.7 64.7 66.7 69.3 69.0 72.1 72.5 74.3 74.5 75.0 76.7 79.7 79.5 77.8 77.7 80.8 78.5 78.3 77.5 80.7 78.1 80.2 78.0 78.1 78.5 80.8 81.4 82.9 81.3 83.8 83.9 85.1 87.2 88.3 88.1 88.4 88.8 89.2 87.9 87.6 89.5 86.6 86.6 86.5 88.5 86.7 85.5 86.6 85.8 84.9 85.5 98.2 89.7 85.8 86.5 87.3 87.7 86.9 90.8 89.0 86.0 88.2 86.2 85.6 88.0 83.3 96.2 79.7 86.1 84.1 86.5 84.8 84.0 82.7 83.8
59.2 63.0 60.7 63.6 76.0 76.1 71.9 74.1 63.9 64.1 65.0 67.5 71.8 70.9 69.4 73.0 74.2 74.9 74.4 76.8 78.1 77.1 77.8 76.1 78.0 77.9 78.3 77.3 77.8 78.5 78.2 77.4 79.9 80.2 78.6 81.7 81.2 82.5 84.1 83.5 83.9 85.1 88.6 89.3 83.2 88.7 86.4 86.9 87.8 88.1 88.4 87.2 88.7 86.6 86.8 84.3 85.3 84.3 85.8 84.8 88.2 88.4 86.0 86.5 87.6 88.3 86.7 90.8 88.7 86.3 88.4 86.8 85.3 87.6 83.3 95.7 79.5 86.0 84.2 85.6 85.1 83.7 82.9 83.9
63.1 65.9 65.8 67.7 76.4 76.2 73.6 74.0 61.7 66.6 65.6 69.3 72.3 73.9 74.7 73.1 76.1 75.7 76.2 76.6 78.6 79.6 77.6 75.4 80.5 79.3 78.7 75.5 78.6 79.4 78.0 81.3 79.7 80.9 78.2 82.0 81.7 83.6 82.5 84.4 85.5 86.1 87.2 86.8 88.5 89.3 90.1 88.0 90.8 88.2 88.8 86.6 86.3 85.9 85.6 83.7 84.8 84.5 84.1 84.1 85.9 87.3 85.1 85.9 86.1 89.7 87.8 89.6 88.1 87.5 87.5 87.4 87.3 86.7 85.5 85.3 80.6 82.5 83.2 85.7 83.4 83.0 82.7 83.2
65.2 68.8 69.1 68.0 79.0 76.0 72.8 72.8 65.4 68.6 69.9 71.9 70.3 73.8 74.3 75.4 75.7 76.5 75.1 76.2 78.4 78.4 76.5 76.7 81.3 79.7 77.5 76.3 78.5 79.9 79.2 80.9 78.1 83.0 80.8 80.2 86.3 83.0 84.6 84.3 85.4 85.2 86.7 91.2 89.2 89.6 89.1 89.3 89.2 88.7 89.2 88.8 84.0 85.7 85.9 85.0 85.4 81.8 84.6 83.8 84.2 86.6 84.3 86.5 87.9 89.3 86.1 90.7 81.7 88.7 85.9 85.8 87.9 87.6 86.6 85.9 85.2 84.9 83.4 82.1 83.9 82.7 83.5 83.7
68.9 70.4 70.4 69.6 76.4 75.4 70.6 69.1 67.3 69.6 70.9 73.0 73.5 73.8 75.6 74.4 76.2 75.2 76.4 77.2 78.4 78.9 73.5 78.4 75.5 80.3 78.6 76.5 78.2 78.4 78.2 79.9 79.6 79.2 81.2 79.9 80.1 84.3 84.5 83.6 84.1 86.9 83.4 92.8 87.6 88.8 91.0 87.9 90.8 83.7 90.5 90.3 87.0 86.1 86.7 85.9 83.2 84.9 84.8 83.7 82.5 86.2 85.0 85.8 87.2 90.7 88.7 90.2 91.1 88.3 87.2 87.9 89.5 89.4 87.9 85.7 86.3 82.8 82.6 83.1 82.8 83.6 85.4 83.5
67.5 69.7 71.7 72.5 76.9 76.8 69.0 72.6 71.7 71.0 70.0 74.2 73.7 76.0 75.9 73.1 77.3 76.9 76.8 76.6 76.4 79.5 69.3 78.3 75.8 78.4 75.3 76.5 80.0 78.6 75.8 79.3 78.5 79.8 80.3 81.1 81.4 82.9 80.7 82.7 86.7 86.9 86.2 88.4 91.2 89.8 89.7 88.7 88.5 90.1 89.7 90.1 84.5 86.4 87.2 87.0 82.4 83.9 88.3 84.2 82.1 84.2 85.8 83.2 87.9 88.5 85.0 88.6 88.8 89.9 87.4 88.5 89.1 89.2 89.0 87.7 85.1 84.1 84.2 82.2 82.3 84.4 85.0 83.4
69.9 72.2 73.7 76.9 76.0 76.8 75.0 75.1 73.5 72.6 72.5 74.6 76.1 78.5 77.6 75.9 78.2 76.0 76.8 76.6 77.2 79.1 73.1 75.9 77.6 78.5 75.8 77.0 78.4 78.5 69.6 79.5 77.7 79.8 79.2 81.1 80.0 81.5 82.0 82.5 85.1 85.5 87.7 88.3 89.5 91.0 89.2 89.2 90.6 89.9 88.3 86.9 88.5 86.4 85.5 85.1 84.7 83.8 84.7 83.6 83.7 83.2 85.6 88.1 88.5 86.9 89.3 91.4 90.0 89.1 88.2 88.2 88.7 89.1 87.2 86.5 84.8 84.9 83.6 83.4 82.3 84.7 85.7 85.6
71.2 74.7 78.6 78.0 77.2 77.2 78.5 79.1 74.7 75.9 77.1 78.5 74.0 75.9 79.2 77.0 77.9 77.4 77.0 75.3 77.8 77.0 77.0 74.6 77.6 78.0 77.9 77.3 77.9 79.0 76.9 79.7 76.9 80.2 77.5 80.1 80.9 82.0 81.5 82.9 86.2 88.2 84.5 88.7 89.8 93.4 88.7 90.6 90.7 90.1 88.5 87.9 89.7 85.7 86.3 85.6 87.7 85.0 87.0 83.0 84.9 83.9 85.6 87.8 86.4 87.8 86.9 92.6 91.3 88.5 90.1 92.1 88.6 89.2 90.2 86.6 84.6 83.8 82.6 84.6 86.0 85.0 86.0 86.8
74.6 80.4 80.6 76.6 78.1 79.4 76.6 81.0 79.2 78.9 77.9 79.0 80.8 76.7 75.7 74.2 74.9 76.2 75.7 74.4 76.0 74.5 74.3 72.2 74.7 77.8 79.7 79.5 77.7 79.4 77.0 79.3 80.8 79.4 78.4 81.4 80.4 80.4 79.5 84.5 86.1 86.4 86.6 88.7 90.9 89.9 88.7 90.7 90.3 90.6 88.5 88.5 88.9 86.9 86.7 85.5 87.0 86.2 84.4 82.7 84.7 83.7 87.5 86.9 85.4 86.0 86.4 90.6 90.7 85.5 88.5 89.9 89.6 90.7 87.9 86.9 89.3 84.8 81.4 83.2 83.7 84.4 86.1 85.5
83.9 83.6 79.6 80.3 76.2 81.6 78.5 81.3 80.1 80.7 77.7 76.3 78.4 76.4 76.5 73.9 74.1 75.2 74.9 73.3 73.3 75.0 75.2 73.9 71.8 74.9 74.6 78.4 75.0 77.8 79.9 79.8 74.6 78.8 80.4 81.4 82.0 84.1 84.2 85.4 84.5 89.7 86.0 90.3 88.8 90.7 89.7 91.2 89.3 90.1 88.8 88.8 87.1 86.7 87.4 85.4 86.3 86.5 85.0 84.9 83.0 84.1 85.7 86.7 86.0 87.1 86.8 90.8 86.5 87.8 85.2 90.8 84.0 89.6 87.2 87.1 87.6 84.7 82.7 83.2 82.7 83.6 86.8 84.1
86.6 83.9 82.1 77.8 77.4 81.8 82.0 82.6 80.8 80.6 79.8 76.3 73.0 74.8 74.9 73.1 75.8 74.0 73.3 72.9 72.0 75.0 73.4 73.0 73.7 74.1 72.8 75.8 76.0 77.1 78.8 78.6 78.3 78.8 80.7 80.9 79.7 82.4 84.2 84.7 87.9 85.6 84.5 88.6 90.9 89.5 92.3 90.6 91.0 88.4 90.8 88.8 91.8 86.7 89.5 86.5 85.0 85.5 84.9 85.9 87.5 83.1 85.8 86.4 87.2 86.0 85.5 89.7 87.3 88.5 92.8 90.2 89.1 88.9 88.1 87.8 86.6 84.4 81.8 88.1 82.5 85.3 84.9 83.9
89.2 82.8 83.8 79.7 76.1 83.2 85.2 81.6 81.9 80.5 79.9 76.2 71.1 71.4 67.2 73.1 73.9 72.4 71.7 72.8 74.7 73.9 74.1 74.1 72.5 73.7 77.3 73.2 74.1 77.0 78.0 80.9 76.4 79.4 80.4 80.3 82.5 82.2 84.9 85.0 87.5 85.7 86.3 87.8 91.2 89.7 89.3 90.4 90.2 87.6 90.7 89.9 89.3 87.7 85.6 86.3 86.0 86.1 85.2 88.1 85.9 86.1 84.7 89.4 85.3 86.7 89.8 88.4 90.7 90.6 86.4 88.7 89.1 89.7 90.1 84.4 85.7 85.4 85.0 85.9 84.2 85.8 85.5 86.0
88.6 83.8 82.4 79.6 79.0 84.5 85.2 85.5 82.3 81.8 77.2 73.8 70.7 70.2 69.5 73.4 73.9 72.4 71.8 68.8 71.4 73.5 71.6 73.6 72.7 73.5 77.3 76.2 76.6 79.9 76.5 79.6 76.5 78.4 79.4 80.5 78.5 82.4 83.4 84.4 85.4 85.3 88.8 87.9 90.0 89.2 90.0 88.8 89.3 90.1 90.1 89.4 88.1 88.3 89.2 88.1 87.1 88.0 86.7 87.0 86.8 87.8 85.7 88.1 87.2 88.9 87.9 88.4 91.0 88.8 88.9 91.0 89.2 89.5 89.9 88.9 86.6 86.0 88.9 85.0 86.9 86.0 85.3 86.3
95.7 83.9 85.6 77.2 83.7 86.2 86.8 84.5 82.0 79.9 74.4 73.7 71.2 68.7 72.9 70.5 71.5 71.5 71.2 70.2 69.1 73.6 73.7 73.9 74.0 72.9 74.6 75.8 77.5 78.2 77.2 79.0 77.0 78.8 78.9 80.4 82.4 82.2 83.6 83.9 86.4 86.4 86.7 88.8 89.2 89.9 92.9 89.4 90.9 91.1 86.2 89.2 88.7 89.5 87.2 86.3 89.3 90.3 87.0 86.5 88.9 87.2 89.9 87.4 88.8 88.6 88.7 89.0 89.9 87.6 90.5 91.3 91.0 91.5 88.4 88.8 86.8 86.0 88.6 85.1 85.2 84.8 85.0 87.7
89.1 84.4 84.1 77.4 85.1 86.9 88.0 82.3 79.9 78.8 76.1 74.2 73.3 70.9 68.6 70.6 70.7 70.5 71.9 71.4 71.8 72.4 73.1 76.1 75.8 75.6 73.7 75.1 74.3 76.7 77.3 80.0 77.8 78.9 81.0 78.4 81.4 82.2 78.9 84.1 84.3 84.9 89.3 88.6 88.2 90.2 89.8 87.3 91.2 90.3 88.7 87.2 91.6 87.3 89.8 86.8 88.2 91.4 87.2 88.0 87.7 85.0 89.0 88.9 87.4 87.4 89.2 88.1 87.3 88.5 89.9 90.3 90.3 89.8 90.1 89.4 86.2 83.8 84.9 85.7 85.1 85.9 86.5 86.7
