surveys/_q10_1/matrix_q10_1s4.txt
north:            -502.50
south:           -1197.50
east:             2697.00
west:              -93.00
rows:                 141
cols:                 279
null:              -999.0
[rows 0 to 37 of 141, columns 0 to 83 of 279]
-999.0 -999.0 -999.0 -999.0 -999.0 -999.0 -999.0 -999.0 -999.0 -999.0 -999.0 -999.0 -999.0 -999.0 -999.0 -999.0 -999.0 -999.0 -999.0 -999.0 -999.0 -999.0 -999.0 -999.0 -999.0 -999.0 -999.0 108.5 109.5 -999.0 -999.0 -999.0 -999.0 -999.0 -999.0 -999.0 111.2 108.9 109.0 -999.0 -999.0 -999.0 -999.0 -999.0 107.4 104.9 99.1 98.9 108.7 110.6 106.1 113.8 121.2 115.4 106.5 106.2 101.9 108.1 117.2 117.5 112.5 104.0 103.1 106.1 100.8 100.6 111.2 112.9 108.8 115.8 116.2 114.1 115.8 110.6 101.3 101.1 89.9 88.8 94.4 96.7 92.6 93.9 99.9 112.5
-999.0 -999.0 -999.0 -999.0 -999.0 -999.0 -999.0 -999.0 -999.0 -999.0 -999.0 -999.0 -999.0 -999.0 -999.0 -999.0 -999.0 -999.0 -999.0 -999.0 -999.0 -999.0 -999.0 -999.0 -999.0 -999.0 -999.0 108.5 109.5 -999.0 -999.0 -999.0 -999.0 -999.0 -999.0 -999.0 111.8 108.8 109.0 -999.0 -999.0 -999.0 -999.0 -999.0 107.0 104.9 99.0 99.4 111.7 110.4 105.7 114.0 121.3 115.3 106.8 106.1 101.5 108.0 116.7 117.3 111.5 103.9 102.2 106.2 103.4 100.2 110.0 113.0 108.6 115.8 115.4 114.0 116.2 110.6 107.1 101.4 90.0 88.6 94.2 96.6 92.6 93.9 96.8 112.5
-999.0 -999.0 -999.0 -999.0 -999.0 -999.0 -999.0 -999.0 -999.0 -999.0 -999.0 -999.0 -999.0 -999.0 -999.0 -999.0 -999.0 -999.0 -999.0 -999.0 -999.0 -999.0 -999.0 -999.0 -999.0 -999.0 -999.0 108.5 109.5 -999.0 -999.0 -999.0 -999.0 -999.0 -999.0 -999.0 111.4 110.2 109.4 -999.0 -999.0 -999.0 -999.0 -999.0 109.0 107.7 100.4 101.9 108.9 113.9 106.0 117.0 121.2 116.8 109.8 108.2 105.7 111.9 119.8 121.9 114.1 107.1 106.5 107.1 104.1 105.4 115.3 116.0 111.5 116.3 119.2 116.2 117.7 111.8 104.9 98.8 93.8 91.5 97.5 98.2 94.8 95.0 107.6 115.1
-999.0 -999.0 -999.0 -999.0 -999.0 -999.0 -999.0 -999.0 -999.0 -999.0 -999.0 -999.0 -999.0 -999.0 -999.0 -999.0 -999.0 -999.0 -999.0 -999.0 -999.0 -999.0 -999.0 -999.0 -999.0 -999.0 -999.0 -999.0 109.5 -999.0 -999.0 -999.0 -999.0 -999.0 -999.0 -999.0 111.3 111.9 113.4 -999.0 -999.0 -999.0 -999.0 -999.0 113.3 111.9 105.0 104.2 112.1 116.8 105.3 119.2 121.2 116.8 110.9 111.2 109.2 113.7 122.6 122.8 114.4 108.9 107.8 111.2 105.4 105.6 118.6 116.2 113.3 118.3 121.0 117.0 118.2 114.2 108.2 107.1 96.4 94.7 98.6 98.4 96.2 97.7 108.2 116.2
-999.0 -999.0 -999.0 -999.0 -999.0 -999.0 -999.0 -999.0 -999.0 -999.0 -999.0 -999.0 -999.0 -999.0 -999.0 -999.0 -999.0 -999.0 -999.0 -999.0 -999.0 -999.0 -999.0 -999.0 -999.0 -999.0 -999.0 -999.0 -999.0 -999.0 -999.0 -999.0 -999.0 -999.0 -999.0 -999.0 -999.0 112.5 114.3 -999.0 -999.0 -999.0 -999.0 -999.0 116.3 113.8 106.9 108.3 115.3 119.2 112.3 120.2 -999.0 -999.0 115.3 113.2 111.1 116.4 122.1 122.7 117.9 111.6 113.2 111.8 108.1 109.5 120.7 117.7 115.2 122.4 123.6 121.5 117.7 116.2 109.8 109.2 99.0 96.5 101.9 102.7 98.6 100.3 110.6 117.6
-999.0 -999.0 -999.0 -999.0 -999.0 -999.0 -999.0 -999.0 -999.0 -999.0 -999.0 -999.0 -999.0 -999.0 -999.0 -999.0 -999.0 -999.0 -999.0 -999.0 -999.0 -999.0 -999.0 -999.0 -999.0 -999.0 -999.0 -999.0 -999.0 -999.0 -999.0 -999.0 -999.0 -999.0 -999.0 -999.0 -999.0 112.5 114.1 -999.0 -999.0 -999.0 -999.0 -999.0 117.4 116.2 111.2 109.8 114.6 119.3 118.2 120.2 -999.0 -999.0 120.2 115.1 115.6 118.8 122.6 122.7 122.1 114.5 116.0 115.1 110.4 112.5 123.1 120.5 118.6 122.8 123.6 121.6 120.4 117.4 112.4 110.6 101.4 99.2 102.9 103.7 101.6 102.4 112.4 119.9
-999.0 -999.0 -999.0 -999.0 -999.0 -999.0 -999.0 -999.0 -999.0 -999.0 -999.0 -999.0 -999.0 -999.0 -999.0 -999.0 -999.0 -999.0 -999.0 -999.0 -999.0 -999.0 -999.0 -999.0 -999.0 -999.0 -999.0 -999.0 -999.0 -999.0 -999.0 -999.0 -999.0 -999.0 -999.0 -999.0 -999.0 -999.0 114.3 -999.0 -999.0 -999.0 -999.0 -999.0 117.2 117.6 115.5 112.9 115.3 -999.0 120.4 -999.0 -999.0 -999.0 121.5 119.0 116.1 120.3 -999.0 -999.0 121.2 117.9 118.7 118.5 111.7 114.8 125.4 124.4 121.1 125.8 123.8 122.1 122.3 118.3 115.8 114.7 103.4 101.0 107.2 103.6 104.0 106.2 113.5 119.1
-999.0 -999.0 -999.0 -999.0 -999.0 -999.0 -999.0 -999.0 -999.0 -999.0 -999.0 -999.0 -999.0 -999.0 -999.0 -999.0 -999.0 -999.0 -999.0 -999.0 -999.0 -999.0 -999.0 -999.0 -999.0 -999.0 -999.0 -999.0 -999.0 -999.0 -999.0 -999.0 -999.0 -999.0 -999.0 -999.0 -999.0 -999.0 -999.0 -999.0 -999.0 -999.0 -999.0 -999.0 117.4 117.8 114.4 115.9 -999.0 -999.0 120.0 -999.0 -999.0 -999.0 121.2 122.1 120.1 120.3 -999.0 -999.0 122.1 119.7 120.5 122.0 115.7 115.8 126.9 126.0 123.4 126.3 126.8 124.4 123.8 120.6 116.8 115.5 105.0 103.5 107.6 113.0 107.6 108.6 118.2 119.5
-999.0 -999.0 -999.0 -999.0 -999.0 -999.0 -999.0 -999.0 -999.0 -999.0 -999.0 -999.0 -999.0 -999.0 -999.0 -999.0 -999.0 -999.0 -999.0 -999.0 -999.0 -999.0 -999.0 -999.0 -999.0 -999.0 -999.0 -999.0 -999.0 -999.0 -999.0 -999.0 -999.0 -999.0 -999.0 -999.0 -999.0 -999.0 -999.0 -999.0 -999.0 -999.0 -999.0 -999.0 -999.0 -999.0 115.5 116.0 -999.0 -999.0 120.4 -999.0 -999.0 -999.0 121.5 122.2 119.4 -999.0 -999.0 -999.0 -999.0 121.9 122.7 124.5 117.6 122.1 126.6 126.2 129.1 127.9 126.8 125.4 126.5 122.2 118.1 116.3 108.6 108.4 111.2 112.4 110.2 111.9 119.3 121.1
-999.0 -999.0 -999.0 -999.0 -999.0 -999.0 -999.0 -999.0 -999.0 -999.0 -999.0 -999.0 -999.0 -999.0 -999.0 -999.0 -999.0 -999.0 -999.0 -999.0 -999.0 -999.0 -999.0 -999.0 -999.0 -999.0 -999.0 -999.0 -999.0 -999.0 -999.0 -999.0 -999.0 -999.0 -999.0 -999.0 -999.0 -999.0 -999.0 -999.0 -999.0 -999.0 -999.0 -999.0 -999.0 -999.0 -999.0 -999.0 -999.0 -999.0 -999.0 -999.0 -999.0 -999.0 -999.0 -999.0 120.1 -999.0 -999.0 -999.0 -999.0 125.5 124.9 125.9 120.9 122.4 126.9 126.2 127.8 128.1 127.3 126.0 130.7 121.6 120.1 116.3 113.1 111.2 111.9 114.2 112.6 112.8 118.7 120.5
-999.0 -999.0 -999.0 -999.0 -999.0 -999.0 -999.0 -999.0 -999.0 -999.0 -999.0 -999.0 -999.0 -999.0 -999.0 -999.0 -999.0 -999.0 -999.0 -999.0 -999.0 -999.0 -999.0 -999.0 -999.0 -999.0 -999.0 -999.0 -999.0 -999.0 -999.0 -999.0 -999.0 -999.0 -999.0 -999.0 -999.0 -999.0 -999.0 -999.0 -999.0 -999.0 -999.0 -999.0 -999.0 -999.0 -999.0 -999.0 -999.0 -999.0 -999.0 -999.0 -999.0 -999.0 -999.0 -999.0 -999.0 -999.0 -999.0 -999.0 -999.0 125.9 124.4 126.8 118.6 126.5 -999.0 -999.0 127.5 127.8 129.1 127.9 128.4 125.2 122.8 120.7 115.3 115.2 112.3 115.4 118.9 118.4 120.1 122.1
-999.0 -999.0 -999.0 -999.0 -999.0 -999.0 -999.0 -999.0 -999.0 -999.0 -999.0 -999.0 -999.0 -999.0 -999.0 -999.0 -999.0 -999.0 -999.0 -999.0 -999.0 -999.0 -999.0 -999.0 -999.0 -999.0 -999.0 -999.0 -999.0 -999.0 -999.0 -999.0 -999.0 -999.0 -999.0 -999.0 -999.0 -999.0 -999.0 -999.0 -999.0 -999.0 -999.0 -999.0 -999.0 -999.0 -999.0 -999.0 -999.0 -999.0 -999.0 -999.0 -999.0 -999.0 -999.0 -999.0 -999.0 -999.0 -999.0 -999.0 -999.0 125.9 124.9 126.8 125.2 125.6 -999.0 -999.0 129.2 124.4 129.7 128.9 127.9 126.6 120.3 123.1 112.0 115.4 115.7 115.8 117.5 117.9 120.3 130.5
-999.0 -999.0 -999.0 -999.0 -999.0 -999.0 -999.0 -999.0 -999.0 -999.0 -999.0 -999.0 -999.0 -999.0 -999.0 -999.0 -999.0 -999.0 -999.0 -999.0 -999.0 -999.0 -999.0 -999.0 -999.0 -999.0 -999.0 -999.0 -999.0 -999.0 -999.0 -999.0 -999.0 -999.0 -999.0 -999.0 -999.0 -999.0 -999.0 -999.0 -999.0 -999.0 -999.0 -999.0 -999.0 -999.0 -999.0 -999.0 -999.0 -999.0 -999.0 -999.0 -999.0 -999.0 -999.0 -999.0 -999.0 -999.0 -999.0 -999.0 -999.0 -999.0 -999.0 -999.0 123.9 125.5 -999.0 -999.0 128.9 124.2 129.7 130.3 129.5 127.7 125.4 119.4 125.5 114.1 122.0 115.8 119.5 120.0 115.9 131.0
90.3 87.6 89.0 91.1 91.8 -999.0 93.3 92.9 85.6 -999.0 95.3 -999.0 -999.0 -999.0 -999.0 -999.0 -999.0 -999.0 -999.0 -999.0 -999.0 -999.0 -999.0 -999.0 -999.0 -999.0 -999.0 -999.0 -999.0 -999.0 -999.0 -999.0 -999.0 -999.0 -999.0 -999.0 -999.0 -999.0 -999.0 -999.0 -999.0 -999.0 -999.0 -999.0 -999.0 -999.0 -999.0 -999.0 -999.0 -999.0 -999.0 -999.0 -999.0 -999.0 -999.0 -999.0 -999.0 -999.0 -999.0 -999.0 -999.0 -999.0 -999.0 -999.0 125.2 -999.0 -999.0 -999.0 129.2 -999.0 129.7 130.4 131.0 127.7 124.4 119.2 122.9 114.0 120.8 115.8 119.2 120.1 116.8 -999.0
89.9 88.0 88.5 90.8 91.1 89.8 92.1 91.9 84.6 80.0 91.6 79.4 78.5 76.7 70.3 70.0 69.0 68.5 63.5 65.5 70.1 70.7 64.7 81.3 82.5 -999.0 67.5 -999.0 70.5 106.5 94.6 -999.0 -999.0 -999.0 -999.0 -999.0 -999.0 -999.0 -999.0 -999.0 -999.0 -999.0 -999.0 -999.0 -999.0 -999.0 -999.0 -999.0 -999.0 -999.0 -999.0 -999.0 -999.0 -999.0 -999.0 -999.0 -999.0 -999.0 -999.0 -999.0 -999.0 -999.0 -999.0 -999.0 -999.0 -999.0 -999.0 -999.0 -999.0 -999.0 -999.0 -999.0 131.0 -999.0 125.4 -999.0 125.5 -999.0 122.0 -999.0 119.5 -999.0 115.9 -999.0
90.3 88.0 89.0 90.8 91.8 89.4 93.3 92.2 85.6 80.2 95.3 79.1 78.3 76.3 70.7 70.0 68.9 68.4 63.8 65.4 69.4 70.1 65.0 78.8 78.6 63.7 66.6 65.9 66.6 100.0 88.0 66.4 74.2 71.9 71.9 72.9 74.9 76.9 72.3 73.2 74.4 86.4 75.1 99.9 80.8 106.9 -999.0 -999.0 104.6 -999.0 114.6 -999.0 121.4 -999.0 -999.0 -999.0 -999.0 -999.0 -999.0 -999.0 -999.0 -999.0 -999.0 -999.0 -999.0 -999.0 -999.0 -999.0 -999.0 -999.0 -999.0 -999.0 131.0 -999.0 -999.0 -999.0 -999.0 -999.0 -999.0 -999.0 -999.0 -999.0 -999.0 -999.0
88.2 90.1 86.4 89.2 88.5 89.5 87.2 86.6 80.7 80.1 77.8 79.2 78.5 76.5 70.3 70.1 69.0 68.5 63.5 65.5 70.1 70.2 64.7 79.4 82.4 63.3 67.5 65.4 70.3 97.5 94.5 66.3 73.2 71.9 71.9 73.4 75.3 76.3 71.9 73.0 73.9 84.3 75.5 96.3 80.0 102.5 89.1 84.2 100.9 85.7 114.6 87.0 114.4 87.6 87.2 89.3 85.8 84.5 87.3 86.6 86.9 88.6 86.4 110.4 -999.0 117.5 100.0 121.5 112.8 123.0 115.2 -999.0 119.0 -999.0 130.5 -999.0 133.1 -999.0 -999.0 -999.0 134.7 -999.0 134.0 136.5
90.8 90.7 88.1 88.5 90.0 87.3 87.0 84.6 79.9 81.0 77.9 77.9 77.5 74.9 71.9 71.0 68.5 68.2 65.1 65.5 66.7 67.0 66.0 67.9 63.4 63.5 63.0 65.5 53.4 57.8 62.9 66.3 74.2 71.8 71.9 73.4 74.9 76.4 72.3 73.0 74.4 83.8 75.1 94.9 80.8 102.8 90.7 83.7 104.6 85.8 114.6 87.3 121.3 87.5 86.9 89.2 86.3 84.7 87.5 86.5 86.8 88.5 86.5 106.4 91.2 112.8 97.2 116.8 107.1 121.3 109.3 88.3 111.0 75.2 130.5 73.4 120.5 74.2 72.7 72.8 121.4 75.6 122.8 132.9
89.5 90.7 87.9 88.5 86.2 88.1 83.5 82.9 81.5 80.3 80.6 79.3 75.5 79.6 71.0 75.3 70.3 71.6 65.5 68.2 70.8 68.7 70.7 68.3 70.1 62.0 67.5 62.9 54.9 56.2 58.8 65.7 68.6 71.7 72.0 75.8 76.7 73.9 70.4 71.8 72.1 72.6 77.0 74.6 76.8 80.1 82.2 83.8 86.8 85.7 87.4 87.3 87.4 87.5 87.2 89.2 85.8 84.7 87.3 86.6 86.9 88.5 86.4 104.1 91.1 113.4 99.9 116.0 112.5 108.1 115.2 87.2 118.8 75.5 129.1 73.5 133.0 74.3 72.4 72.1 134.4 75.5 133.9 112.6
87.2 89.8 89.4 89.1 88.3 85.9 81.0 84.8 82.0 82.2 79.0 78.2 77.4 77.5 74.6 75.5 73.7 72.6 66.2 69.7 70.7 69.8 71.2 70.4 68.2 65.4 69.8 63.6 53.8 58.0 60.1 64.2 68.8 69.8 73.0 75.6 78.7 75.6 71.1 71.6 72.2 70.3 74.6 76.0 75.1 78.9 78.1 81.2 86.8 85.9 87.4 88.9 85.4 87.1 85.9 88.9 88.3 86.2 88.5 87.1 86.2 87.7 87.0 89.6 91.0 89.0 86.6 89.2 87.4 90.6 85.2 87.4 81.6 75.4 79.3 73.7 73.0 74.2 72.7 72.1 73.0 75.4 77.6 77.0
88.5 89.0 88.4 88.6 87.3 84.4 80.2 82.4 80.2 82.0 79.4 80.9 78.9 80.8 75.9 77.1 75.4 73.7 68.8 75.1 75.2 72.1 74.4 69.2 68.7 66.1 75.6 62.9 55.4 60.6 63.2 64.4 70.0 73.6 74.2 76.9 76.9 77.9 69.4 70.9 73.0 69.3 72.5 75.5 76.9 79.0 77.5 80.2 80.6 83.0 83.1 87.8 89.1 86.2 90.9 89.5 87.9 87.8 88.4 89.9 88.6 86.4 88.8 86.8 85.7 86.9 86.8 87.9 85.6 85.4 83.3 82.4 79.8 76.1 75.5 75.3 76.6 74.3 71.4 68.6 72.2 74.5 75.2 77.6
92.2 88.5 86.5 86.1 86.3 85.0 82.9 81.7 81.3 82.2 76.5 80.3 78.7 79.6 77.8 79.9 77.7 75.0 71.5 77.7 76.0 74.7 75.7 70.5 70.5 69.1 72.7 61.8 56.5 64.4 64.9 65.9 69.1 74.7 77.0 78.5 78.1 76.5 70.3 71.2 71.4 69.9 74.3 75.2 76.4 76.7 78.3 78.6 79.7 81.4 81.3 85.0 87.9 84.7 89.6 90.5 89.4 90.0 89.4 89.6 88.9 88.1 87.2 87.5 89.6 88.4 87.7 85.6 85.7 86.4 85.9 84.7 77.9 75.4 78.4 80.7 78.0 71.3 70.1 72.2 72.5 73.4 74.3 76.2
89.6 90.1 89.2 86.9 83.7 81.5 82.0 82.4 81.0 81.5 79.4 80.9 81.8 78.7 77.1 80.4 79.0 76.3 77.5 78.7 77.7 76.8 78.1 70.3 72.3 73.8 72.6 63.0 58.2 69.7 66.9 66.6 73.0 74.1 77.8 79.6 77.8 75.0 73.9 72.0 70.6 73.7 73.4 76.6 77.7 76.7 79.7 79.5 79.8 78.4 84.6 83.6 84.5 85.7 88.0 88.6 90.2 90.3 89.5 89.2 88.6 88.5 88.5 86.2 88.5 90.2 87.3 83.5 84.8 87.4 84.7 83.5 78.3 76.2 82.9 79.2 75.0 70.1 72.7 75.5 73.2 75.5 77.1 78.6
93.1 90.3 90.0 85.8 82.8 81.9 81.3 81.5 80.1 84.2 80.7 82.5 77.6 79.7 78.0 78.5 75.1 78.0 80.4 79.8 77.7 77.0 77.4 71.7 66.9 74.2 70.8 62.4 59.8 69.5 66.5 68.6 74.4 77.6 82.8 79.2 76.1 75.2 73.5 75.3 75.8 73.7 76.7 76.8 76.8 78.2 79.9 79.8 79.5 77.3 83.4 82.2 84.0 84.8 87.2 87.3 89.5 89.5 91.2 89.3 89.8 90.2 90.7 87.4 90.1 87.5 86.9 85.6 85.5 86.9 84.5 85.0 79.3 78.6 84.0 80.5 77.7 74.0 71.5 75.0 74.0 78.0 76.9 79.1
92.7 91.4 85.7 84.7 80.5 81.0 81.9 79.9 81.1 82.7 80.9 82.2 80.3 79.7 80.5 79.4 79.4 79.3 81.5 83.0 80.3 77.1 73.6 71.6 70.9 74.7 70.5 61.4 63.3 73.8 68.3 69.2 71.6 77.2 80.0 77.5 76.3 74.3 74.1 76.4 73.4 75.4 78.7 76.4 77.2 79.6 79.4 79.0 79.1 79.4 82.3 80.7 84.9 88.6 87.8 86.9 90.2 89.7 90.0 90.9 90.5 90.5 91.4 89.3 86.4 88.3 88.3 86.0 86.0 87.2 86.3 85.7 79.1 81.3 82.9 82.8 79.6 78.4 72.8 76.7 77.1 78.6 78.3 79.1
90.1 89.5 88.8 82.6 77.8 81.1 81.9 81.8 80.8 81.8 82.6 82.6 79.7 77.4 75.7 78.5 83.8 82.7 85.0 82.7 78.3 78.4 74.3 74.8 73.0 71.5 72.1 63.3 64.4 75.3 69.4 70.2 73.4 76.2 73.5 75.6 73.2 73.9 74.6 76.3 75.2 75.2 74.9 76.5 77.1 80.4 78.7 78.2 80.7 80.5 83.6 80.2 84.6 86.7 85.8 86.3 85.2 88.8 90.1 90.3 90.0 90.4 91.7 90.6 88.7 89.2 89.6 85.4 86.5 84.8 88.4 86.3 84.9 84.4 84.0 85.1 86.1 81.3 78.1 78.3 79.0 78.9 79.3 79.1
91.8 89.5 81.8 81.7 80.4 81.6 82.3 82.4 82.6 83.3 83.7 80.8 79.8 77.0 77.9 78.7 82.3 82.5 85.4 84.4 82.9 81.5 75.1 75.6 76.4 70.1 72.0 65.0 66.9 76.3 71.4 72.2 73.0 76.7 77.2 76.5 74.1 72.1 73.6 74.4 73.2 75.2 75.6 77.1 75.8 78.9 78.6 81.6 81.1 81.7 80.8 80.7 84.1 86.1 86.4 85.1 87.0 89.1 90.2 90.1 91.7 90.8 92.1 91.8 90.1 90.2 87.9 87.5 85.8 87.1 84.0 86.5 84.7 86.0 82.0 83.8 82.4 83.9 80.0 80.8 83.6 79.3 81.4 80.3
92.3 85.2 82.2 80.6 84.1 80.3 83.1 82.6 81.9 82.0 82.2 84.2 78.4 76.2 77.1 80.1 82.4 86.4 86.2 83.8 83.0 77.2 73.6 78.5 84.2 68.6 77.4 69.1 71.1 75.9 71.1 71.8 72.8 76.0 76.6 76.0 72.8 72.6 74.7 74.6 74.2 76.6 76.9 76.5 77.5 78.8 77.7 78.8 81.6 81.3 82.6 84.8 84.0 85.7 83.9 85.0 89.7 87.7 88.4 90.0 95.5 91.0 89.8 91.3 90.1 89.8 93.3 87.7 87.4 86.4 87.2 87.7 87.3 89.1 82.6 87.0 83.3 88.4 85.5 83.0 81.8 82.1 81.8 81.6
85.7 83.9 77.7 78.5 77.8 79.9 83.7 82.4 81.0 82.7 81.7 81.8 76.1 76.8 76.3 82.0 87.9 83.8 84.9 84.7 82.9 73.7 74.8 81.5 79.9 65.7 78.9 70.2 71.4 76.2 72.8 71.9 75.1 74.8 73.3 73.1 69.9 72.8 74.4 75.0 75.0 74.6 75.9 76.7 76.2 77.7 76.2 78.4 80.5 81.3 82.9 80.4 84.9 85.1 84.9 86.4 86.8 86.7 88.2 88.9 91.7 90.7 93.3 92.8 95.6 93.0 91.6 89.4 87.3 86.0 87.4 88.2 89.4 89.8 83.0 86.6 85.8 86.7 85.9 85.9 86.1 86.3 81.1 84.9
86.6 80.8 79.4 79.0 79.2 80.9 83.0 84.4 88.1 83.5 81.8 78.1 77.2 75.7 75.9 85.2 82.4 82.7 85.4 83.8 82.1 76.5 78.6 82.0 80.4 65.6 80.4 75.8 76.5 75.3 71.6 73.0 71.3 73.7 69.6 71.1 71.6 71.0 79.7 74.9 76.3 76.8 79.4 76.0 77.3 78.2 77.7 78.9 79.1 81.6 84.1 82.6 84.3 85.3 84.9 85.2 89.0 87.1 90.7 89.2 91.4 91.1 90.8 94.1 92.0 93.0 92.3 91.3 88.1 87.9 88.5 92.0 88.9 91.8 81.0 85.7 86.8 88.6 88.0 89.2 88.4 88.0 84.8 87.0
82.1 78.8 79.6 78.3 81.3 81.1 85.1 88.0 85.4 82.8 82.2 77.5 77.0 76.6 77.3 84.5 87.7 86.3 87.9 84.0 81.2 76.1 77.1 80.7 80.1 67.4 80.6 79.6 80.8 76.3 73.0 73.0 71.2 72.0 71.0 72.8 70.8 70.9 74.2 76.4 74.6 79.0 78.1 75.9 79.0 79.5 78.2 78.6 83.3 82.1 81.0 82.5 83.6 88.5 84.7 86.7 87.6 87.5 86.7 89.9 90.5 90.5 92.1 95.0 92.5 91.7 92.3 92.7 90.4 90.9 90.1 90.3 90.2 90.9 82.1 83.0 88.6 90.8 88.4 89.1 92.0 90.4 87.9 84.5
80.4 79.4 78.6 80.7 80.8 85.1 87.7 86.3 86.2 83.3 84.7 78.5 75.6 77.3 79.0 85.9 85.7 86.0 86.7 85.6 81.9 77.5 78.9 83.6 80.9 71.2 82.5 81.2 79.5 78.9 73.8 71.4 69.1 66.7 69.4 72.6 70.1 70.7 71.8 75.5 81.3 80.1 78.4 76.1 79.0 79.4 78.2 77.4 76.4 81.9 81.4 82.6 87.7 83.8 85.7 84.8 87.1 88.9 86.0 90.4 92.5 90.8 91.6 92.7 93.0 92.8 91.2 93.3 91.3 91.8 90.2 92.5 92.6 89.7 80.8 86.8 89.6 91.4 88.8 90.9 90.7 91.8 89.5 85.6
79.3 79.7 78.0 85.8 82.4 88.0 87.5 85.1 86.4 83.4 83.8 77.9 78.2 80.5 80.3 86.0 87.0 88.6 86.4 87.7 76.5 77.8 78.1 83.9 80.2 74.7 85.3 83.2 83.6 81.4 78.2 70.9 66.1 68.2 69.5 73.7 71.5 71.4 72.4 73.9 77.7 80.0 81.5 77.1 79.2 80.3 78.8 79.2 80.2 79.4 81.6 81.2 84.4 83.0 80.4 86.9 85.7 87.6 87.0 90.5 90.7 90.7 91.1 93.4 93.1 93.1 91.6 93.4 92.1 92.2 90.4 92.0 88.3 89.7 80.2 87.8 88.8 89.9 90.1 91.0 90.3 89.8 88.8 86.3
80.7 78.8 81.3 86.8 88.2 87.2 86.6 86.3 85.9 84.0 82.0 77.5 79.5 79.8 84.0 85.4 82.9 88.3 84.7 85.8 82.4 77.5 78.3 84.1 81.3 78.0 83.9 85.3 81.3 81.7 79.6 72.0 66.9 67.4 68.8 70.8 69.5 72.8 74.2 76.4 77.8 80.1 79.2 77.9 78.1 79.5 77.2 79.0 77.6 81.4 81.1 81.3 81.8 81.1 84.6 86.2 88.6 88.3 88.9 89.5 90.9 89.9 89.4 92.8 93.4 93.3 90.6 93.8 95.1 93.3 91.3 93.8 90.4 91.1 82.8 89.8 90.9 92.4 91.7 90.8 88.6 89.9 88.2 86.3
80.6 80.5 86.4 86.0 88.9 87.4 88.1 84.8 85.3 83.0 83.3 78.6 81.6 80.3 87.1 85.2 88.2 87.4 86.9 85.0 79.4 76.0 81.5 82.4 78.5 80.7 81.7 88.0 81.0 82.2 83.1 73.5 70.3 67.1 71.0 69.4 73.7 73.5 74.4 77.8 79.2 81.3 81.3 77.7 82.1 79.2 78.9 80.1 78.5 79.7 80.4 80.6 81.9 85.2 82.9 86.8 87.0 87.5 87.7 89.5 90.4 90.8 89.4 91.3 92.5 93.1 94.3 92.9 95.8 93.6 90.7 92.5 90.5 91.8 85.5 89.9 85.4 89.9 90.7 88.3 90.1 90.6 90.9 86.3
80.7 82.0 84.0 86.2 89.5 85.0 86.1 85.7 85.5 83.1 81.5 77.1 82.0 81.7 87.3 86.3 87.5 88.8 85.0 84.7 80.9 73.6 81.5 85.7 78.0 81.6 84.4 86.7 79.7 85.8 83.7 75.6 69.1 67.8 65.9 69.7 73.6 73.7 74.0 76.4 80.9 82.1 79.1 78.0 84.2 79.6 81.8 79.1 80.9 77.7 81.5 80.6 82.6 83.1 83.2 84.7 87.2 87.2 86.6 89.3 90.3 90.0 91.8 91.3 91.6 92.7 93.4 92.3 91.7 93.2 92.3 93.6 92.5 90.9 87.1 89.8 88.6 88.2 89.5 90.7 89.5 87.1 88.3 86.4
86.2 84.6 87.2 88.7 87.7 87.1 91.9 84.8 84.3 82.3 82.0 80.3 82.3 85.5 87.9 87.9 88.2 89.5 86.6 84.8 80.5 74.1 82.5 82.4 79.8 82.3 85.0 88.6 71.2 85.0 84.4 76.5 72.5 67.9 66.4 68.6 72.4 77.3 76.3 77.9 80.0 80.4 79.7 79.3 78.0 79.3 78.2 79.2 80.3 79.9 83.2 80.5 82.0 81.3 83.7 83.6 85.1 87.2 86.3 88.9 88.8 90.8 90.4 92.0 89.5 93.4 95.0 91.2 95.5 94.1 89.0 93.4 89.8 90.2 90.5 89.5 89.1 90.3 89.1 91.1 86.7 88.8 89.9 87.5
90.4 87.3 89.7 87.7 86.4 87.1 86.7 84.9 83.3 80.4 81.6 81.0 84.1 88.6 89.0 86.8 89.4 89.2 86.2 85.2 81.8 75.5 82.3 83.4 77.0 83.8 86.2 89.9 77.1 84.0 85.6 76.8 73.0 70.5 67.2 69.6 74.3 74.8 75.4 78.1 79.4 80.7 78.7 80.2 79.3 78.8 80.7 78.6 79.0 79.5 79.5 80.5 82.4 81.1 82.7 85.8 86.7 87.5 87.5 87.8 90.5 90.1 88.9 90.9 88.4 92.2 92.7 92.4 94.0 96.3 91.0 93.1 88.7 88.5 90.4 88.4 89.6 90.0 89.3 89.6 88.4 88.5 95.2 86.3
