surveys/_q20_1/matrix_q20_1s0.txt
north:            -537.50
south:           -1247.50
east:             2697.00
west:              -93.00
rows:                 144
cols:                 279
null:              -999.0
[rows 0 to 37 of 144, columns 168 to 251 of 279]
119.9 120.5 121.7 119.9 115.6 114.8 114.6 109.4 108.6 110.2 104.9 103.6 100.6 99.0 102.9 98.6 107.0 99.4 101.2 100.0 102.7 99.5 90.7 95.0 106.2 108.0 99.1 98.3 103.3 105.8 108.2 109.8 106.2 103.7 104.5 110.1 107.9 113.1 113.9 114.8 108.4 108.2 100.3 102.3 106.6 107.0 108.9 107.8 111.4 108.5 106.7 111.7 108.6 109.5 102.1 98.4 106.4 108.0 112.8 118.7 113.1 116.5 109.9 106.9 91.4 93.1 97.2 100.5 105.7 108.8 98.5 99.5 101.8 100.2 94.9 88.4 88.2 97.7 99.2 96.3 92.5 90.2 82.0 78.8
120.1 120.5 121.1 119.9 114.9 114.8 116.2 109.3 108.6 110.2 107.7 105.7 100.6 99.4 102.4 98.6 105.6 100.1 101.5 100.0 102.2 99.7 91.8 95.0 106.2 107.8 99.4 99.0 104.8 106.2 109.3 109.6 105.3 105.8 105.0 111.8 107.6 113.3 115.7 115.3 107.1 108.7 99.9 102.8 106.8 107.2 108.9 108.0 110.4 108.3 106.6 112.8 108.4 109.3 102.6 99.1 106.2 108.2 112.6 118.5 114.9 116.8 110.1 106.7 89.6 95.0 97.3 100.3 106.2 109.8 98.0 99.4 101.0 99.9 94.9 88.6 87.9 97.8 99.7 96.2 91.7 90.4 82.8 78.9
122.0 121.3 121.7 121.1 118.0 117.8 116.1 113.2 111.6 110.1 108.4 109.3 104.6 104.0 105.2 109.6 120.5 111.6 99.1 99.9 104.9 102.0 92.8 99.1 107.2 109.6 100.6 102.9 106.2 107.5 108.7 112.9 109.8 108.3 108.4 114.4 111.5 112.7 117.7 117.3 113.1 110.3 104.0 103.7 103.9 109.1 112.4 114.6 114.5 112.9 107.0 114.1 109.5 112.9 106.3 100.9 103.8 112.0 115.8 118.6 114.1 118.1 107.5 110.0 96.8 97.3 101.7 104.1 110.2 111.1 101.8 102.2 100.9 103.1 95.3 91.7 91.5 99.8 101.3 99.7 96.9 91.6 85.2 79.9
123.1 121.8 121.5 121.8 119.7 119.2 121.5 114.7 114.1 109.3 110.2 111.7 108.3 106.9 105.2 122.0 126.1 127.3 116.5 100.4 107.9 107.1 99.3 102.7 110.6 114.4 102.8 106.6 110.0 110.0 112.8 114.2 115.5 110.6 110.8 116.9 115.9 118.2 121.8 118.5 116.1 112.5 106.8 104.6 106.4 113.7 113.7 116.5 116.5 113.7 112.2 113.5 111.5 112.9 107.7 102.6 104.0 113.9 117.2 118.4 116.0 119.0 107.0 109.9 93.8 99.2 98.7 106.3 111.4 113.0 106.1 104.1 103.2 103.8 97.8 94.1 94.5 102.9 104.4 103.4 99.2 93.8 86.1 84.4
123.6 123.4 122.4 121.3 123.3 121.6 121.4 118.1 115.2 110.9 111.1 113.5 112.2 106.3 111.8 125.4 127.0 127.6 126.5 103.0 109.2 106.1 100.8 104.7 111.1 116.0 104.8 110.1 112.7 112.0 114.5 117.2 117.4 112.2 111.2 117.9 118.7 121.4 122.6 119.4 118.8 111.6 111.8 107.7 109.6 116.3 117.0 119.7 118.3 114.7 115.2 115.6 115.3 114.4 109.4 106.9 109.8 114.5 120.4 121.4 117.9 123.1 106.1 109.6 117.9 104.0 100.7 111.1 112.3 114.3 105.9 105.1 109.4 104.6 101.1 96.3 96.0 108.1 109.0 104.9 102.9 96.7 89.3 88.7
122.9 124.1 121.2 123.7 124.9 125.2 125.2 120.5 116.6 113.6 115.8 116.0 110.3 111.2 124.3 125.5 127.4 128.8 130.8 118.1 110.3 104.4 102.8 105.9 111.2 117.5 113.1 113.5 115.7 111.7 116.2 118.5 118.5 118.2 116.2 118.4 120.9 123.1 124.3 120.0 121.8 118.5 112.8 110.0 113.4 119.2 119.0 120.2 120.5 116.4 116.1 118.0 116.9 117.6 111.0 109.8 109.2 117.7 125.1 124.6 117.7 119.3 103.5 109.1 132.6 130.9 118.7 118.2 114.5 115.3 106.4 109.2 109.1 108.5 104.4 99.9 100.4 108.7 114.3 108.8 105.2 99.8 91.0 89.5
124.0 125.1 123.5 126.0 124.6 125.2 125.8 123.7 120.2 117.5 118.8 119.2 115.2 122.2 131.7 127.2 127.4 128.4 128.1 125.9 113.5 104.5 106.6 108.5 116.1 119.1 114.1 115.0 118.3 114.6 119.9 119.1 121.2 119.5 119.4 119.5 124.0 124.2 126.9 121.0 123.0 121.2 114.9 114.0 115.3 121.7 120.7 121.7 120.0 118.6 119.9 119.1 117.5 118.9 117.2 108.9 110.8 121.6 127.2 121.0 121.2 120.1 103.0 111.4 135.4 136.8 135.7 125.6 115.1 116.1 113.9 111.2 112.3 110.1 106.5 100.3 100.3 113.3 114.9 113.7 110.2 102.7 95.0 90.7
125.0 129.5 126.4 128.8 126.1 125.2 126.3 124.9 123.2 123.6 123.8 124.3 120.8 129.5 132.8 127.5 128.3 128.0 129.7 129.2 122.3 106.3 105.6 111.4 115.8 120.7 117.2 116.1 122.4 116.5 122.4 121.6 122.0 122.0 122.1 122.0 123.4 126.0 125.2 122.0 122.6 121.8 118.7 117.0 116.4 123.3 123.4 122.8 123.5 120.3 122.2 120.7 122.5 120.7 118.9 112.0 113.1 124.5 129.2 121.2 124.7 118.4 99.9 134.1 133.5 139.1 139.1 135.4 115.2 117.7 116.2 115.0 114.9 114.9 107.7 103.6 104.8 112.8 117.6 116.3 113.4 105.1 96.6 94.1
134.8 132.4 131.9 130.2 131.7 128.2 131.7 130.0 131.4 129.5 128.6 130.7 130.5 132.1 132.1 127.5 125.1 126.9 129.1 131.6 130.3 125.6 122.8 125.4 126.5 123.5 124.7 122.7 123.8 120.5 124.5 123.5 123.5 122.2 124.6 122.9 123.4 127.7 125.2 127.6 122.5 123.7 120.8 123.9 121.2 126.0 124.4 125.3 122.6 121.8 124.4 123.0 122.9 120.6 118.9 113.8 114.9 122.8 128.4 126.5 127.7 117.3 102.5 135.9 135.5 139.2 138.4 138.8 123.5 124.4 118.2 114.0 117.2 114.5 111.0 105.0 107.1 112.0 120.7 118.9 113.3 106.5 99.4 95.7
132.7 132.3 130.7 130.9 132.1 130.2 132.0 131.2 131.1 130.4 130.1 132.1 134.0 133.6 133.9 127.7 128.1 126.9 127.5 133.8 132.0 132.1 128.4 129.5 128.3 128.1 126.0 128.2 129.8 129.9 129.1 129.7 127.8 130.3 132.0 133.2 130.4 130.3 130.7 130.4 127.7 132.2 124.5 130.4 131.5 129.6 130.2 127.7 127.1 123.6 126.7 126.1 122.4 125.0 121.5 119.3 117.7 127.3 129.9 127.6 125.4 121.1 101.1 142.1 137.5 139.8 139.5 139.1 131.5 131.6 117.7 116.4 118.2 118.1 111.8 106.2 108.5 118.8 124.2 122.8 115.1 109.7 100.1 99.0
133.8 132.6 132.5 131.5 130.2 132.4 131.3 129.9 131.5 130.7 130.0 132.0 133.0 135.3 133.3 129.1 128.3 126.9 127.0 132.5 130.3 131.8 130.1 130.9 127.8 128.7 128.3 129.2 130.3 130.3 130.6 130.3 129.0 129.4 131.2 130.9 131.5 132.4 130.8 132.4 132.5 133.4 132.7 133.1 131.9 132.7 131.4 131.6 132.1 131.4 133.4 132.8 133.4 131.8 130.9 132.2 118.4 132.4 133.0 134.8 126.3 133.4 141.5 145.2 138.8 139.6 137.9 140.0 140.3 140.1 129.2 120.8 123.4 125.5 123.5 109.1 107.5 120.9 123.7 123.9 118.9 111.4 97.4 104.5
132.5 132.0 132.8 131.0 131.8 128.3 130.4 131.6 131.9 128.6 130.9 131.5 132.8 133.6 130.6 130.0 127.2 126.1 126.2 130.9 133.7 133.3 130.4 130.4 129.1 124.6 127.9 128.8 129.7 130.4 131.1 129.8 130.1 129.2 132.0 130.3 131.2 132.6 131.9 131.3 133.6 132.8 133.8 133.3 132.1 132.7 132.1 131.6 128.5 131.3 132.3 134.9 133.7 132.3 133.5 136.2 132.3 134.2 133.0 135.6 138.5 140.0 145.4 142.5 139.4 138.5 138.4 141.0 142.4 140.2 137.1 133.6 135.6 133.6 137.2 135.0 136.0 133.6 134.8 134.1 130.1 131.2 133.8 128.9
134.5 119.6 132.2 117.8 132.1 128.2 133.3 117.2 132.2 128.4 131.9 128.5 132.1 128.6 131.9 112.9 127.3 121.4 125.5 128.1 130.2 125.8 129.6 128.2 129.6 123.3 127.8 127.3 128.0 129.8 130.1 128.8 129.8 128.7 130.2 131.4 131.2 131.2 131.6 131.3 132.5 132.9 134.6 134.1 133.1 132.8 132.4 131.9 132.3 131.4 132.9 135.6 133.5 132.8 132.1 132.6 132.8 132.7 133.9 135.6 136.9 140.5 142.7 140.9 139.2 139.2 138.5 141.1 145.0 142.6 138.0 137.6 136.5 137.9 138.7 139.3 141.2 138.4 141.4 138.9 139.4 140.2 140.9 138.8
86.1 102.2 96.6 95.5 87.8 104.3 90.2 98.1 102.1 118.2 124.1 121.7 124.9 123.0 123.4 96.0 112.9 104.2 125.8 119.5 128.2 104.9 128.3 122.7 130.1 121.5 125.3 123.9 126.3 127.2 126.8 125.8 130.0 126.6 127.3 129.7 130.9 107.6 129.5 130.2 132.2 131.5 130.1 133.0 132.7 133.2 131.6 127.9 129.8 131.2 131.8 133.2 133.9 133.1 131.4 133.1 134.8 133.6 134.4 136.6 138.3 139.7 142.0 139.9 139.2 140.8 137.9 139.8 144.1 142.0 140.1 137.1 139.0 138.6 139.3 139.7 139.1 138.5 140.3 141.3 141.8 140.0 140.6 142.8
86.4 84.7 84.2 83.4 84.8 85.4 85.8 86.9 88.2 88.0 86.9 87.0 90.2 90.4 89.4 90.6 87.8 93.6 88.8 91.9 90.0 98.9 91.7 96.6 89.2 92.4 91.9 94.6 95.8 99.6 95.6 100.8 94.0 106.1 99.7 122.8 109.0 100.6 119.8 124.3 130.4 121.6 130.1 125.6 129.7 118.0 130.5 123.7 130.0 124.5 127.7 128.2 134.6 131.7 133.8 130.4 132.4 131.3 133.3 134.9 134.2 139.7 139.5 138.4 139.0 139.1 138.8 139.6 142.3 141.8 139.3 138.6 137.9 138.4 140.0 142.0 141.7 139.1 140.8 141.8 141.6 143.2 141.2 140.4
82.7 80.9 83.7 83.3 84.2 83.7 85.0 85.7 84.2 86.2 87.5 83.8 85.3 88.4 89.7 89.4 90.4 91.7 89.6 90.7 89.6 91.1 88.6 91.3 91.8 87.8 91.2 89.8 93.2 94.4 93.7 94.1 93.7 97.6 94.9 93.6 94.9 92.4 95.7 95.3 94.5 105.5 93.8 95.6 99.4 94.7 89.8 93.4 89.4 91.1 92.9 111.3 115.2 116.9 102.9 120.3 132.1 126.0 131.8 129.5 130.7 136.0 137.0 135.3 137.4 134.2 136.9 137.4 134.3 141.0 138.7 138.0 137.7 138.0 140.9 139.9 137.8 135.5 140.4 141.5 142.8 140.4 139.8 140.9
81.7 80.2 83.4 83.2 84.4 82.6 83.5 85.4 84.3 86.8 85.0 84.3 84.7 88.5 86.8 88.7 88.6 92.0 92.4 90.0 90.7 93.5 90.8 89.9 88.5 89.0 86.3 89.1 90.9 91.8 91.6 94.1 93.9 96.0 94.9 93.5 93.5 92.3 90.0 94.9 95.1 94.2 94.8 94.5 94.0 92.6 92.8 92.7 91.8 89.8 86.9 86.9 82.4 86.0 85.7 91.6 90.9 93.3 91.1 94.0 126.1 119.0 112.9 125.8 132.4 124.8 134.3 133.7 134.0 124.9 137.7 130.3 126.5 119.0 138.7 132.1 138.5 129.1 139.5 139.1 135.7 138.7 141.8 139.3
84.4 81.0 82.3 83.5 83.8 84.9 85.2 84.2 85.0 84.7 85.3 85.3 87.4 87.8 88.3 89.2 94.6 92.4 91.1 93.9 91.1 92.6 90.7 88.9 91.0 89.9 90.1 88.4 88.9 91.2 91.6 93.8 94.3 94.2 94.7 93.6 97.2 93.6 95.9 93.3 98.3 94.3 93.6 95.5 95.1 93.1 94.8 93.6 93.1 90.7 88.4 85.1 83.2 84.2 85.8 86.7 89.8 93.0 92.6 92.9 93.0 92.2 90.3 93.2 91.7 93.6 87.8 119.8 99.9 94.7 85.0 88.7 86.4 86.0 80.6 93.9 80.9 74.0 82.3 126.9 124.6 90.4 137.1 98.2
81.8 81.2 81.1 81.9 83.0 84.4 85.0 83.8 85.7 85.1 88.2 85.8 86.5 87.4 89.1 89.5 91.3 91.6 90.9 88.8 91.0 92.7 88.9 90.2 88.9 90.3 90.9 87.0 89.2 90.9 92.2 94.8 93.0 94.3 96.9 95.3 96.1 95.7 97.3 94.0 94.4 94.8 95.7 93.8 93.3 94.2 94.5 94.1 93.8 89.9 87.2 84.2 83.7 85.0 87.1 88.9 87.8 91.6 89.4 93.1 94.8 94.0 86.0 90.2 91.8 88.2 88.9 88.8 87.8 86.2 88.8 85.4 84.8 82.1 81.0 71.4 69.4 71.0 66.7 76.9 75.4 80.2 72.1 72.0
83.4 81.6 84.5 81.9 82.7 84.3 84.6 83.2 84.0 85.4 85.1 87.6 85.3 86.7 89.3 89.3 90.2 90.6 94.3 89.0 90.9 90.2 90.8 91.4 92.5 89.9 91.7 88.9 89.0 91.1 94.2 92.5 93.1 95.1 95.1 95.7 96.8 95.1 97.1 96.5 95.7 94.1 94.8 93.8 94.7 92.4 93.6 93.9 95.5 91.9 90.1 87.8 84.4 88.9 86.6 89.3 91.0 89.7 90.5 93.1 95.2 92.4 91.7 91.7 89.4 88.5 87.8 85.6 83.1 87.0 83.8 85.3 84.0 80.5 77.9 73.5 69.3 71.8 73.5 76.4 75.5 73.7 73.2 72.0
81.3 81.4 77.9 81.6 82.6 82.5 84.1 82.1 84.8 85.1 85.7 88.1 88.4 87.7 90.0 88.6 89.3 90.9 89.6 90.6 90.8 90.0 90.2 91.1 90.6 90.9 88.6 89.7 90.7 93.6 93.8 90.5 94.2 96.1 95.7 95.7 96.2 96.0 96.3 98.5 94.9 93.4 92.3 94.4 94.2 92.5 93.8 94.4 94.1 93.0 92.2 87.7 88.7 91.3 88.5 89.9 91.4 91.6 91.6 93.4 92.9 91.2 93.3 92.5 88.3 90.4 87.8 86.3 86.2 86.4 82.8 85.7 82.7 79.9 76.7 75.8 73.4 75.9 70.3 76.8 77.0 74.9 72.1 72.9
82.5 81.7 81.8 80.4 82.3 82.0 84.3 82.2 82.1 84.1 85.3 86.8 85.7 87.6 89.1 87.9 90.4 90.8 92.5 91.0 90.7 88.1 91.0 91.7 89.0 91.4 95.1 89.9 88.6 88.7 91.5 92.8 91.3 95.3 96.0 95.3 97.2 94.7 96.7 96.5 93.5 92.9 95.5 92.3 94.0 94.0 94.8 92.9 95.8 93.6 90.2 91.9 90.5 91.2 90.0 90.4 90.4 92.4 91.4 93.6 99.1 93.4 92.8 91.8 91.0 91.5 88.2 87.3 88.7 85.5 84.1 83.1 82.0 79.6 79.7 78.3 78.0 79.9 76.1 77.5 79.1 74.8 72.7 72.9
81.7 80.8 80.8 79.9 83.9 81.6 83.1 82.6 82.6 86.0 85.6 85.8 85.5 87.4 88.2 89.3 90.4 93.2 88.7 94.1 91.7 91.0 92.0 91.6 91.0 92.3 90.8 88.8 89.6 91.6 90.9 93.2 92.7 95.9 94.9 95.3 95.6 95.8 96.4 95.7 97.6 92.8 95.8 92.3 94.1 92.6 95.4 94.7 95.4 93.7 93.0 93.2 92.0 91.2 92.7 91.9 90.4 92.1 90.9 93.8 93.4 94.0 93.9 90.9 89.2 88.7 86.7 85.9 85.5 85.4 83.2 83.9 80.0 78.3 81.6 81.4 83.7 84.2 82.6 83.0 77.1 80.2 75.0 73.3
80.9 81.4 82.7 80.1 83.7 82.5 83.4 83.2 83.0 87.0 84.5 86.3 86.4 87.0 90.1 86.6 88.1 91.1 89.4 89.3 90.7 91.5 89.9 92.0 97.9 91.6 94.0 88.2 92.7 91.4 91.0 92.8 92.9 96.3 94.6 96.4 94.6 96.3 93.7 96.3 95.1 91.4 92.5 92.7 92.5 94.5 94.8 91.1 93.0 93.4 96.4 93.3 93.0 95.1 90.5 94.3 89.8 91.7 91.8 93.6 95.9 94.4 94.8 91.3 86.6 85.2 85.5 85.1 86.8 86.9 83.5 81.3 79.9 80.4 85.2 85.3 88.4 85.4 84.4 84.5 81.0 77.5 74.7 76.3
86.1 81.3 80.1 80.2 83.9 81.3 82.7 82.2 84.0 87.3 82.5 86.8 87.0 87.2 89.8 87.5 88.5 90.5 89.7 89.8 90.6 93.0 90.2 91.1 91.6 91.4 90.7 89.5 90.6 89.8 91.5 93.2 94.1 95.6 95.2 95.7 95.4 96.1 93.9 94.8 94.6 94.4 94.4 92.1 94.2 94.3 95.1 95.1 92.0 93.7 92.9 95.2 95.2 92.6 92.1 93.0 92.9 92.7 94.6 96.4 94.1 93.8 95.6 91.6 86.9 85.1 84.3 85.7 84.9 86.2 84.2 83.1 82.2 86.7 86.3 91.3 87.3 84.2 87.7 79.9 80.8 77.8 74.0 75.1
82.0 80.8 83.1 78.6 83.0 81.6 82.3 83.9 84.6 84.6 83.5 86.9 90.2 87.6 89.8 89.1 88.3 88.9 90.3 89.2 90.4 91.8 91.1 90.3 91.6 92.3 94.3 92.9 93.9 89.6 91.5 93.5 95.3 93.5 94.7 95.0 95.5 95.2 94.9 95.0 94.9 95.6 95.3 92.8 93.7 94.4 95.4 94.9 93.0 94.0 94.9 95.3 94.7 93.8 94.1 93.3 92.4 93.6 92.6 96.1 94.3 96.5 94.8 93.0 85.6 85.2 85.7 85.8 90.1 83.3 84.9 86.2 87.7 92.1 91.4 92.4 87.1 84.5 85.5 80.8 79.7 77.8 77.0 74.8
83.9 80.5 82.7 79.7 83.2 81.5 81.8 82.9 84.9 84.6 85.5 84.9 86.8 86.1 89.3 89.0 87.5 89.0 89.4 90.0 90.0 91.4 92.7 91.9 91.0 91.0 93.2 91.3 93.0 90.0 92.6 93.1 93.2 94.8 96.7 95.6 96.3 94.2 95.2 93.8 95.2 95.0 93.4 93.6 95.1 96.0 97.4 95.1 94.8 95.5 95.2 94.0 95.6 93.3 94.4 95.1 93.2 94.5 93.4 95.4 94.5 94.8 94.9 90.8 88.1 86.3 85.6 86.9 86.6 88.3 83.5 87.8 88.4 92.6 95.5 92.3 89.1 83.7 85.6 82.3 78.1 78.3 77.7 75.7
82.9 80.6 82.5 81.4 81.9 81.7 82.3 83.2 84.2 85.1 81.6 84.4 85.6 87.7 88.7 88.8 86.5 89.3 89.1 92.0 91.0 91.2 91.4 93.4 89.7 91.4 91.9 93.0 91.5 92.2 92.2 91.9 93.5 93.4 99.1 94.1 96.6 96.3 93.6 93.8 94.2 92.1 93.4 92.1 93.9 95.6 94.9 94.9 95.3 97.2 95.2 94.9 95.5 93.5 95.3 94.6 94.7 96.5 94.3 94.6 95.1 94.1 93.3 89.7 89.4 86.5 89.4 87.8 86.6 86.3 84.9 89.4 91.9 93.4 94.3 91.6 89.0 82.1 85.0 82.4 80.0 78.8 77.0 74.8
83.7 83.4 82.5 81.8 86.8 80.4 82.1 83.1 84.8 89.1 85.9 85.9 85.6 88.1 89.4 88.6 89.7 90.5 89.0 92.6 90.2 93.8 90.5 91.2 90.8 89.8 91.9 94.1 92.7 92.7 93.1 92.4 93.8 93.1 96.3 96.0 95.6 93.4 94.7 93.2 95.1 89.3 91.4 91.2 93.8 92.6 93.8 96.4 98.0 96.1 99.2 95.7 94.3 94.5 96.0 95.0 94.0 93.3 90.5 94.0 93.1 95.6 93.4 89.7 89.3 88.1 88.2 88.2 86.2 85.7 86.6 90.9 92.6 94.3 91.6 90.0 90.3 80.9 85.5 82.4 83.0 78.3 75.5 72.6
85.8 83.2 83.8 83.1 85.8 84.0 85.1 82.8 87.1 89.6 87.3 85.6 85.4 87.5 90.8 87.7 87.1 90.7 89.6 92.5 91.5 91.9 90.5 92.0 90.1 92.0 91.6 93.7 94.0 93.0 93.1 93.4 94.9 93.9 94.4 95.2 96.2 91.9 95.3 91.2 91.8 91.5 91.8 90.5 96.4 94.6 93.0 97.4 96.6 96.1 99.9 94.8 92.5 93.9 94.7 95.6 91.8 90.9 96.7 95.3 95.1 92.8 92.0 88.5 89.1 87.6 88.6 88.0 85.8 88.0 87.5 93.2 91.9 94.2 93.4 88.3 87.3 82.6 82.7 81.3 80.9 76.5 76.6 75.3
85.3 82.0 85.5 83.4 82.7 83.5 83.4 82.6 84.5 85.9 85.3 84.9 85.3 86.8 89.0 87.8 90.0 90.4 88.1 93.3 90.9 92.2 92.4 92.1 92.5 92.6 92.0 93.5 92.4 93.0 98.7 92.7 92.9 95.4 95.6 95.7 97.2 92.0 92.9 91.1 92.6 92.1 91.7 93.2 96.1 95.2 94.8 95.5 96.9 93.7 97.6 95.5 99.3 92.6 96.3 94.9 92.8 93.8 93.9 95.2 90.7 93.7 92.0 88.3 88.2 88.1 89.0 86.3 87.8 88.5 90.6 93.7 93.9 93.2 91.6 87.8 86.9 80.6 82.0 80.6 82.5 76.3 75.8 76.6
83.6 83.7 82.8 83.1 85.3 83.8 82.1 84.0 82.3 83.3 85.3 85.7 86.0 88.8 90.4 88.5 87.4 90.4 87.6 92.0 91.8 91.5 93.5 91.8 90.6 92.7 91.1 93.0 91.8 94.0 94.1 92.7 91.1 96.0 94.5 95.0 95.0 94.2 91.9 90.4 88.3 90.8 89.1 92.5 102.0 95.4 94.9 96.4 95.3 94.1 93.1 96.0 92.4 93.4 92.3 94.3 92.5 89.8 93.1 93.2 94.0 95.1 90.7 88.2 87.0 88.3 88.9 88.1 87.3 88.5 92.9 94.4 98.1 90.7 89.6 87.1 85.4 81.2 84.0 82.9 81.8 80.0 77.8 76.9
85.0 86.7 86.9 83.4 80.7 84.3 84.3 85.3 86.4 84.9 86.8 86.2 86.2 88.1 88.3 88.3 87.7 89.5 90.8 90.2 93.7 91.2 92.7 91.3 87.8 92.4 92.6 93.0 92.2 94.6 93.4 92.9 93.8 96.7 92.8 94.7 96.2 94.2 94.1 89.8 89.0 89.8 90.5 94.0 94.1 94.7 95.2 96.3 96.0 93.9 95.3 95.2 95.4 93.8 95.3 93.6 88.7 88.4 92.6 91.8 89.8 91.4 86.6 86.2 89.1 88.8 88.7 88.6 88.0 89.4 91.8 94.9 93.9 89.4 87.3 88.1 85.3 81.1 82.0 86.5 82.3 81.5 74.8 78.3
86.1 84.7 86.8 83.9 84.2 84.4 83.7 83.8 87.0 86.5 86.7 86.0 79.2 87.0 86.2 88.6 90.0 89.2 89.6 91.3 91.8 92.5 94.3 91.7 91.7 92.5 93.0 93.0 93.6 94.3 93.8 92.9 90.6 94.7 96.8 94.6 96.6 93.3 92.1 91.1 86.4 90.0 91.7 94.0 92.8 94.5 97.0 96.8 96.7 94.4 93.1 94.1 91.1 92.5 92.4 92.4 86.5 87.9 85.4 87.6 84.9 87.4 86.4 88.8 87.2 89.8 90.4 90.0 91.1 90.9 91.6 92.9 92.4 90.7 88.2 85.9 85.6 81.4 81.1 84.9 82.5 81.2 80.3 83.6
87.0 84.9 83.4 84.4 86.6 84.2 85.8 84.6 84.9 86.7 87.7 86.8 86.4 89.4 87.7 88.8 87.5 89.2 90.7 95.1 92.9 93.6 93.4 92.9 93.2 92.7 89.0 91.9 90.3 92.6 93.7 92.0 91.4 93.3 94.6 95.4 97.1 93.4 93.0 93.5 91.3 90.5 89.4 95.2 92.8 93.9 95.2 96.5 96.7 94.5 93.2 95.2 92.8 88.9 95.6 89.3 89.5 88.8 87.4 86.7 86.7 87.8 86.4 89.8 89.0 90.0 92.1 90.5 88.9 90.5 90.4 91.4 91.7 88.9 88.9 85.1 87.3 83.8 83.4 82.8 82.5 81.6 80.6 85.9
84.1 82.8 84.7 86.7 87.9 87.7 83.3 85.0 85.2 86.7 85.4 87.6 86.6 90.0 89.4 90.1 88.8 90.6 89.6 94.7 91.8 92.0 91.6 91.1 91.3 94.1 92.9 95.4 93.7 93.1 94.5 91.8 90.9 93.4 94.6 94.0 96.3 94.2 94.6 90.5 90.7 90.6 93.5 94.1 95.0 94.3 94.4 98.6 97.8 97.1 95.2 94.1 90.1 89.0 90.6 89.6 90.5 88.6 86.4 87.9 86.0 91.1 88.3 89.8 91.3 91.4 90.1 93.0 87.4 90.0 92.8 91.9 89.0 87.0 86.6 84.4 85.2 84.3 82.4 84.8 83.6 82.1 78.1 86.7
85.3 82.5 88.1 85.9 88.1 89.0 86.2 83.8 85.9 85.6 85.8 87.6 87.3 87.4 90.4 90.3 89.9 89.2 90.9 93.7 92.4 91.7 92.7 90.5 94.2 95.1 93.4 93.7 91.9 94.3 95.0 93.6 91.8 94.3 92.4 93.9 94.1 93.7 91.9 89.0 90.8 91.6 91.6 92.4 91.4 92.3 97.4 97.2 96.7 97.4 93.7 92.3 90.6 90.1 87.0 89.3 90.1 89.9 88.5 89.7 89.6 91.2 89.3 91.0 91.0 93.0 95.9 92.9 90.6 92.5 94.3 92.4 88.7 87.2 85.3 83.0 84.4 85.2 84.7 85.2 82.9 81.6 85.2 87.7
85.1 85.4 88.6 84.6 88.4 88.6 85.2 82.9 86.4 83.6 87.3 86.8 88.8 86.8 88.4 88.2 90.5 89.6 92.3 91.5 91.6 92.3 93.1 92.1 94.7 95.4 94.0 93.5 93.2 94.2 94.8 94.3 90.9 95.3 90.3 93.6 97.4 93.1 93.2 89.5 92.4 92.4 92.6 92.5 92.9 95.3 95.7 96.0 96.9 95.1 90.5 93.3 92.3 90.0 88.4 89.4 88.7 92.4 88.9 92.1 92.2 92.4 88.9 91.7 92.1 90.5 94.4 92.9 88.6 92.7 93.5 91.6 90.6 87.3 87.7 83.9 84.8 85.0 86.1 85.2 83.0 79.9 85.0 88.9
