surveys/_q20_1/matrix_q20_1s0.txt
north:            -537.50
south:           -1247.50
east:             2697.00
west:              -93.00
rows:                 144
cols:                 279
null:              -999.0
[rows 76 to 113 of 144, columns 0 to 83 of 279]
91.8 95.8 96.5 93.6 97.3 97.9 94.9 95.4 97.5 93.4 94.7 93.4 92.1 93.2 93.9 93.5 91.7 88.9 86.7 87.8 88.0 89.9 90.0 90.9 90.8 89.7 90.0 91.1 92.9 94.2 94.7 93.7 92.3 93.0 91.8 94.3 93.3 93.9 93.7 98.2 93.5 96.7 96.4 98.6 97.5 97.9 99.0 97.8 96.5 96.3 96.8 95.7 95.4 95.7 95.7 94.8 94.8 94.9 93.9 92.5 91.0 92.1 90.5 91.0 92.3 91.0 88.8 88.9 89.6 87.8 92.9 93.7 92.8 90.9 95.0 93.3 91.8 93.4 95.0 94.9 90.6 83.8 86.1 84.9
94.3 95.9 96.5 93.4 97.2 97.9 97.8 96.2 94.6 93.2 94.9 95.0 93.6 92.9 92.5 93.2 93.4 90.3 89.1 87.6 88.3 90.5 89.7 91.1 85.4 88.6 91.0 90.7 93.0 93.9 95.0 92.9 90.9 91.5 93.0 94.5 93.2 94.7 97.8 96.5 95.2 96.1 96.5 98.5 98.1 97.8 97.3 98.2 98.2 96.7 93.9 94.5 94.4 95.4 93.4 94.8 96.1 94.7 93.9 92.6 89.8 92.0 93.1 92.0 91.1 91.3 87.5 88.4 89.1 88.1 92.4 93.0 93.4 90.7 92.6 92.4 93.1 93.2 94.6 92.6 87.5 82.3 85.7 86.0
94.4 -999.0 96.5 93.5 97.1 97.8 96.3 97.6 93.5 92.5 93.9 95.3 92.8 93.8 93.2 93.6 92.6 91.8 89.5 88.1 86.3 88.3 89.9 91.1 88.0 87.2 88.2 91.1 90.0 93.6 95.7 94.0 91.9 91.8 93.4 93.7 95.1 94.6 92.4 94.3 95.9 95.8 97.9 98.5 96.7 97.6 97.1 97.9 97.3 94.8 97.0 94.1 94.4 95.5 95.0 94.2 95.3 94.9 93.8 92.3 86.9 91.3 91.0 91.1 89.1 88.1 87.5 86.8 87.5 89.9 89.7 94.1 92.5 91.8 92.5 91.7 95.3 93.3 92.4 87.9 83.0 83.2 84.4 83.5
94.8 -999.0 95.2 93.9 96.9 97.3 96.7 97.6 97.3 92.3 95.6 96.3 92.4 93.5 95.3 94.4 97.7 93.6 90.9 89.2 88.4 89.0 88.6 89.5 91.8 88.8 88.7 90.2 92.2 92.2 95.9 94.5 92.0 92.9 94.3 93.8 93.0 94.8 94.9 95.3 94.8 96.5 96.4 97.5 97.9 97.4 99.7 97.1 98.7 93.1 95.8 96.0 95.8 95.1 96.2 93.6 93.6 94.8 94.0 91.8 87.9 92.1 90.7 90.2 90.2 88.8 83.7 86.1 87.2 89.8 90.3 93.0 93.4 92.1 92.2 92.8 92.1 92.1 88.1 84.6 80.8 82.3 84.0 84.1
94.4 95.7 93.5 94.7 96.6 96.9 96.6 96.8 93.3 96.3 95.8 96.3 93.8 93.6 91.8 94.0 93.8 93.6 92.8 89.9 88.6 88.5 86.4 88.7 89.9 89.7 88.9 89.3 91.7 92.0 94.7 93.6 92.1 93.0 92.3 93.2 93.2 95.0 93.4 95.1 95.2 96.6 97.3 96.3 99.4 98.2 97.3 97.3 98.5 95.6 95.9 94.5 95.3 94.1 96.0 95.7 95.5 94.5 92.4 92.1 92.8 91.9 90.4 89.0 89.9 91.0 86.2 86.4 85.4 88.4 90.1 92.1 92.4 90.6 90.2 88.6 89.4 88.8 85.6 82.2 77.0 82.8 83.2 82.5
94.2 95.7 93.7 96.2 97.1 96.7 97.4 96.7 96.6 95.7 96.2 96.6 95.5 94.1 94.4 93.2 92.9 93.1 94.0 91.0 87.9 88.0 85.1 88.9 89.7 90.3 87.4 88.4 91.2 91.7 94.2 93.2 93.7 93.4 92.7 92.3 93.3 96.2 95.2 95.9 94.5 95.9 93.8 95.4 96.1 97.0 98.1 97.4 97.8 95.8 93.0 95.4 94.9 94.3 96.5 95.2 96.8 94.2 91.5 92.6 92.3 92.1 89.8 89.2 90.6 89.8 88.3 86.7 83.9 87.3 88.3 92.0 91.5 89.5 88.5 84.5 88.4 85.9 83.6 79.7 77.1 83.8 81.8 83.0
92.5 95.7 92.9 96.5 97.0 96.7 98.0 96.6 95.0 94.8 95.7 96.3 94.6 94.8 95.2 91.5 92.6 92.4 92.4 92.3 87.9 88.1 86.7 89.1 89.1 90.2 92.7 89.6 91.3 91.7 94.6 94.2 90.4 92.8 94.1 92.6 94.1 94.8 94.1 96.4 92.5 96.1 97.4 95.8 95.8 96.1 97.8 98.9 97.4 96.8 94.4 95.0 98.1 95.0 96.2 93.2 93.3 95.4 94.0 92.9 92.0 92.8 89.7 89.0 90.8 88.4 89.3 87.0 85.4 86.9 91.6 93.3 87.4 88.1 84.7 85.0 86.6 84.8 77.6 80.0 79.4 85.7 83.9 85.5
94.2 95.0 94.2 95.8 97.2 -999.0 97.4 96.4 93.7 94.9 95.9 95.6 97.2 95.1 97.3 90.1 95.2 92.0 94.6 92.1 92.2 90.4 86.1 88.1 89.2 91.0 89.7 89.6 89.7 92.4 94.4 94.8 91.3 92.2 92.7 94.9 93.4 94.1 94.0 94.8 94.1 97.2 97.8 95.1 96.4 95.7 97.1 98.4 97.4 97.3 95.5 95.2 96.1 93.9 96.6 96.1 94.6 95.7 94.6 93.8 91.6 91.9 89.3 89.0 90.7 87.7 88.2 86.8 86.2 86.7 87.8 92.6 87.5 87.7 84.2 85.5 86.1 83.3 81.4 81.2 82.1 86.5 84.6 86.2
95.2 94.5 93.1 96.0 97.4 -999.0 96.5 96.5 96.8 94.9 94.9 95.7 96.9 95.8 96.2 94.0 94.8 91.5 94.6 93.3 90.9 90.6 88.7 86.2 88.0 90.8 90.3 89.4 90.7 90.8 91.0 94.3 92.2 94.2 91.3 93.0 94.3 94.2 94.5 96.7 94.9 97.3 97.7 95.1 97.5 96.6 98.8 98.3 96.8 96.9 95.7 94.6 95.0 93.7 96.3 95.2 94.9 93.4 91.5 93.7 91.0 91.2 89.0 88.8 89.6 88.1 87.9 86.9 89.6 84.8 88.6 91.5 89.5 86.9 86.2 85.5 86.6 82.8 81.7 84.0 83.7 87.5 85.4 87.7
95.1 94.5 93.1 96.4 97.4 -999.0 98.4 98.0 95.6 94.9 100.3 96.1 95.7 96.3 96.9 95.3 96.7 94.2 91.2 93.0 94.2 91.7 89.4 86.7 88.6 90.0 91.5 89.5 90.0 90.7 90.1 94.0 93.3 94.2 93.7 92.5 93.6 94.5 93.1 95.2 91.2 97.7 94.6 95.6 98.3 97.3 98.4 98.3 97.5 96.6 95.0 94.1 94.7 93.6 95.7 95.5 92.6 93.4 94.1 94.0 91.9 91.3 89.2 88.9 90.7 87.6 87.3 86.4 86.4 84.7 89.2 92.0 92.5 86.1 93.8 86.4 85.6 84.2 79.7 85.7 84.1 84.0 83.5 88.3
95.1 95.5 96.1 96.5 97.2 95.7 96.9 98.0 95.4 93.8 97.1 97.0 96.9 96.8 98.4 95.7 95.8 94.3 93.6 93.6 93.1 92.7 87.4 88.3 87.9 89.4 90.8 90.3 89.6 90.0 92.1 93.2 88.2 94.4 94.0 93.9 93.4 94.0 95.1 94.9 92.6 98.0 94.8 95.3 97.5 96.1 98.8 97.9 97.0 95.6 88.5 95.4 93.4 93.4 93.3 94.4 94.0 93.3 94.2 93.7 91.5 90.8 89.7 89.1 87.2 88.0 88.3 85.1 85.8 85.8 86.0 91.3 90.3 84.9 83.0 86.5 87.0 84.3 83.5 86.8 85.5 84.7 84.6 87.6
95.1 95.7 95.7 -999.0 97.2 96.0 97.5 97.0 95.8 93.9 97.2 97.4 95.8 96.3 97.5 96.1 96.9 94.3 94.6 93.1 94.0 92.3 89.6 88.6 84.8 88.5 91.9 90.3 94.6 90.3 89.1 92.6 94.7 93.8 92.2 93.3 95.7 94.4 94.5 95.3 94.9 95.9 94.4 95.0 99.5 95.7 97.6 97.5 96.7 95.9 94.3 96.1 94.7 93.1 95.9 93.0 96.2 93.5 92.2 94.4 90.6 91.1 87.5 88.9 88.0 88.6 86.2 84.1 84.2 85.1 87.8 90.1 91.9 84.1 84.4 85.0 85.9 84.9 85.2 85.8 85.5 87.1 85.0 85.0
95.0 -999.0 95.6 -999.0 97.2 96.5 97.8 97.0 97.0 93.2 95.6 97.3 93.6 96.3 96.6 96.3 95.0 94.9 93.9 93.2 94.3 92.5 93.0 88.4 87.3 88.3 91.2 90.8 91.4 91.3 92.7 92.0 92.7 93.4 92.9 93.1 94.7 94.0 92.6 95.6 94.4 95.8 94.9 94.8 96.8 96.6 96.1 95.3 97.8 97.6 94.3 95.9 96.7 93.7 94.3 95.7 92.2 94.9 93.4 94.9 90.8 92.4 91.3 89.4 88.8 87.8 86.1 83.8 84.5 84.7 89.0 88.6 90.4 87.7 84.0 82.8 88.7 85.9 84.3 85.8 83.5 83.6 82.7 84.2
95.0 -999.0 93.8 -999.0 -999.0 97.8 97.7 97.1 99.1 94.1 94.8 97.0 96.5 97.1 96.9 96.2 99.3 96.1 95.3 93.0 92.9 91.8 88.9 89.6 86.6 87.0 88.5 91.6 89.8 90.4 92.1 91.0 92.1 94.0 92.1 93.0 94.1 93.4 92.3 95.0 93.0 95.8 95.4 95.8 96.5 96.1 97.3 93.5 97.1 98.3 94.7 94.2 93.9 93.3 95.6 95.7 95.6 96.6 91.6 96.8 93.1 91.0 86.2 88.3 87.2 86.6 84.5 82.1 84.4 84.1 87.3 89.7 92.3 87.8 84.3 83.9 85.7 85.4 85.1 86.1 83.7 84.4 84.6 85.2
95.0 -999.0 94.1 -999.0 -999.0 97.6 97.5 96.0 95.9 96.2 93.1 96.5 95.7 96.2 97.3 96.4 96.2 97.3 97.9 94.0 93.0 93.5 95.3 90.8 89.3 86.4 89.8 90.8 93.0 90.3 91.6 90.8 92.8 93.3 94.1 93.3 92.6 93.7 94.4 94.8 94.3 96.3 96.3 96.6 96.7 94.7 97.9 96.4 99.5 97.3 95.5 94.2 95.2 93.5 95.5 93.7 95.8 96.5 93.3 94.4 89.6 90.2 85.4 87.5 86.6 85.3 84.8 82.2 83.9 82.9 89.5 89.8 91.0 88.9 84.1 84.9 84.5 83.9 84.5 86.2 84.2 84.7 84.2 84.6
95.0 -999.0 93.8 -999.0 -999.0 97.1 97.4 97.2 94.4 94.8 94.4 97.4 95.9 95.5 96.2 97.2 96.0 95.8 97.0 93.7 94.7 94.1 90.5 91.0 88.9 86.7 87.7 90.7 90.6 90.5 90.1 90.0 91.6 93.1 92.3 92.4 93.4 93.9 86.9 95.2 94.7 96.1 94.3 95.7 96.2 93.2 94.7 96.9 96.6 96.7 96.7 96.0 97.2 94.1 93.5 92.5 94.1 94.6 92.9 93.9 91.7 91.9 88.4 87.6 86.1 85.0 85.3 82.1 84.3 83.1 84.2 92.6 91.8 89.2 85.8 86.8 83.6 83.8 84.4 85.5 83.3 84.1 81.8 83.7
95.0 -999.0 -999.0 -999.0 -999.0 97.3 97.7 97.6 94.7 93.5 96.5 97.2 95.5 96.0 97.7 98.1 96.0 98.0 96.4 94.0 94.7 94.5 93.4 90.6 91.2 86.5 89.7 91.7 90.6 90.8 90.6 90.7 92.6 92.6 93.5 91.8 93.1 93.4 92.7 95.9 95.4 96.3 93.0 94.4 93.8 94.4 95.2 96.9 96.6 94.9 96.6 95.6 95.8 94.0 95.1 92.8 95.0 94.9 92.4 93.4 91.7 89.7 85.8 87.6 84.6 84.9 83.9 82.1 81.8 83.2 89.5 92.1 93.2 90.6 86.5 88.9 84.1 84.1 84.4 84.2 83.9 83.1 83.8 84.1
-999.0 -999.0 -999.0 -999.0 -999.0 97.0 96.5 96.4 93.5 92.1 96.3 98.3 94.8 95.7 98.6 97.4 95.2 98.2 97.0 96.0 94.6 95.0 93.9 90.4 91.6 86.8 87.6 90.9 92.2 90.5 92.9 92.1 91.8 93.7 94.8 92.7 91.9 92.9 93.6 95.0 95.4 96.7 94.4 95.0 94.1 93.6 97.7 96.2 97.5 94.0 94.1 93.6 95.5 93.2 94.6 93.5 94.0 95.3 93.5 93.8 90.5 88.4 86.7 86.8 83.9 85.6 82.9 83.7 81.4 82.7 85.5 90.2 91.6 90.9 89.1 87.8 80.6 83.1 82.9 83.6 82.0 82.6 81.0 83.8
-999.0 -999.0 -999.0 -999.0 -999.0 96.6 96.8 94.0 94.2 92.8 91.7 99.2 94.6 96.8 96.9 98.1 97.5 96.8 96.8 97.1 91.3 95.6 92.3 91.9 92.4 87.9 87.8 89.7 91.3 90.7 92.5 90.6 87.7 93.1 94.5 92.6 92.2 93.5 93.7 95.4 94.0 99.0 95.5 95.0 93.5 92.1 92.8 95.7 97.2 96.2 95.2 94.4 95.0 93.6 93.3 93.6 94.1 90.5 93.5 94.5 91.3 88.0 86.4 87.3 84.3 84.5 85.7 83.6 79.3 82.0 84.9 89.9 88.6 90.3 92.7 83.5 81.3 83.6 82.5 82.6 80.1 81.6 80.8 84.0
-999.0 -999.0 -999.0 -999.0 -999.0 96.5 95.0 95.1 94.9 91.8 88.7 98.3 95.1 97.3 96.4 97.7 97.3 96.8 96.6 96.5 96.1 96.0 93.8 91.7 93.2 88.9 84.7 86.6 90.4 91.2 91.5 90.4 92.8 91.1 95.2 93.0 92.2 93.4 93.9 95.6 91.7 98.0 95.9 94.0 93.5 93.6 95.2 95.8 96.4 96.1 92.1 93.4 94.1 92.9 94.0 93.4 98.0 88.7 94.3 94.5 90.4 89.4 86.9 88.3 82.8 82.8 80.9 82.8 78.8 81.4 84.1 89.6 90.7 88.6 85.9 81.7 81.1 83.5 82.5 82.5 80.6 81.8 82.3 83.2
-999.0 -999.0 -999.0 -999.0 -999.0 -999.0 97.8 94.9 92.4 90.3 87.6 96.3 91.0 97.7 97.5 96.7 95.3 96.6 99.3 96.8 96.6 95.9 94.7 93.3 94.6 90.3 85.8 86.6 93.7 91.5 91.8 90.2 89.5 89.4 93.5 94.2 91.4 93.0 92.3 95.4 91.7 97.2 95.3 93.4 93.3 95.1 95.0 95.1 96.5 95.6 93.8 93.9 92.1 93.1 93.2 92.1 93.9 93.5 94.3 94.0 88.4 89.6 89.8 86.0 83.8 83.5 84.3 80.9 79.1 80.1 82.7 88.5 91.7 89.0 83.4 80.8 83.3 83.3 82.9 82.9 80.6 82.6 83.9 82.4
-999.0 -999.0 -999.0 -999.0 -999.0 -999.0 97.5 94.9 94.1 89.7 89.2 96.1 97.1 96.7 97.0 97.3 96.6 96.9 99.0 96.5 94.6 95.9 96.2 94.1 93.3 92.7 86.7 85.2 89.1 92.4 92.5 90.5 89.8 90.0 92.1 94.5 93.0 92.6 91.9 94.8 90.4 95.0 93.7 93.3 92.4 94.5 95.2 93.8 97.2 95.9 95.6 94.0 89.1 92.1 91.1 89.6 94.3 91.8 91.6 93.0 87.9 88.4 88.4 86.0 84.9 84.1 81.4 80.2 79.9 77.5 80.4 88.2 88.8 88.6 83.2 79.7 83.8 81.7 82.9 81.8 80.8 81.9 83.2 82.1
-999.0 -999.0 -999.0 -999.0 -999.0 97.6 96.9 95.5 94.7 90.0 90.4 96.3 96.3 95.9 100.4 96.9 94.5 97.0 99.5 97.0 96.5 96.4 96.0 95.2 93.4 92.7 88.2 84.9 91.4 92.5 90.8 90.5 93.0 91.5 90.9 93.9 92.7 94.1 90.4 93.9 90.3 92.9 95.5 90.5 90.4 93.9 95.4 92.2 96.5 95.8 97.1 93.2 90.1 90.5 89.5 88.1 90.9 89.2 88.8 91.0 89.3 89.3 89.6 86.4 83.8 83.3 85.8 79.7 78.6 75.5 84.8 85.7 90.3 85.8 82.7 81.8 85.1 80.6 79.3 79.2 82.4 83.2 83.0 82.4
-999.0 -999.0 -999.0 -999.0 -999.0 97.6 96.7 95.2 95.8 91.4 91.6 95.7 95.0 95.3 96.7 96.6 96.1 96.3 99.1 96.7 96.4 97.0 93.6 97.0 91.0 93.1 89.9 84.0 89.5 91.6 92.2 91.3 91.1 90.8 90.8 93.2 95.9 93.7 88.5 92.5 83.9 91.5 94.9 92.0 88.4 93.5 94.5 92.6 91.8 95.7 91.3 91.7 88.3 89.3 85.3 86.6 89.7 89.1 87.8 87.5 87.5 89.4 87.3 85.6 82.1 82.7 80.5 78.2 79.2 76.1 83.9 82.4 86.1 82.9 79.9 82.9 85.8 80.8 81.9 80.5 80.3 83.1 81.9 81.2
-999.0 -999.0 -999.0 -999.0 -999.0 97.6 95.7 94.7 94.0 93.2 87.9 95.1 95.9 95.5 97.6 95.9 96.5 95.6 99.5 96.6 95.9 98.4 95.7 95.9 92.2 91.9 90.8 84.8 86.8 90.7 94.1 90.9 91.0 90.6 83.4 93.4 93.3 93.9 90.2 92.8 84.5 90.2 90.9 88.7 88.3 92.2 92.1 93.3 96.4 95.1 93.7 90.8 87.6 87.9 85.3 85.4 85.4 86.4 83.2 84.4 89.8 88.6 84.9 83.9 80.8 82.1 85.1 78.5 81.3 75.8 81.7 75.3 82.8 82.9 81.1 82.6 79.7 80.3 80.3 81.2 80.9 81.7 84.4 80.1
-999.0 -999.0 -999.0 -999.0 -999.0 97.6 98.2 94.8 94.2 93.6 86.4 94.8 95.0 95.2 97.1 96.6 96.7 95.4 97.7 95.1 97.1 97.5 98.5 94.6 92.8 90.5 94.6 86.3 88.1 90.1 92.9 91.0 88.6 90.0 89.2 92.5 92.1 94.6 88.3 89.4 83.0 90.0 93.2 86.8 86.7 91.7 92.9 93.1 96.4 93.4 90.0 87.7 87.2 85.6 85.3 82.4 81.8 81.6 80.6 83.8 84.6 86.1 86.3 83.4 81.3 78.7 82.4 77.9 79.0 74.6 84.4 74.8 79.6 83.4 81.6 80.3 81.1 81.2 79.6 81.2 81.2 82.5 81.3 79.6
-999.0 -999.0 -999.0 -999.0 -999.0 -999.0 97.9 95.1 93.9 94.3 86.5 93.1 95.4 95.5 96.2 96.2 97.2 96.1 96.7 94.5 96.7 97.0 96.2 95.1 95.3 93.6 91.7 88.4 85.6 88.8 92.3 91.7 89.4 89.5 91.4 91.3 94.8 93.3 86.7 88.4 80.0 89.5 90.2 85.0 89.2 91.6 92.0 92.8 93.8 89.7 89.5 83.9 86.6 82.6 84.8 78.9 78.5 78.8 77.7 81.4 79.5 84.7 83.9 83.0 79.8 79.2 83.7 76.3 79.5 72.1 74.8 70.0 77.4 82.4 81.1 79.7 81.7 81.4 78.9 80.4 80.2 82.2 80.6 81.2
-999.0 -999.0 -999.0 95.8 -999.0 -999.0 96.4 95.4 94.9 95.5 91.0 89.8 94.7 95.0 95.6 96.2 97.7 96.8 95.7 95.5 100.4 97.4 97.9 96.4 97.2 95.5 90.4 90.6 85.9 87.0 91.2 92.7 88.0 90.2 90.9 91.2 94.9 91.0 86.8 87.7 84.0 87.9 86.2 84.1 86.5 91.1 90.6 92.3 91.8 87.5 86.6 81.3 83.5 78.0 81.0 76.6 79.2 78.0 80.5 79.1 81.8 83.7 83.7 80.3 84.2 80.2 81.0 75.6 79.5 74.4 72.9 66.6 71.8 81.0 76.1 79.5 82.4 79.4 80.3 80.1 82.7 81.7 81.4 82.2
-999.0 -999.0 -999.0 95.8 -999.0 -999.0 96.5 95.5 95.3 96.6 98.7 87.7 94.4 95.3 100.2 96.7 97.4 96.8 95.4 96.4 96.7 97.4 98.1 97.9 95.6 94.5 93.8 91.8 84.7 85.6 92.3 93.1 90.7 91.7 91.3 90.7 93.9 89.7 87.4 86.6 82.4 86.5 88.3 83.9 90.3 88.7 89.5 91.0 90.7 86.7 83.0 80.4 81.3 75.4 75.7 74.9 75.8 76.3 77.4 78.3 81.3 82.6 80.2 79.1 81.5 79.4 80.0 78.9 79.8 75.0 70.1 64.4 71.1 78.3 78.6 79.0 80.3 79.4 78.5 76.4 81.1 81.8 78.5 81.7
-999.0 95.3 -999.0 95.7 -999.0 94.9 96.3 95.8 95.5 97.0 94.8 87.6 93.7 94.3 95.2 96.2 96.6 96.3 95.2 95.8 93.0 95.8 98.7 99.5 95.0 93.9 92.3 92.4 88.9 84.4 92.7 92.1 91.0 90.5 91.5 90.3 92.7 89.9 87.5 85.0 83.9 86.2 87.0 83.6 85.3 86.6 90.7 89.5 88.3 86.9 82.9 81.4 78.2 73.9 74.7 74.2 72.6 75.1 76.8 77.4 74.9 80.3 77.4 79.4 78.2 79.0 77.4 77.7 80.3 75.4 66.6 60.9 68.1 74.6 78.6 77.7 82.3 79.9 78.5 79.3 77.9 81.3 80.0 80.4
-999.0 95.3 -999.0 95.3 -999.0 94.9 96.4 95.7 96.8 95.0 95.1 86.7 94.4 93.8 95.4 96.4 98.2 95.9 96.0 94.8 95.3 94.6 97.4 100.7 98.2 94.3 94.3 92.2 88.8 83.5 89.1 91.9 92.0 89.7 91.0 90.5 93.9 89.6 86.5 83.5 82.0 85.5 85.2 83.1 85.1 85.6 87.1 89.6 83.4 85.8 82.8 82.1 78.9 73.4 72.5 71.7 73.3 73.8 75.7 77.2 79.3 78.5 77.2 79.2 77.0 78.9 70.7 77.2 74.5 74.9 58.2 59.1 64.9 72.5 76.9 78.0 84.5 78.3 77.7 80.7 79.9 79.4 78.6 78.4
-999.0 95.3 -999.0 95.2 95.0 95.1 97.1 95.1 96.1 95.1 94.1 86.3 95.7 93.5 95.3 96.4 99.0 95.5 96.7 94.6 95.1 94.0 98.5 100.7 97.0 95.9 94.3 91.8 91.1 83.4 89.2 92.4 92.3 91.4 91.5 89.2 92.1 88.3 85.8 83.1 82.2 85.5 84.8 83.9 81.0 84.4 87.6 89.9 80.9 82.7 82.6 81.2 78.4 74.2 71.5 69.9 72.1 72.5 74.5 77.6 74.7 77.3 76.8 78.5 79.0 78.3 75.6 76.9 74.2 73.8 62.4 59.3 61.5 70.1 77.5 79.7 78.5 77.4 79.4 80.6 80.3 78.9 80.9 77.8
-999.0 95.3 -999.0 95.2 95.0 96.6 93.1 95.5 95.5 94.6 94.6 87.8 92.8 92.7 93.5 96.2 95.8 95.6 94.4 93.4 93.0 92.3 97.3 100.5 97.1 97.6 94.9 91.3 92.2 83.4 86.6 91.1 90.8 91.4 88.1 88.5 91.6 87.9 85.6 81.7 83.4 85.3 83.3 86.3 85.1 85.0 86.5 86.8 82.0 80.2 83.8 81.1 78.5 74.6 72.5 71.6 74.0 72.1 73.0 78.3 74.0 76.2 76.5 77.8 77.3 78.7 75.0 76.5 69.2 74.2 59.3 59.2 61.6 65.1 76.3 79.3 76.6 77.3 70.7 78.3 76.8 78.7 80.4 79.1
-999.0 -999.0 -999.0 96.1 95.0 96.0 93.8 96.2 95.5 94.0 95.0 91.7 92.1 92.9 93.8 96.6 96.5 94.6 95.0 93.0 93.2 91.2 96.1 99.0 99.1 98.2 96.4 91.7 91.6 83.6 88.0 90.4 92.4 91.4 87.2 88.1 88.0 87.7 86.6 80.2 84.0 84.0 81.6 87.4 82.4 85.4 86.3 81.9 80.8 77.6 80.9 80.9 80.4 75.7 74.6 72.5 70.4 72.0 70.8 76.1 74.3 75.0 74.0 75.0 77.4 78.0 71.6 75.5 64.0 75.6 59.1 59.6 60.8 64.4 73.2 77.2 77.7 75.7 75.8 78.7 76.3 78.4 76.5 80.1
-999.0 -999.0 -999.0 96.1 95.0 95.7 96.3 97.2 95.9 95.5 92.6 94.6 87.9 93.3 91.4 96.6 93.1 94.5 95.0 93.7 93.0 91.1 91.4 98.5 98.2 98.2 99.0 93.3 92.7 84.8 87.3 89.2 92.6 91.7 86.3 86.9 87.3 87.3 84.1 80.0 82.8 82.1 82.3 87.4 84.3 84.9 85.9 78.6 75.9 76.2 80.4 80.0 76.2 79.7 74.1 72.7 73.0 71.3 71.2 72.5 72.5 73.5 73.0 73.8 75.2 76.7 75.9 75.3 70.9 74.2 59.0 60.1 60.5 62.8 72.2 75.6 77.6 75.1 74.3 79.3 75.9 77.6 77.3 78.4
-999.0 -999.0 -999.0 96.1 95.9 93.8 96.1 97.8 96.2 95.2 95.0 95.5 85.4 91.1 91.0 95.1 96.7 96.4 95.6 92.7 91.4 90.1 93.3 96.7 97.3 98.0 97.7 95.0 91.1 87.8 82.5 87.7 93.1 92.8 85.2 85.7 88.0 86.8 84.8 79.0 82.8 82.1 86.9 89.3 84.4 83.1 83.9 76.2 76.0 74.6 79.1 78.2 79.6 80.8 75.0 74.0 70.8 71.6 71.2 71.8 73.8 73.8 74.5 72.6 73.7 76.2 72.6 75.7 68.2 73.1 60.0 59.8 59.4 62.1 67.7 72.9 74.0 74.8 76.5 77.0 75.1 76.8 76.1 76.5
-999.0 -999.0 -999.0 96.0 97.0 93.8 97.2 98.2 97.2 95.3 94.0 94.8 89.2 90.2 92.4 93.7 92.8 96.1 92.6 90.6 91.9 88.8 92.6 95.1 98.8 96.5 97.6 96.7 92.4 91.1 84.5 87.3 91.4 92.7 84.5 86.2 85.1 86.2 80.5 77.1 81.0 82.1 83.5 88.7 84.2 82.6 83.1 70.5 73.7 72.9 73.5 74.2 79.5 78.1 78.7 74.5 72.9 72.3 70.8 70.3 71.5 74.9 76.5 72.4 69.5 75.9 75.0 74.7 69.4 70.4 60.3 59.1 62.1 61.5 65.4 71.7 74.6 73.7 76.1 74.3 75.6 76.1 75.5 76.1
-999.0 -999.0 95.9 95.5 97.0 94.5 96.0 98.2 98.1 95.7 94.0 93.8 92.4 90.9 90.1 93.0 93.2 91.9 87.9 89.4 85.8 87.0 90.7 93.5 96.0 95.8 97.4 97.5 96.4 92.7 85.0 86.0 89.1 92.1 84.0 83.4 87.0 86.8 82.7 75.8 80.8 81.3 81.8 87.0 86.0 82.6 80.1 71.0 71.3 70.7 72.8 72.1 75.5 77.7 76.1 74.4 75.2 72.2 70.2 72.5 71.5 73.8 75.6 73.1 75.7 76.5 72.4 72.2 69.9 66.9 59.7 58.7 60.9 62.1 66.1 70.3 71.2 72.5 75.4 73.1 73.3 74.9 77.6 76.3
