surveys/_q20_1/matrix_q20_1s0.txt
north:            -537.50
south:           -1247.50
east:             2697.00
west:              -93.00
rows:                 144
cols:                 279
null:              -999.0
[rows 0 to 37 of 144, columns 0 to 83 of 279]
-999.0 -999.0 -999.0 -999.0 -999.0 -999.0 -999.0 -999.0 -999.0 -999.0 -999.0 -999.0 -999.0 -999.0 -999.0 -999.0 -999.0 -999.0 -999.0 -999.0 -999.0 -999.0 -999.0 -999.0 -999.0 -999.0 -999.0 -999.0 -999.0 -999.0 -999.0 -999.0 -999.0 -999.0 -999.0 -999.0 -999.0 -999.0 -999.0 -999.0 -999.0 -999.0 -999.0 -999.0 -999.0 -999.0 -999.0 -999.0 -999.0 -999.0 -999.0 -999.0 -999.0 -999.0 122.2 120.4 123.5 -999.0 -999.0 -999.0 -999.0 123.8 122.9 122.3 119.6 122.6 -999.0 128.3 127.4 126.1 127.0 127.0 125.5 119.6 118.4 117.6 106.6 107.1 112.5 113.2 108.5 110.0 120.6 119.3
-999.0 -999.0 -999.0 -999.0 -999.0 -999.0 -999.0 -999.0 -999.0 -999.0 -999.0 -999.0 -999.0 -999.0 -999.0 -999.0 -999.0 -999.0 -999.0 -999.0 -999.0 -999.0 -999.0 -999.0 -999.0 -999.0 -999.0 -999.0 -999.0 -999.0 -999.0 -999.0 -999.0 -999.0 -999.0 -999.0 -999.0 -999.0 -999.0 -999.0 -999.0 -999.0 -999.0 -999.0 -999.0 -999.0 -999.0 -999.0 -999.0 -999.0 -999.0 -999.0 -999.0 -999.0 122.2 120.4 123.4 -999.0 -999.0 -999.0 -999.0 123.5 123.6 122.0 118.7 122.7 -999.0 128.2 129.1 126.1 126.4 127.0 125.3 119.4 118.2 117.6 108.4 108.3 111.5 113.9 108.0 110.1 120.7 119.3
-999.0 -999.0 -999.0 -999.0 -999.0 -999.0 -999.0 -999.0 -999.0 -999.0 -999.0 -999.0 -999.0 -999.0 -999.0 -999.0 -999.0 -999.0 -999.0 -999.0 -999.0 -999.0 -999.0 -999.0 -999.0 -999.0 -999.0 -999.0 -999.0 -999.0 -999.0 -999.0 -999.0 -999.0 -999.0 -999.0 -999.0 -999.0 -999.0 -999.0 -999.0 -999.0 -999.0 -999.0 -999.0 -999.0 -999.0 -999.0 -999.0 -999.0 -999.0 -999.0 -999.0 -999.0 122.2 120.4 123.4 -999.0 -999.0 -999.0 -999.0 125.9 125.9 126.6 121.0 123.9 -999.0 127.6 127.2 126.1 127.8 127.3 126.9 122.1 119.0 117.6 113.5 112.0 116.3 117.0 112.3 113.1 121.3 119.8
-999.0 -999.0 -999.0 -999.0 -999.0 -999.0 -999.0 -999.0 -999.0 -999.0 -999.0 -999.0 -999.0 -999.0 -999.0 -999.0 -999.0 -999.0 -999.0 -999.0 -999.0 -999.0 -999.0 -999.0 -999.0 -999.0 -999.0 -999.0 -999.0 -999.0 -999.0 -999.0 -999.0 -999.0 -999.0 -999.0 -999.0 -999.0 -999.0 -999.0 -999.0 -999.0 -999.0 -999.0 -999.0 -999.0 -999.0 -999.0 -999.0 -999.0 -999.0 -999.0 -999.0 -999.0 122.2 -999.0 123.4 -999.0 -999.0 -999.0 -999.0 126.0 125.5 126.9 123.6 124.7 -999.0 127.6 127.4 128.7 127.2 127.7 127.2 123.7 121.0 117.4 116.2 114.6 114.2 117.6 115.2 115.4 122.9 121.6
-999.0 -999.0 -999.0 -999.0 -999.0 -999.0 -999.0 -999.0 -999.0 -999.0 -999.0 -999.0 -999.0 -999.0 -999.0 -999.0 -999.0 -999.0 -999.0 -999.0 -999.0 -999.0 -999.0 -999.0 -999.0 -999.0 -999.0 -999.0 -999.0 -999.0 -999.0 -999.0 -999.0 -999.0 -999.0 -999.0 -999.0 -999.0 -999.0 -999.0 -999.0 -999.0 -999.0 -999.0 -999.0 -999.0 -999.0 -999.0 -999.0 -999.0 -999.0 -999.0 -999.0 -999.0 -999.0 -999.0 -999.0 -999.0 -999.0 -999.0 -999.0 -999.0 126.2 -999.0 124.7 126.0 -999.0 -999.0 127.2 128.7 128.4 127.7 126.9 124.9 121.9 117.0 110.8 113.4 108.1 117.9 116.0 119.5 121.8 128.2
-999.0 -999.0 -999.0 -999.0 -999.0 -999.0 -999.0 -999.0 -999.0 -999.0 -999.0 -999.0 -999.0 -999.0 -999.0 -999.0 -999.0 -999.0 -999.0 -999.0 -999.0 -999.0 -999.0 -999.0 -999.0 -999.0 -999.0 -999.0 -999.0 -999.0 -999.0 -999.0 -999.0 -999.0 -999.0 -999.0 -999.0 -999.0 -999.0 -999.0 -999.0 -999.0 -999.0 -999.0 -999.0 -999.0 -999.0 -999.0 -999.0 -999.0 -999.0 -999.0 -999.0 -999.0 -999.0 -999.0 -999.0 -999.0 -999.0 -999.0 -999.0 -999.0 -999.0 -999.0 124.5 126.0 -999.0 -999.0 -999.0 128.7 129.1 -999.0 129.0 127.2 126.5 116.8 124.4 113.3 122.6 115.8 120.1 119.2 118.7 128.6
68.6 72.8 66.8 76.0 81.8 93.1 83.3 96.6 84.9 -999.0 92.7 -999.0 -999.0 -999.0 -999.0 -999.0 -999.0 -999.0 -999.0 -999.0 -999.0 -999.0 -999.0 -999.0 -999.0 -999.0 -999.0 -999.0 -999.0 -999.0 -999.0 -999.0 -999.0 -999.0 -999.0 -999.0 -999.0 -999.0 -999.0 -999.0 -999.0 -999.0 -999.0 -999.0 -999.0 -999.0 -999.0 -999.0 -999.0 -999.0 -999.0 -999.0 -999.0 -999.0 -999.0 -999.0 -999.0 -999.0 -999.0 -999.0 -999.0 -999.0 -999.0 -999.0 124.7 126.0 -999.0 -999.0 -999.0 128.7 129.0 -999.0 128.9 127.3 124.4 116.8 121.6 -999.0 119.9 115.7 135.4 119.9 119.3 -999.0
67.9 72.0 66.9 75.8 79.8 90.3 82.0 94.0 82.8 81.7 90.4 83.4 79.8 81.8 83.7 81.1 80.8 80.5 80.1 78.9 73.7 78.2 76.5 84.4 79.8 99.2 83.5 93.4 95.4 -999.0 104.9 -999.0 -999.0 -999.0 -999.0 -999.0 -999.0 -999.0 -999.0 -999.0 -999.0 -999.0 -999.0 -999.0 -999.0 -999.0 -999.0 -999.0 -999.0 -999.0 -999.0 -999.0 -999.0 -999.0 -999.0 -999.0 -999.0 -999.0 -999.0 -999.0 -999.0 -999.0 -999.0 -999.0 -999.0 -999.0 -999.0 -999.0 -999.0 -999.0 129.1 -999.0 129.2 -999.0 126.5 -999.0 124.4 -999.0 122.7 -999.0 132.7 -999.0 118.7 -999.0
68.6 72.1 66.8 75.7 81.8 89.7 83.3 91.7 84.9 81.2 92.7 83.4 80.2 81.6 83.2 81.1 80.3 80.2 80.1 78.7 73.8 77.6 76.2 83.2 79.1 96.2 82.5 91.7 93.4 88.8 101.9 92.4 91.1 91.6 91.0 90.6 91.7 93.0 92.2 90.6 92.3 92.1 91.7 108.3 93.0 111.2 95.8 -999.0 102.1 91.9 116.3 -999.0 -999.0 -999.0 -999.0 -999.0 -999.0 92.8 -999.0 -999.0 -999.0 -999.0 -999.0 -999.0 -999.0 -999.0 -999.0 -999.0 -999.0 -999.0 -999.0 -999.0 -999.0 -999.0 -999.0 -999.0 -999.0 -999.0 -999.0 -999.0 135.5 -999.0 -999.0 -999.0
65.2 67.6 67.5 74.1 71.9 75.4 77.1 76.8 75.0 81.1 81.3 83.4 79.8 81.7 83.7 81.1 80.8 80.1 80.1 78.6 73.7 77.7 76.5 83.0 79.8 96.3 83.5 92.1 95.4 88.5 104.8 92.1 90.6 92.0 91.1 90.8 92.0 93.0 91.7 91.1 92.0 91.8 91.8 106.2 93.0 108.3 94.6 90.9 99.3 91.9 116.3 91.6 89.0 88.5 90.9 89.6 -999.0 92.8 91.5 93.4 95.1 95.6 -999.0 117.9 99.8 122.7 108.8 119.3 114.9 128.2 115.5 -999.0 111.8 -999.0 -999.0 -999.0 -999.0 -999.0 133.7 -999.0 135.4 -999.0 133.7 135.8
64.8 67.0 69.6 70.0 72.2 74.5 76.8 78.0 77.5 78.3 80.1 83.2 81.7 80.6 81.5 81.0 78.4 78.4 80.0 77.1 74.0 74.8 74.9 76.3 76.6 79.0 78.6 83.9 85.7 88.4 91.2 92.0 91.1 91.8 91.0 90.9 91.7 93.0 92.2 91.1 92.3 91.8 91.7 103.9 93.0 108.3 95.8 91.0 102.0 91.9 116.3 91.3 89.4 88.6 90.8 89.4 90.7 92.8 91.5 93.3 94.4 95.6 95.2 114.6 99.3 118.2 105.8 115.1 110.5 122.3 110.1 89.5 107.1 90.9 93.2 93.7 94.1 90.6 125.3 93.1 125.8 92.4 124.5 128.7
65.4 68.2 66.8 71.7 71.4 73.5 76.7 77.6 78.2 78.2 80.7 83.3 80.4 80.5 81.3 80.5 80.8 79.5 79.2 76.0 76.2 75.5 71.9 74.5 76.3 77.7 78.7 82.7 84.3 86.2 87.1 90.5 88.7 93.8 91.3 91.7 92.9 93.2 90.0 93.5 90.9 89.9 92.3 90.9 93.0 91.7 90.2 90.9 88.9 91.5 97.3 91.3 89.0 88.6 90.9 89.4 90.4 91.4 91.5 93.3 95.1 95.6 95.1 114.7 99.8 119.0 108.7 115.1 114.9 122.5 115.5 89.5 111.6 90.9 93.3 93.9 94.3 91.2 133.5 93.0 135.0 92.4 133.6 127.2
63.0 69.3 65.5 72.5 74.8 70.2 75.5 76.4 77.6 76.1 79.9 82.6 81.2 79.1 80.7 81.0 80.8 76.4 83.4 78.1 78.2 78.0 76.7 73.4 75.1 76.1 78.8 81.4 82.0 84.1 87.9 89.4 90.0 91.3 91.3 91.3 93.1 94.2 92.9 92.7 92.6 90.3 92.5 92.1 92.2 90.9 91.6 91.2 89.4 91.4 87.7 89.7 90.7 89.4 90.2 88.5 91.5 90.7 91.3 92.9 91.8 95.5 95.2 97.3 97.7 95.9 95.2 91.5 93.2 88.8 88.8 89.5 91.3 90.9 93.2 93.8 94.1 91.1 93.1 93.0 91.8 92.5 89.2 88.7
66.3 68.8 68.9 72.8 73.3 74.1 77.7 77.3 79.3 75.6 80.1 82.2 80.4 79.2 80.5 81.1 81.7 78.1 80.0 78.1 79.2 79.4 75.9 73.6 74.4 74.5 76.8 81.0 85.2 83.5 83.6 87.8 87.6 91.3 91.4 90.1 91.0 95.3 94.7 93.4 94.5 91.2 92.5 91.6 91.2 91.9 91.6 90.6 90.3 91.2 88.7 89.0 92.0 90.9 91.8 89.8 88.3 89.0 91.2 92.0 91.7 95.5 94.7 100.3 98.5 97.9 97.3 90.9 92.7 91.1 90.3 89.8 90.6 92.5 93.7 94.7 95.5 93.7 93.2 92.2 94.1 92.6 90.5 84.2
66.4 69.5 70.1 72.8 74.6 75.0 77.4 77.1 77.2 79.1 79.1 82.4 78.1 80.9 81.2 79.8 84.6 81.5 79.7 77.1 78.0 79.2 73.8 74.7 73.9 76.9 79.6 80.5 83.5 84.6 86.1 88.0 87.9 89.5 94.6 91.2 91.3 92.3 92.7 93.5 93.7 94.3 94.3 92.3 94.0 92.2 90.8 90.7 88.3 90.8 90.5 87.8 91.4 90.7 90.7 89.4 89.0 92.2 90.7 91.0 93.0 93.8 94.2 97.6 99.8 97.2 95.7 94.6 94.3 91.5 90.5 92.1 89.5 93.2 93.5 94.1 97.1 91.5 92.9 91.5 92.2 92.7 91.2 85.2
70.0 71.8 72.1 73.0 74.6 74.7 77.1 76.4 78.3 77.9 79.5 79.9 81.0 80.9 81.2 79.0 80.0 79.4 79.6 77.7 78.9 79.1 76.9 75.5 76.7 77.2 77.8 78.8 81.0 84.2 85.1 87.5 88.4 92.7 95.4 90.1 91.2 91.1 94.1 94.2 91.9 95.8 93.7 92.5 93.4 91.7 92.0 91.5 90.6 92.5 90.8 90.4 90.8 89.4 89.3 89.4 91.9 90.3 92.9 93.0 92.4 93.0 94.6 96.1 99.8 97.3 99.1 95.4 92.6 91.2 90.9 91.5 91.8 90.2 94.8 94.5 94.9 93.7 92.6 92.9 93.2 93.5 89.7 90.1
69.8 74.5 74.1 74.0 75.2 75.9 77.4 77.8 78.6 77.7 83.5 79.4 81.6 82.0 80.5 79.2 79.0 78.5 78.1 79.4 79.1 79.1 76.5 76.7 74.3 76.0 77.0 82.5 82.7 82.0 85.5 85.7 87.7 89.1 89.8 89.7 92.5 92.3 94.0 94.1 94.1 94.2 92.7 92.8 93.1 92.8 91.6 91.7 91.6 91.1 91.3 92.2 91.9 92.1 91.2 89.8 90.5 90.2 91.2 93.1 92.0 92.7 93.4 96.6 98.3 97.5 97.7 95.4 93.5 93.0 92.6 94.5 91.4 91.7 96.2 96.6 96.0 96.9 92.6 94.6 93.1 94.2 94.2 90.5
71.5 74.5 71.4 77.3 75.2 76.1 78.7 78.9 81.1 77.9 80.5 80.3 80.0 81.1 80.5 78.7 80.1 79.2 80.6 80.1 79.1 79.3 78.2 75.7 77.0 78.1 78.6 80.5 83.2 82.3 86.1 86.1 88.5 90.4 92.2 89.7 89.3 91.7 87.0 94.0 93.6 94.1 93.4 92.1 93.9 93.1 91.0 92.0 91.0 91.8 90.5 92.2 91.9 90.3 90.7 89.9 91.4 89.2 90.6 93.0 90.2 92.8 92.1 95.8 100.4 97.2 101.6 96.3 97.4 93.7 92.8 93.2 91.4 91.7 94.8 97.1 96.3 98.8 94.3 94.9 93.5 94.7 89.4 91.4
69.4 72.8 73.4 75.0 77.6 76.1 80.1 78.1 80.8 79.4 80.3 80.8 79.8 80.1 80.0 78.2 78.2 79.8 79.4 80.1 80.6 80.6 79.4 76.9 77.2 77.5 77.6 80.8 82.5 83.6 83.3 87.5 89.0 89.9 91.5 89.9 94.0 93.0 90.4 96.8 93.9 93.7 94.2 91.7 91.5 92.6 92.3 91.0 90.9 92.2 88.6 92.1 92.6 91.3 90.4 88.7 91.8 94.3 91.8 90.5 89.8 92.5 95.0 96.8 97.6 98.6 97.6 96.3 95.4 94.8 93.3 93.8 93.6 94.2 95.2 97.3 95.1 96.5 95.3 94.9 94.0 93.4 90.2 91.8
70.8 73.3 72.9 75.2 75.2 75.7 77.7 79.0 80.9 79.5 78.0 79.4 79.1 81.3 79.0 80.1 78.1 80.3 81.8 79.7 83.0 80.5 78.2 79.8 76.4 76.9 76.1 81.0 83.5 84.4 86.1 86.0 86.9 90.0 90.7 91.5 92.3 92.8 91.4 93.5 94.3 96.0 96.2 94.5 91.7 93.3 92.7 92.5 91.7 91.5 93.4 92.0 91.6 90.4 91.8 89.2 90.6 91.0 91.3 92.2 90.8 91.8 93.2 92.1 97.0 98.1 99.4 97.6 97.0 93.6 97.1 96.8 94.3 94.5 95.1 95.4 96.4 95.8 94.7 95.0 94.4 91.8 90.9 91.5
73.6 73.3 72.6 75.6 76.2 76.6 75.7 79.2 79.5 77.9 78.5 80.9 80.5 81.8 80.4 78.7 77.7 79.0 80.6 79.3 79.7 79.9 81.9 79.9 83.5 77.4 79.2 81.1 82.2 84.2 85.4 85.4 87.2 90.7 92.1 91.5 91.8 93.0 94.1 92.3 92.7 94.7 92.8 94.3 95.0 93.9 91.3 93.2 92.6 90.8 91.1 90.4 91.2 90.5 91.7 89.3 92.4 89.6 91.3 92.6 89.6 92.4 91.3 96.8 96.5 100.4 98.3 98.7 97.6 95.6 97.3 97.6 88.1 94.1 95.0 96.1 96.6 96.3 95.5 95.2 92.7 89.8 95.0 91.5
74.1 72.1 73.1 74.6 76.4 77.6 79.6 79.6 81.2 77.8 79.7 79.5 78.2 81.0 79.6 80.2 76.4 79.7 82.1 80.4 80.4 79.0 81.3 81.6 78.6 77.4 79.6 81.7 82.3 85.1 84.2 86.4 84.8 90.4 90.2 90.7 92.1 93.8 93.1 93.8 94.4 95.7 93.4 94.4 94.1 93.4 91.7 92.5 93.0 91.8 94.2 90.2 91.6 92.6 86.8 89.7 92.1 91.6 90.7 92.1 91.0 92.8 96.5 97.3 97.9 99.4 99.2 98.6 97.6 95.7 97.9 97.7 95.1 93.9 98.0 97.4 98.6 95.8 94.9 94.5 92.0 90.3 92.0 93.0
74.9 76.2 72.7 74.0 76.1 75.9 80.5 79.3 82.1 77.7 79.4 79.5 75.0 79.1 79.4 78.5 77.9 79.3 80.1 79.9 80.1 80.4 81.5 81.9 84.4 79.0 78.0 82.4 85.5 85.8 86.0 85.9 86.6 90.0 91.8 91.6 93.0 94.8 92.0 95.1 92.7 93.4 94.0 93.7 93.9 93.2 92.8 93.3 92.7 91.5 93.7 89.5 90.0 91.9 91.1 90.3 91.3 91.8 88.8 92.2 91.1 92.5 96.4 96.1 96.3 99.1 99.8 97.5 99.2 97.6 97.1 99.9 93.6 94.2 94.5 97.0 98.8 96.4 94.2 90.0 88.2 90.6 94.5 94.1
71.3 75.2 74.7 75.3 76.3 76.4 75.9 80.1 80.5 77.8 79.5 78.9 77.4 81.0 82.8 78.5 78.5 79.5 79.3 79.6 78.7 81.8 81.9 83.3 84.7 80.4 79.3 82.1 81.8 85.8 85.4 86.6 84.8 93.0 93.0 91.5 90.8 91.8 91.7 92.2 93.2 92.9 93.5 94.1 93.6 94.6 90.8 91.5 93.0 91.6 92.1 86.7 90.9 92.8 91.5 89.2 92.5 91.1 92.1 92.1 91.0 91.1 94.9 97.1 96.9 101.0 103.8 99.9 99.0 97.5 97.8 97.8 96.4 94.4 92.4 97.0 100.6 96.6 93.2 87.5 90.5 91.0 90.4 92.1
73.5 73.9 75.3 76.5 73.4 75.8 78.6 78.5 79.6 77.7 79.2 79.1 78.4 78.1 77.9 78.5 77.2 79.4 81.6 79.4 80.3 82.0 81.3 83.1 84.6 82.6 80.9 79.5 83.6 85.2 86.4 85.9 87.7 89.9 90.9 89.9 91.8 93.3 92.6 93.0 93.5 92.6 94.4 94.1 96.2 94.8 95.7 94.5 93.6 91.0 91.4 91.4 91.9 94.2 91.1 89.6 91.8 91.1 89.8 93.2 88.7 92.7 92.8 94.3 97.3 99.5 99.4 98.9 97.9 97.4 98.4 97.2 97.0 95.3 92.3 95.9 96.2 95.6 93.2 86.1 89.4 90.5 91.7 93.6
74.8 75.6 73.5 76.0 77.8 76.9 78.7 78.5 78.2 77.6 78.5 77.4 77.8 80.4 76.5 78.1 79.9 78.1 81.9 80.9 80.6 81.5 83.9 83.6 83.9 83.2 81.5 80.3 83.0 85.5 86.0 87.5 86.3 90.0 90.5 90.0 92.3 93.5 94.1 93.3 93.5 94.9 94.2 95.6 94.5 94.8 97.4 92.4 98.5 92.9 93.3 91.9 91.4 93.7 92.1 90.2 93.6 90.8 88.9 91.0 93.1 93.4 92.9 93.8 96.3 98.5 100.1 98.5 100.1 98.3 96.6 96.4 94.8 94.1 91.4 98.1 96.7 94.8 90.4 87.0 86.1 91.5 93.1 93.6
75.0 76.2 75.0 76.5 76.1 76.9 78.0 78.1 76.9 76.9 77.9 77.1 77.9 77.2 78.9 78.7 77.6 79.5 82.9 80.7 80.1 80.9 81.6 83.3 83.5 84.0 83.5 79.9 82.1 83.5 87.7 88.1 87.6 90.3 91.5 90.4 91.7 92.6 94.3 94.0 92.3 93.9 94.1 94.4 95.1 93.8 95.7 93.8 95.1 93.8 94.0 92.1 95.4 90.2 91.1 90.5 92.2 90.9 91.4 91.2 91.2 95.8 92.4 95.3 93.9 97.2 102.2 98.4 98.9 97.6 96.0 96.0 96.8 92.7 90.9 95.9 93.8 92.3 87.2 87.5 90.5 92.4 90.0 94.2
74.7 74.8 74.7 75.6 74.8 77.4 79.8 76.3 75.9 76.2 77.7 77.2 78.0 77.2 83.3 78.3 78.7 81.4 80.5 81.1 80.0 81.0 82.6 84.4 83.8 84.8 79.9 83.9 84.2 82.6 86.8 87.1 85.5 89.5 89.5 90.3 93.2 92.4 92.0 92.5 92.1 94.4 97.1 94.4 94.4 94.5 94.5 92.9 95.1 94.2 94.0 94.1 93.4 87.3 90.8 91.0 91.2 91.9 91.3 91.2 93.1 94.4 93.4 96.1 96.6 97.1 102.9 99.7 99.2 96.4 98.3 96.1 96.2 94.3 93.1 93.5 91.4 89.3 89.2 89.7 92.3 94.0 96.3 94.3
76.7 73.3 73.6 76.1 75.1 76.9 76.4 75.0 72.8 77.2 82.4 75.0 76.4 77.5 79.9 77.7 80.9 82.1 81.8 80.7 81.3 82.7 82.2 86.5 84.2 84.5 82.5 82.6 82.8 83.8 84.8 85.9 84.7 89.5 90.9 91.9 91.4 92.2 93.7 92.9 94.7 95.1 95.4 94.8 94.5 95.9 94.1 94.3 92.7 95.2 93.6 94.0 92.1 91.3 90.5 92.7 92.9 93.1 91.2 90.2 92.2 94.1 94.4 95.8 92.3 98.0 101.3 99.0 98.4 98.0 97.0 96.2 96.5 94.5 93.0 90.4 95.4 90.2 89.0 92.1 95.8 93.9 94.3 94.4
76.2 76.1 74.5 76.2 74.7 75.1 77.1 74.4 75.4 75.3 77.6 75.0 76.3 77.7 78.1 77.4 79.3 79.9 83.6 80.6 82.7 83.1 83.5 84.2 85.5 86.1 88.0 84.4 84.0 84.0 83.7 87.7 89.0 89.7 92.3 91.4 91.2 91.7 92.7 93.6 93.0 94.6 94.8 92.9 96.9 96.3 96.1 94.2 94.7 95.3 95.2 92.1 92.3 89.9 96.2 91.9 93.5 92.2 90.8 91.9 92.6 94.0 94.5 95.2 92.6 97.4 100.6 98.0 100.2 100.2 98.5 98.1 90.9 93.6 90.7 90.1 92.5 89.2 88.8 94.1 95.6 93.0 90.9 95.0
76.2 76.6 76.1 76.9 74.1 73.5 76.0 71.8 74.1 74.6 75.0 75.2 75.9 76.8 77.0 76.9 79.1 80.4 80.6 78.3 80.5 83.3 82.7 86.0 86.3 86.8 86.8 83.5 84.3 82.9 83.5 87.1 88.2 89.7 91.0 91.7 92.9 92.2 92.7 93.4 93.9 94.8 93.2 95.3 94.9 96.8 95.1 94.3 95.9 94.5 94.4 94.0 93.2 91.2 90.0 92.6 89.6 93.3 91.9 92.8 93.5 92.2 93.0 94.8 96.7 95.7 101.6 99.6 97.8 99.8 97.0 98.1 93.6 92.9 91.0 91.5 93.4 90.9 92.5 96.9 95.7 92.7 85.7 93.8
77.8 75.7 73.4 76.2 74.4 72.2 70.4 72.9 74.0 72.7 73.9 75.4 74.5 76.1 76.9 76.5 79.8 81.3 77.7 79.9 80.1 83.6 83.4 84.8 85.1 88.4 86.2 83.7 84.7 83.9 86.0 85.2 90.4 91.0 92.4 90.6 95.6 93.1 93.1 93.5 94.9 94.8 94.5 96.2 95.4 96.3 95.0 94.4 91.9 93.1 92.2 93.4 92.9 92.6 95.9 93.3 92.1 92.1 92.6 93.2 94.2 92.3 95.1 95.1 98.2 94.9 99.6 99.2 98.6 100.3 99.5 96.6 95.3 93.6 92.7 93.0 92.9 92.7 95.0 100.2 95.7 93.1 83.4 91.6
77.0 75.2 75.3 76.0 73.0 70.9 73.8 72.7 73.8 73.7 75.2 73.5 78.0 77.0 78.5 77.2 77.6 79.8 82.7 80.1 81.7 83.0 82.7 87.1 84.9 86.1 87.3 84.8 82.5 85.2 85.2 88.5 87.6 88.9 91.2 90.7 92.1 96.6 94.0 93.3 94.4 94.8 94.2 94.8 94.9 95.1 94.1 93.9 95.0 93.1 93.5 93.3 95.1 92.3 93.8 89.4 90.2 92.6 94.1 93.3 91.7 92.1 93.1 94.7 99.8 95.4 104.7 100.4 99.1 99.6 97.6 96.9 93.8 93.6 91.9 93.6 91.6 96.0 96.0 95.8 93.8 92.8 85.2 92.4
77.5 76.8 74.8 73.0 75.0 75.0 73.2 72.8 72.0 73.4 76.3 75.4 76.4 76.0 79.0 78.6 78.5 80.3 81.6 81.1 80.8 86.0 85.0 84.4 84.1 85.4 85.8 88.4 85.5 85.0 85.7 88.2 88.4 90.0 91.1 91.4 93.1 92.3 94.4 92.5 94.5 94.6 94.1 95.4 98.9 94.6 93.3 94.9 91.8 93.6 93.6 92.9 94.9 92.0 91.5 89.8 89.6 92.2 92.9 96.1 93.2 92.6 92.9 95.0 93.9 95.2 97.8 100.3 98.0 99.3 98.4 97.1 93.0 94.3 97.5 94.4 94.1 96.3 95.7 96.2 94.4 91.8 86.4 91.3
75.7 75.6 73.9 72.8 73.8 72.6 74.0 72.9 72.7 74.2 72.8 74.1 74.2 76.7 77.6 78.7 80.0 80.8 82.5 80.8 80.8 84.2 83.0 85.8 85.3 85.6 87.2 90.3 82.3 84.9 85.8 87.2 88.8 90.4 89.5 91.1 89.8 92.9 92.4 92.5 92.5 94.8 93.8 98.0 95.2 94.3 93.3 94.1 96.8 92.9 93.9 93.9 94.2 93.7 93.9 91.9 94.3 92.8 92.6 94.1 92.5 92.7 94.0 94.0 97.2 95.4 96.9 100.3 99.4 99.1 98.5 95.4 94.4 94.5 91.8 96.9 94.1 95.3 95.7 96.2 95.9 87.0 85.6 90.9
73.9 76.1 73.5 72.1 68.9 69.4 75.1 73.4 73.9 74.4 72.6 75.1 75.5 77.8 80.7 78.0 77.4 81.8 81.0 81.9 84.1 84.1 84.2 85.5 86.2 86.8 87.9 91.5 84.1 85.9 87.9 86.8 88.9 90.2 92.2 90.3 91.0 92.6 91.9 92.5 95.5 96.0 94.4 95.4 94.5 95.5 95.5 91.7 94.4 93.5 94.3 93.8 94.1 93.7 92.3 93.3 92.8 94.0 94.5 91.9 92.9 93.0 90.0 93.7 93.7 94.1 95.4 98.4 102.0 96.7 96.8 96.2 94.3 95.9 95.9 97.9 94.3 95.3 96.2 96.2 94.2 89.0 82.4 92.0
71.5 73.6 72.0 71.2 72.1 68.0 71.2 72.8 73.1 74.3 73.1 75.0 75.2 79.0 77.8 79.0 79.3 81.9 79.1 82.6 82.7 83.4 86.0 85.4 85.9 86.4 88.7 93.3 85.6 85.3 85.2 87.5 88.1 89.5 90.6 93.1 89.8 92.2 98.2 90.8 94.9 95.7 94.8 96.5 93.7 95.4 92.8 93.5 94.1 93.8 94.7 93.3 94.8 92.1 94.2 93.4 92.2 93.6 93.6 95.6 93.7 92.8 93.7 93.9 95.7 94.9 93.9 98.6 99.8 97.9 97.3 96.3 94.8 95.9 94.9 100.3 94.8 96.6 95.9 97.1 92.4 90.5 87.7 92.2
72.3 73.5 71.7 70.4 69.8 67.9 70.9 73.6 72.0 72.8 73.6 75.9 74.9 79.2 79.6 79.3 80.2 81.3 79.0 83.6 83.4 83.8 85.4 89.5 88.1 85.7 88.5 89.4 87.3 85.1 84.8 87.2 90.6 88.7 91.5 89.9 90.0 92.2 90.6 93.9 94.3 94.4 94.6 95.9 95.9 95.2 95.2 94.2 93.1 93.2 95.3 94.1 95.7 92.9 93.7 94.3 92.5 92.8 94.7 94.7 92.3 92.0 93.1 93.6 91.9 96.7 94.7 98.6 98.1 97.9 97.5 94.7 95.9 96.0 98.6 98.4 93.7 96.4 96.3 97.1 93.1 91.7 90.0 92.5
