surveys/_q20_1/matrix_q20_1s5.txt
north:            -537.50
south:           -1247.50
east:             2697.00
west:              -93.00
rows:                 144
cols:                 279
null:              -999.0
[rows 38 to 75 of 144, columns 84 to 167 of 279]
78.5 79.4 80.0 80.0 80.7 81.0 78.7 81.6 83.6 79.6 77.2 76.0 74.7 75.2 75.6 72.8 70.2 72.9 75.2 77.8 75.3 77.5 76.2 73.5 73.7 74.4 79.3 76.0 71.7 74.0 74.9 78.4 71.9 72.4 64.8 64.0 71.1 64.9 63.6 68.3 66.6 68.7 71.1 69.2 74.4 69.2 69.2 67.1 64.5 64.1 63.2 64.0 65.2 62.0 59.2 59.8 55.4 56.2 57.4 56.3 56.0 58.3 55.9 57.3 57.0 54.2 54.5 56.1 56.3 55.6 58.8 58.5 59.8 62.5 63.6 63.3 64.0 66.6 68.4 66.7 65.1 65.0 66.2 66.7
78.6 79.2 78.2 80.0 81.4 81.2 81.4 81.5 81.3 79.6 77.4 75.8 75.8 74.6 73.4 73.3 71.2 75.2 75.9 78.1 76.5 78.5 76.6 75.8 77.4 76.9 80.4 75.8 76.9 74.6 76.8 76.4 72.9 72.1 66.2 63.6 72.0 64.9 62.6 68.3 62.7 70.1 68.8 72.1 77.9 70.0 67.6 68.9 66.0 64.6 61.0 64.0 61.7 60.8 60.4 57.0 56.5 58.3 56.9 55.5 50.6 55.5 59.6 57.7 56.9 53.4 58.5 55.7 53.8 55.2 57.4 57.5 60.5 63.8 66.7 64.6 65.0 66.4 66.4 67.0 65.3 64.1 64.2 66.7
78.6 80.3 81.0 80.0 85.0 79.3 83.2 82.0 80.4 79.3 77.6 73.8 76.7 74.4 73.9 69.9 71.3 75.7 76.6 78.1 76.3 79.4 74.9 76.4 75.9 77.2 78.0 77.0 77.1 75.3 78.3 76.1 73.1 69.8 62.0 61.9 74.2 67.3 65.0 69.5 63.8 69.7 69.2 73.3 77.4 72.3 69.4 68.2 65.7 65.2 63.1 63.8 60.2 59.3 58.4 55.8 56.7 57.1 55.6 55.6 54.5 54.3 54.2 54.8 56.0 52.9 54.0 57.7 57.0 56.1 55.3 58.7 59.3 61.8 62.0 64.0 68.1 66.2 66.8 67.5 67.8 64.5 66.6 66.5
79.3 79.7 79.6 79.9 80.0 81.4 82.1 80.5 80.1 76.5 78.0 75.7 77.3 74.9 74.1 72.8 72.7 76.2 77.9 77.8 76.7 80.1 77.0 75.1 76.2 77.7 78.1 77.7 77.1 76.7 77.9 77.6 77.3 69.7 67.2 61.8 76.1 67.5 64.3 69.5 64.4 71.0 69.7 74.9 75.7 73.6 68.1 68.9 66.5 65.3 64.9 60.4 58.3 56.6 54.2 53.8 56.9 56.7 54.4 53.6 57.3 52.4 54.6 53.4 51.3 54.2 56.8 58.5 56.6 56.3 60.7 58.7 61.1 62.3 66.2 64.1 65.8 66.0 65.4 66.4 66.6 65.9 66.1 66.6
77.0 79.8 79.1 79.7 83.8 81.4 82.8 79.8 80.0 75.5 76.2 75.1 76.4 75.1 70.0 71.9 72.0 77.2 77.5 77.5 77.2 77.2 74.3 75.0 76.4 79.3 77.2 78.7 78.6 77.6 79.6 77.1 78.9 71.4 68.5 62.9 75.3 68.1 63.6 71.1 68.1 70.7 70.4 76.7 75.8 72.5 71.2 69.1 66.5 66.9 64.5 56.8 52.6 54.1 54.2 53.1 57.2 56.9 54.5 52.3 53.3 52.0 53.8 51.4 54.9 54.6 55.3 58.8 57.1 56.6 57.2 60.8 61.6 62.4 63.7 65.0 65.6 65.7 66.0 68.8 65.5 66.4 64.4 66.8
77.6 79.3 79.6 80.1 77.3 79.0 81.7 78.9 77.8 74.5 74.4 75.5 78.1 74.2 70.7 71.2 73.1 75.9 76.2 76.7 78.8 78.3 77.4 75.7 78.9 79.1 77.3 78.5 76.7 77.5 78.4 78.1 79.1 73.4 71.7 64.0 76.1 68.1 67.9 71.4 69.4 71.4 75.6 77.0 76.5 70.0 68.4 70.9 65.2 65.1 60.5 55.0 53.2 51.3 52.5 52.8 56.3 55.2 53.5 51.4 53.4 51.3 53.5 53.4 57.8 55.2 57.3 59.0 56.7 58.4 57.3 60.0 58.5 61.8 61.6 65.7 64.3 66.0 65.4 68.2 65.5 65.3 66.1 66.3
80.9 78.9 80.7 80.4 81.1 79.7 80.4 78.2 75.1 76.2 74.2 75.5 75.0 72.8 70.9 73.3 72.6 72.4 79.6 76.2 75.2 78.7 76.5 75.8 77.5 76.3 75.6 78.4 78.0 78.1 76.3 78.3 78.5 74.9 72.8 65.8 74.2 66.2 65.6 70.1 69.2 72.3 76.8 77.4 74.9 68.4 70.0 70.5 67.7 65.4 57.4 50.9 50.3 51.5 49.8 53.8 55.4 56.3 49.3 52.7 53.8 52.2 51.8 55.2 55.3 55.9 56.9 58.1 59.9 55.4 57.6 58.8 62.1 63.2 62.8 65.3 66.1 66.2 65.7 67.4 67.7 64.8 64.2 65.8
79.6 79.5 80.4 80.1 79.5 77.4 79.1 77.0 77.1 76.9 76.6 75.5 73.9 75.4 76.1 73.4 74.1 79.9 78.0 77.9 79.6 76.1 78.0 76.2 79.2 78.1 79.4 78.9 77.9 77.9 79.6 77.2 77.7 73.0 75.6 66.4 73.3 63.7 66.7 70.6 69.1 74.4 74.4 76.0 73.9 67.5 69.1 68.8 65.6 63.6 55.1 48.8 48.2 51.2 51.2 54.8 55.5 55.9 53.3 53.4 52.1 53.5 52.8 55.9 55.2 52.6 58.3 56.2 55.4 55.8 59.2 59.3 64.2 64.9 63.9 65.5 63.7 66.0 65.6 66.6 68.4 66.0 62.6 66.4
78.4 78.7 79.7 80.8 79.3 78.5 78.4 75.7 76.3 74.5 77.0 74.8 73.4 75.2 68.8 74.8 74.5 77.0 75.3 76.4 76.0 75.1 75.8 76.8 79.9 78.7 75.6 78.3 79.2 77.9 79.2 77.6 79.7 74.1 70.1 66.7 71.7 64.0 66.1 73.1 70.6 74.5 72.5 76.4 71.6 65.1 64.7 65.7 63.8 62.0 51.9 50.5 48.4 51.1 53.4 55.7 55.8 54.7 53.7 52.7 55.3 54.9 54.7 58.5 54.9 54.7 60.1 58.1 57.8 57.0 59.2 60.1 60.5 63.6 63.6 65.7 66.4 65.9 66.3 66.8 63.5 67.6 64.5 67.5
78.8 79.2 78.4 80.5 79.7 77.9 80.4 75.9 76.2 74.7 75.4 75.1 74.9 71.4 71.7 76.4 74.8 77.1 77.0 76.8 76.4 75.5 74.4 77.5 79.2 79.1 76.8 79.5 75.9 77.9 79.1 77.7 78.8 73.4 72.5 67.1 73.4 64.5 65.7 72.7 72.6 74.1 74.3 76.5 72.0 64.3 65.0 63.1 63.5 59.6 50.9 50.0 48.9 52.9 51.1 56.0 59.0 57.3 54.9 53.9 54.7 55.2 54.8 58.2 55.7 55.0 59.1 57.6 60.1 59.0 60.4 61.2 62.3 64.1 64.1 65.3 67.4 66.2 66.2 67.7 68.1 65.5 64.5 66.5
78.8 78.3 80.3 80.2 80.4 79.3 80.7 76.1 77.4 74.4 72.5 74.4 73.5 71.3 75.3 76.6 76.9 77.7 77.2 78.1 78.2 75.3 73.5 76.1 86.8 79.0 77.8 80.4 77.5 78.0 79.0 77.4 79.5 73.2 72.4 68.5 73.1 66.1 68.0 72.6 72.9 72.3 74.5 77.0 72.0 62.9 64.2 62.6 61.8 59.7 51.5 49.7 50.2 55.4 56.5 59.2 55.9 61.0 57.3 54.6 55.8 53.6 57.8 57.0 55.4 55.4 56.8 58.8 58.3 60.6 60.3 63.4 63.3 62.2 65.4 64.6 67.1 66.1 65.1 68.1 69.7 66.0 62.0 64.4
77.5 78.9 80.0 80.7 77.6 78.0 78.4 76.2 76.5 74.9 75.2 74.8 71.5 72.9 73.1 76.5 77.6 77.5 78.2 79.3 76.4 73.5 74.7 76.2 79.1 78.9 77.3 77.8 78.6 77.6 78.7 78.3 78.7 73.0 72.7 70.7 69.0 66.2 70.3 72.6 73.8 72.1 77.9 76.2 69.1 63.4 64.2 62.2 58.3 62.3 51.5 48.8 50.9 57.9 59.8 60.2 57.1 60.0 57.8 59.5 56.9 57.3 55.9 56.5 55.3 56.9 57.6 58.9 58.9 63.2 58.9 61.8 61.8 63.5 61.9 65.4 64.4 66.1 66.4 68.2 68.0 66.7 62.5 63.3
74.2 79.3 79.0 77.8 79.3 78.6 77.6 76.9 76.6 75.5 73.9 74.5 71.7 72.7 75.3 75.4 75.1 76.9 77.2 76.8 77.9 73.6 75.0 76.5 77.5 78.7 80.3 78.0 78.3 77.6 79.2 76.6 77.0 75.5 74.8 70.9 72.3 66.7 70.2 73.0 72.9 73.0 73.0 75.4 72.3 65.9 64.3 63.9 60.8 63.2 53.9 52.6 54.0 61.3 58.8 59.7 59.0 58.5 56.2 58.7 57.2 57.3 56.9 56.1 55.6 56.6 60.0 59.0 60.1 61.0 62.2 62.3 64.0 63.2 64.7 64.7 66.7 65.0 67.6 65.8 67.9 68.7 64.9 63.3
77.4 79.0 80.8 77.8 77.4 79.1 76.5 76.6 75.6 74.6 73.4 74.1 72.5 74.1 76.4 77.8 77.0 77.7 78.5 76.8 77.1 74.6 76.5 78.6 79.1 77.2 77.9 78.8 79.3 76.8 79.0 76.6 79.5 78.2 73.7 72.5 71.1 66.8 72.7 74.4 74.1 74.2 77.5 77.4 73.6 70.1 66.8 65.1 62.3 64.4 56.4 54.5 59.9 63.2 59.3 59.8 58.4 56.6 60.3 58.6 57.4 56.3 56.2 55.3 56.0 54.6 58.1 57.9 61.5 61.9 62.4 64.4 65.6 63.1 66.4 65.1 66.3 65.9 67.0 66.5 68.0 66.8 66.7 64.1
77.4 78.0 78.6 77.9 78.7 78.1 76.7 75.1 75.4 74.5 72.7 72.9 70.5 74.1 74.5 78.2 78.9 77.4 75.5 76.3 75.0 75.9 72.1 77.7 76.9 77.7 79.3 79.1 79.4 77.5 79.3 77.0 79.9 77.8 73.3 73.4 70.6 69.1 72.1 75.0 75.1 76.0 79.5 77.8 76.1 73.1 69.6 66.1 66.3 66.2 57.3 56.9 60.5 63.6 60.1 61.4 59.8 56.6 56.7 58.3 59.3 57.4 58.7 55.0 56.9 54.4 57.7 58.5 62.1 62.8 62.8 65.0 63.1 64.6 67.1 64.9 64.5 64.6 63.1 67.2 66.5 63.4 66.3 62.4
78.3 79.0 79.2 78.0 77.1 77.4 76.1 73.1 73.9 73.2 68.8 72.4 71.0 74.2 75.1 78.5 76.2 77.0 76.0 75.1 74.4 76.3 75.8 78.1 79.2 78.1 81.6 78.1 80.1 79.3 79.5 78.1 78.7 77.1 71.8 73.3 71.1 69.4 74.1 74.6 74.6 76.1 79.6 76.9 76.3 75.4 68.7 67.2 67.9 68.6 57.4 56.7 61.4 63.1 60.6 60.2 55.6 56.0 57.5 57.4 59.7 56.6 55.1 55.6 58.0 57.1 57.9 60.4 63.3 62.7 63.3 64.2 63.5 65.8 63.9 65.4 68.1 66.1 64.7 67.7 67.0 66.4 64.7 63.7
79.3 80.8 77.9 79.6 78.9 75.8 76.0 75.2 75.5 73.1 66.9 73.0 74.3 74.2 77.9 78.0 77.2 76.7 75.6 74.8 77.2 76.3 77.5 78.5 78.9 77.5 77.6 78.2 78.6 79.1 76.8 78.8 79.0 77.6 74.1 73.8 71.1 69.7 75.6 72.8 73.5 75.5 80.6 79.2 75.4 76.5 72.8 69.9 68.9 68.3 60.6 58.5 61.5 61.9 61.6 57.0 58.3 56.1 57.7 58.2 59.4 59.0 57.7 56.5 57.0 57.6 58.9 61.1 63.4 62.6 63.9 64.5 64.0 66.0 65.2 66.2 64.3 66.8 67.3 65.0 67.4 65.6 67.3 65.1
77.3 78.3 75.8 76.9 76.9 74.8 76.2 69.9 73.7 72.4 69.5 73.3 73.3 76.1 74.5 76.7 75.6 77.2 75.6 78.0 74.6 77.1 78.3 78.1 78.2 77.3 81.1 79.9 77.0 78.3 79.1 79.1 76.5 78.4 71.9 71.4 68.1 69.6 74.0 73.6 74.8 74.5 77.0 78.7 76.9 75.3 74.3 73.8 72.1 68.6 63.6 64.7 63.5 62.7 59.0 55.2 56.8 57.5 58.4 59.5 61.0 61.6 59.4 60.2 58.8 58.3 62.0 61.4 65.2 61.1 62.1 64.7 63.4 67.6 65.9 66.3 65.8 67.3 64.4 67.2 68.9 65.6 63.8 67.5
77.0 77.2 76.8 75.8 78.1 75.3 74.5 74.0 74.6 72.0 70.7 73.4 73.9 76.2 74.1 76.8 75.6 76.8 75.5 75.9 77.3 78.1 75.2 78.8 77.4 78.1 77.7 81.2 77.2 79.8 80.2 77.8 77.1 77.7 73.6 72.1 71.0 69.9 74.0 74.3 74.5 74.7 76.8 78.3 77.3 76.9 77.3 74.2 72.3 68.9 66.8 67.4 63.0 63.5 61.4 56.9 55.7 59.6 59.7 63.1 63.6 63.6 62.2 60.9 60.0 59.3 61.4 62.0 64.9 62.3 63.9 65.1 67.1 66.2 66.5 67.0 65.4 66.9 65.7 67.7 68.3 67.2 65.3 67.6
76.9 76.7 78.5 75.2 76.6 75.7 73.6 75.7 72.4 71.0 71.8 73.6 73.2 77.4 74.2 77.4 77.2 77.4 75.4 75.1 76.6 78.6 76.6 79.6 74.0 78.1 77.8 79.7 76.2 80.5 80.2 76.3 79.9 77.4 73.2 72.8 71.0 69.3 75.8 74.4 77.0 75.9 75.9 77.3 76.3 77.7 80.8 75.6 72.7 69.5 70.4 69.4 65.8 67.4 61.6 59.4 58.7 61.3 61.8 70.3 69.3 65.8 63.7 61.9 62.1 61.2 61.5 63.3 63.5 62.6 65.5 66.1 67.6 66.5 66.5 67.5 66.6 66.7 67.6 67.1 67.6 68.2 65.1 67.1
75.5 77.8 76.9 74.8 75.2 76.0 72.1 72.2 73.1 69.7 74.6 74.2 74.7 77.1 75.7 77.1 76.4 78.4 76.5 75.3 75.2 77.7 78.0 79.0 76.7 78.1 79.4 78.9 78.6 80.2 80.4 77.0 78.4 78.4 71.9 73.1 73.5 70.1 75.1 74.8 76.6 78.5 77.1 78.0 76.2 79.1 78.3 75.2 72.9 71.9 76.1 73.5 70.1 71.2 66.3 61.8 62.4 64.2 67.9 68.9 66.8 67.2 64.3 64.3 62.8 63.4 63.9 64.8 64.1 63.8 63.8 66.2 67.5 66.9 67.0 67.5 66.0 67.8 66.5 66.3 66.4 66.2 68.0 64.8
75.7 77.4 76.0 74.4 76.2 75.2 80.0 70.9 72.5 70.5 74.1 75.4 76.9 76.7 75.7 76.1 75.8 76.5 75.8 76.2 76.4 79.2 76.1 77.9 79.0 77.3 78.8 79.2 82.3 78.9 79.0 75.6 79.5 79.4 74.9 73.5 72.9 70.9 73.9 74.0 74.4 76.8 76.3 79.0 80.7 78.6 77.8 77.5 71.8 73.4 72.1 75.7 71.3 73.3 70.5 64.9 63.1 69.8 72.5 69.5 70.3 69.1 65.6 66.3 66.2 66.1 65.9 65.5 68.0 65.6 66.0 66.5 66.8 67.2 67.3 67.5 67.2 68.3 66.5 67.1 66.8 67.9 69.6 64.9
78.8 76.8 76.3 74.7 74.8 73.4 72.3 70.5 71.9 72.6 74.2 74.9 74.3 76.9 77.4 76.8 74.2 75.1 73.6 76.3 74.9 79.6 77.3 79.6 77.7 77.3 77.9 78.4 76.4 80.4 80.9 75.6 79.2 78.6 75.6 73.2 73.3 72.6 75.6 72.6 75.9 77.7 79.7 77.3 72.8 79.4 77.7 76.0 70.9 73.6 70.4 77.3 74.6 73.5 73.9 70.2 69.9 73.5 72.6 71.9 71.9 69.4 68.8 69.4 69.6 68.2 66.8 68.1 66.1 65.5 67.2 67.1 67.3 67.2 66.9 67.9 66.7 67.3 65.9 69.0 65.0 69.7 67.1 67.7
77.8 75.5 77.4 75.1 74.2 73.2 71.6 70.7 70.6 74.1 74.5 76.2 76.7 73.7 76.4 76.5 76.0 74.7 76.4 76.4 76.6 79.1 74.1 81.3 77.5 78.1 77.2 77.8 78.7 80.8 78.5 77.1 79.3 77.8 76.5 74.2 72.1 73.8 76.5 73.0 76.3 79.0 77.2 78.1 76.7 76.9 76.1 75.8 73.8 72.1 72.8 77.8 76.6 75.1 71.1 72.3 70.6 75.8 71.9 74.1 73.7 68.8 71.7 74.2 73.8 72.2 69.4 69.0 66.4 65.5 67.5 67.7 68.4 66.9 67.8 68.7 69.4 67.8 67.2 69.5 66.8 70.8 66.9 69.2
76.2 72.7 77.5 76.8 74.8 73.2 72.5 70.4 72.6 74.4 77.7 76.2 74.8 74.6 74.1 77.6 73.3 76.4 75.7 76.6 77.3 78.0 78.7 75.5 77.9 78.2 76.5 78.0 81.7 77.2 77.3 74.2 79.0 79.2 75.9 74.7 73.7 73.2 75.4 75.9 77.1 80.1 80.1 78.5 75.3 78.2 79.6 76.9 72.5 72.7 72.3 78.5 75.3 77.3 72.1 73.4 79.5 78.3 78.9 76.4 75.1 68.8 71.7 76.6 75.5 75.7 71.9 70.3 70.1 68.2 68.6 68.7 74.2 68.0 65.4 69.6 68.5 67.5 68.8 68.6 68.1 71.7 70.1 68.9
74.9 74.6 73.2 78.1 72.5 71.4 75.3 70.4 73.4 74.5 76.2 73.1 75.4 74.4 77.6 77.0 72.4 78.0 74.5 79.1 76.8 78.9 79.2 78.5 76.9 78.2 77.2 78.0 76.5 77.5 79.0 75.6 79.0 78.3 73.9 75.8 73.5 74.6 79.5 76.1 77.8 79.6 79.8 77.1 77.0 79.5 76.6 76.5 73.3 73.9 74.3 77.8 77.5 78.9 73.9 73.0 77.3 80.5 78.8 76.3 78.3 69.9 72.6 78.6 75.4 75.4 74.6 72.0 70.2 68.5 67.8 69.0 68.4 68.0 66.9 69.1 68.0 68.1 68.3 70.2 67.9 70.7 64.8 67.7
75.7 74.7 72.7 74.8 72.5 71.8 73.0 71.7 73.7 73.4 77.7 75.6 75.8 73.7 74.4 76.6 73.8 74.0 75.8 79.3 75.9 78.4 77.5 78.7 77.6 78.7 83.5 77.9 76.7 79.1 78.6 76.8 81.1 77.4 76.4 76.2 73.7 74.4 73.8 75.6 77.0 79.7 76.4 78.6 78.5 79.5 75.5 78.1 73.6 75.4 73.1 78.1 78.0 76.6 73.0 74.0 83.0 80.0 80.0 77.9 78.0 70.9 76.8 77.8 78.0 75.5 76.1 73.0 71.0 70.6 67.5 69.4 70.0 68.2 68.5 69.0 68.2 68.7 65.8 70.3 64.4 70.5 70.2 69.5
73.5 73.7 75.2 74.3 72.3 72.1 72.9 72.1 73.1 75.0 76.4 74.8 75.2 75.6 73.6 75.8 76.4 73.9 77.5 77.6 77.1 78.3 77.0 77.6 77.9 79.5 76.3 77.7 78.2 79.5 78.4 76.9 79.6 77.8 78.3 77.7 75.2 74.9 78.8 75.8 79.1 78.2 79.7 80.0 77.7 77.8 79.1 76.6 75.3 75.8 73.6 78.5 76.9 77.1 78.7 74.1 80.3 78.8 78.8 77.8 77.4 72.2 72.3 76.5 78.0 76.5 75.6 74.3 74.0 71.7 69.9 68.4 69.9 69.1 70.3 69.2 68.3 70.0 67.6 71.0 68.6 68.6 68.6 69.0
72.6 72.2 73.3 73.9 72.6 70.7 70.9 73.2 73.6 75.4 76.6 76.0 76.7 75.5 74.3 75.5 75.5 76.2 77.0 78.6 77.4 78.6 76.9 77.5 77.7 78.4 76.9 76.8 80.7 78.2 79.7 77.1 78.7 77.2 78.4 78.2 78.5 78.5 77.1 76.1 81.4 77.6 77.6 80.2 76.5 77.9 73.6 76.2 74.6 75.4 73.3 80.2 75.9 77.8 76.8 76.5 80.6 79.2 78.0 76.9 74.6 73.4 76.9 76.5 79.6 78.1 76.4 75.7 76.7 72.8 70.8 68.4 70.2 70.0 67.3 70.8 67.7 71.3 70.8 71.8 67.6 68.4 67.9 69.0
73.3 71.0 72.9 73.3 73.7 70.7 74.6 75.2 73.9 75.5 76.9 75.6 74.9 75.5 75.0 77.0 76.4 76.4 75.2 77.4 78.0 78.3 76.5 77.5 78.1 78.1 79.4 77.3 78.8 76.2 77.2 77.5 77.6 77.8 78.1 77.8 77.7 77.5 76.6 77.2 79.2 78.9 77.9 80.5 78.6 78.4 78.4 74.2 76.9 76.5 80.9 78.7 77.5 78.4 76.0 75.9 80.4 80.1 78.6 76.8 77.6 73.4 78.3 77.2 77.3 77.1 75.7 75.8 75.1 73.3 69.0 70.8 72.6 70.6 68.2 70.6 69.6 70.6 68.5 72.3 71.9 68.9 69.8 69.7
74.4 69.4 75.4 73.0 71.7 72.6 73.9 74.8 76.0 77.3 74.8 74.6 75.1 75.3 73.7 74.3 75.2 78.6 77.9 77.1 79.0 77.6 76.2 76.8 78.4 77.5 77.6 77.2 81.1 77.2 77.1 78.9 79.7 77.8 77.7 79.0 77.4 77.1 77.2 77.5 82.7 78.8 79.3 80.2 79.2 78.2 79.5 77.2 76.0 76.6 76.0 78.4 77.1 78.8 76.9 74.8 80.7 78.2 73.3 76.6 76.4 75.7 76.9 77.6 79.2 77.3 76.4 75.2 75.4 72.5 72.6 72.9 72.7 71.0 70.5 72.3 70.8 70.7 71.1 70.5 72.8 71.5 69.4 70.3
72.8 68.9 71.6 71.6 73.8 74.7 75.6 75.2 75.0 75.7 75.2 75.6 76.0 74.6 77.8 76.2 76.7 79.4 78.0 77.2 76.5 77.8 76.7 77.3 79.3 77.3 77.5 76.4 80.1 75.8 75.5 79.8 75.6 78.5 78.6 78.9 76.5 76.1 76.0 77.9 81.3 79.6 79.5 80.3 79.2 79.5 78.5 77.2 77.9 74.8 80.8 78.6 76.8 78.1 77.9 76.4 77.9 77.4 78.5 76.8 76.0 77.1 76.7 77.8 76.7 76.0 75.7 76.5 77.4 74.0 73.9 74.6 70.3 71.9 73.2 74.2 70.4 71.5 74.7 69.2 73.5 71.7 69.7 71.6
71.0 70.3 71.0 69.8 74.6 74.7 75.3 73.6 75.6 74.5 75.5 75.5 77.0 75.4 74.5 78.7 76.7 79.1 77.7 77.2 76.2 76.6 77.0 78.0 78.3 77.3 77.3 75.4 82.2 74.2 78.6 78.4 79.2 77.3 82.5 77.0 78.4 77.1 75.9 79.2 82.3 80.2 81.6 81.5 78.4 77.3 76.2 77.0 76.0 74.1 76.5 79.1 75.3 78.0 74.3 78.4 79.6 79.0 79.4 77.1 73.2 75.9 76.8 77.9 76.6 75.2 75.0 76.0 76.5 76.2 76.2 73.7 73.9 72.5 73.2 73.2 69.5 72.6 72.7 71.7 74.9 71.8 72.1 72.7
69.2 69.6 71.5 72.8 74.7 73.7 74.1 74.2 74.0 75.0 79.2 76.1 76.9 75.0 75.9 75.2 77.2 77.9 76.5 76.8 76.8 76.4 75.4 78.5 80.4 77.4 77.9 76.8 78.3 77.1 78.6 78.0 79.1 76.5 81.2 78.1 79.2 78.7 75.1 78.8 82.2 81.2 81.7 78.6 79.9 76.8 79.1 75.5 75.8 77.1 76.4 77.9 78.7 76.7 74.9 80.0 84.5 78.9 79.1 76.9 71.3 76.0 75.0 77.6 77.5 73.9 73.4 73.2 72.4 73.7 74.3 74.6 76.7 72.1 71.4 72.3 72.5 73.9 72.1 75.2 74.6 71.5 72.1 73.4
70.1 65.0 69.2 74.6 76.4 75.0 74.7 73.9 75.2 75.9 75.9 76.3 78.9 73.5 74.5 74.2 78.5 75.9 77.0 75.7 76.8 77.3 75.5 76.9 78.6 77.5 78.8 79.5 77.3 78.5 80.4 77.8 78.1 77.0 76.0 77.4 77.9 79.5 77.6 79.3 81.6 81.5 78.7 78.4 78.9 76.7 78.2 76.8 77.0 78.1 79.1 76.8 76.8 77.6 76.7 77.8 77.7 79.1 79.9 76.1 75.8 76.0 76.1 75.6 76.7 73.1 72.1 69.8 70.0 71.6 75.4 74.8 76.1 74.2 73.7 75.1 76.2 74.2 72.9 75.5 73.6 72.1 73.0 73.9
67.7 69.2 70.5 75.9 74.3 73.5 78.0 73.7 74.6 76.0 74.3 75.4 73.9 74.3 73.7 76.0 78.1 77.8 74.8 74.5 77.4 76.4 76.9 76.4 77.0 77.5 76.0 77.7 75.4 80.8 79.5 78.9 78.0 76.5 78.6 77.5 78.2 77.9 80.8 80.1 82.1 80.3 78.7 78.1 78.7 77.5 76.9 77.4 76.0 78.8 78.7 78.2 77.8 79.3 78.0 76.8 81.0 78.3 78.9 75.5 77.8 75.4 76.8 79.3 76.3 71.1 71.9 70.4 70.3 70.1 74.7 73.8 75.9 73.6 74.6 74.9 74.1 74.4 76.4 74.8 73.9 72.8 74.2 74.2
69.1 70.5 73.7 74.4 75.1 75.0 75.6 73.7 73.8 74.4 75.1 74.1 77.1 75.9 73.0 76.2 77.0 78.0 77.5 76.2 79.5 76.5 76.2 77.3 76.9 77.8 78.7 76.6 78.4 78.2 78.2 78.7 78.0 77.1 78.8 77.2 78.3 78.3 80.7 81.3 81.8 80.1 78.2 78.1 77.8 78.2 77.7 77.8 76.5 78.9 78.8 79.0 78.6 79.0 76.1 77.3 80.1 78.8 78.4 75.4 77.9 75.1 76.4 79.4 74.6 69.5 71.0 71.1 71.4 68.8 70.1 73.9 76.4 74.2 73.2 74.7 75.7 75.4 71.2 74.8 74.0 73.5 74.2 74.1
67.6 71.4 76.3 74.2 75.5 75.5 72.4 72.9 74.4 74.1 75.0 74.4 76.0 76.0 75.1 76.7 76.9 77.6 76.3 77.2 76.2 76.4 76.8 77.9 79.9 78.6 79.8 75.8 77.1 77.5 78.2 77.6 76.9 78.3 78.4 76.3 76.9 78.5 80.1 82.9 80.2 81.4 77.5 78.2 78.7 79.0 77.4 77.4 78.1 78.4 81.0 79.2 77.9 79.0 77.4 77.4 80.3 79.2 76.6 73.8 76.7 77.9 75.5 76.9 74.6 71.3 74.7 71.9 72.8 69.0 70.7 72.5 76.4 75.0 74.7 74.8 75.2 76.3 73.5 76.6 74.6 76.0 73.3 73.8
