surveys/_q20_1/matrix_q20_1s5.txt
north:            -537.50
south:           -1247.50
east:             2697.00
west:              -93.00
rows:                 144
cols:                 279
null:              -999.0
[rows 38 to 75 of 144, columns 0 to 83 of 279]
74.1 72.6 73.4 72.3 71.3 68.6 67.2 66.0 66.4 65.2 64.9 68.0 67.3 69.5 69.7 70.5 72.2 71.7 72.1 71.5 73.2 74.2 72.3 72.6 72.8 71.0 71.7 75.8 75.3 74.2 76.1 74.0 74.8 73.5 74.4 76.4 75.1 78.9 77.2 76.8 78.3 76.4 79.2 79.2 80.2 76.3 75.1 74.1 75.0 76.0 72.6 74.7 77.4 76.7 76.3 76.7 73.8 76.9 78.0 77.5 78.9 79.2 75.9 77.5 79.7 80.1 78.8 77.8 79.8 80.2 78.3 79.0 77.9 80.5 85.1 83.9 83.7 82.9 81.5 82.9 82.3 81.9 79.5 75.8
76.1 73.4 72.2 72.4 70.7 71.2 68.2 66.9 66.8 67.0 66.6 69.0 68.5 68.9 71.2 70.4 71.2 72.2 71.8 72.7 71.0 75.3 70.9 71.0 70.8 71.7 73.9 75.5 74.0 73.7 74.9 73.0 75.0 73.8 75.6 76.8 75.6 76.9 72.1 76.0 78.9 75.5 79.5 80.8 75.2 78.0 74.2 72.8 78.3 76.7 76.9 76.4 79.1 76.3 76.1 79.5 76.2 77.4 76.9 78.1 76.9 78.6 77.0 77.9 77.5 78.5 78.3 79.4 81.0 78.4 77.9 79.2 80.1 80.0 79.5 84.6 86.1 83.0 81.5 83.5 83.2 81.9 79.3 77.1
76.3 74.5 72.2 71.9 72.6 70.4 69.5 67.7 67.0 66.8 67.4 69.5 70.8 68.8 71.5 70.4 71.9 72.4 73.7 73.3 73.2 70.5 70.1 72.0 71.7 71.4 74.4 74.2 74.9 74.7 76.3 72.9 74.7 73.2 73.8 77.2 76.1 77.0 77.6 77.5 78.5 75.2 78.2 80.7 78.2 77.3 78.9 75.1 77.4 75.5 77.4 77.2 76.5 76.9 78.5 78.5 72.6 79.2 77.7 78.1 76.9 78.6 77.7 79.7 84.4 77.7 79.6 79.6 80.7 79.7 79.1 79.6 79.6 80.1 81.0 83.7 83.8 86.4 81.7 83.3 83.7 81.6 79.8 77.0
75.4 74.8 72.1 70.6 74.6 71.1 69.6 67.4 66.6 68.9 67.6 65.7 65.3 68.2 70.0 71.6 73.5 72.2 74.2 73.0 74.2 72.5 69.0 71.3 71.0 72.7 73.1 74.9 73.9 74.3 73.9 74.1 73.4 72.2 75.5 74.7 76.7 77.0 76.9 76.2 80.3 77.8 78.6 79.5 75.5 77.2 78.1 78.1 77.5 76.2 75.8 77.5 77.0 76.6 77.3 77.3 79.0 79.1 78.8 77.9 77.1 78.7 78.8 77.9 79.5 79.4 78.0 78.3 80.3 79.2 83.3 79.5 77.3 79.3 82.2 82.2 82.9 85.2 82.9 83.1 78.0 80.5 78.9 79.0
75.7 73.1 69.7 68.3 70.5 70.4 67.9 68.5 68.4 68.5 65.9 69.0 68.7 68.5 71.2 71.8 71.0 73.1 74.0 71.9 70.7 70.5 70.0 71.5 72.6 71.5 76.4 73.4 74.5 73.6 73.2 72.3 75.5 73.4 72.9 77.7 75.6 77.0 80.3 78.2 78.1 77.4 77.6 78.6 75.5 75.4 76.0 78.7 80.0 75.8 77.8 77.7 77.9 75.9 78.4 77.8 77.2 76.5 78.5 78.1 78.3 78.7 79.3 77.9 81.3 78.5 79.0 79.4 81.7 79.1 78.5 80.4 76.7 78.9 80.3 81.4 82.2 85.8 79.7 83.6 83.3 82.0 80.3 77.0
69.7 69.9 68.7 67.3 65.9 67.8 68.7 68.6 66.8 67.6 64.9 68.9 67.7 69.1 70.9 70.9 71.6 71.0 73.4 73.1 72.9 70.2 69.1 71.3 70.5 71.3 72.9 73.1 73.0 72.7 75.5 71.4 69.9 73.5 75.3 70.1 73.8 77.0 77.5 78.1 78.0 78.1 77.9 78.7 78.7 79.1 79.1 76.8 76.5 75.4 77.9 76.9 78.8 75.6 78.0 77.5 77.3 78.5 77.0 78.2 75.7 78.5 79.3 78.8 80.9 77.4 79.3 79.3 78.5 78.7 79.3 78.7 78.1 79.6 79.3 83.0 85.9 85.4 81.1 83.5 80.9 81.1 79.5 77.7
62.9 66.0 65.3 65.6 64.1 64.2 67.1 66.7 67.8 68.1 68.9 68.5 68.5 69.0 71.1 70.1 70.2 70.9 70.4 72.0 71.5 69.1 68.2 70.2 71.0 70.8 74.9 71.9 73.0 73.1 74.5 73.9 74.9 74.9 75.7 75.2 76.6 76.7 78.7 77.6 78.3 78.3 78.9 80.0 80.4 79.8 84.6 78.0 75.3 75.3 77.3 76.4 80.8 77.4 79.7 76.2 77.5 78.2 78.4 79.0 77.4 79.3 78.7 79.9 78.6 76.2 79.8 78.9 79.7 79.0 77.1 78.4 79.6 78.4 81.7 83.5 83.6 83.5 83.0 83.1 81.4 80.7 82.2 78.9
64.3 65.5 63.3 62.9 61.6 63.4 64.9 64.8 67.0 67.6 66.1 66.2 67.7 68.7 72.2 70.2 71.6 70.9 71.7 71.2 68.6 67.9 67.4 70.3 72.1 70.7 73.3 72.2 74.6 71.5 74.0 72.5 74.9 74.4 75.0 76.1 77.8 76.7 79.3 76.3 77.2 77.6 79.8 80.6 78.6 80.5 77.5 79.2 79.4 78.6 78.7 77.5 78.9 79.1 79.2 74.9 79.1 78.7 79.9 79.6 77.6 79.5 79.7 79.8 81.4 79.1 79.8 80.0 77.3 78.4 79.3 78.1 77.1 77.8 81.6 82.6 84.0 84.4 81.7 82.5 80.4 80.7 82.3 77.9
65.7 65.2 64.9 66.0 62.3 60.7 61.4 62.8 62.5 66.0 64.1 66.1 67.6 66.4 70.9 69.8 69.5 70.0 70.2 69.7 70.1 68.4 69.0 69.3 72.1 72.5 73.1 72.4 71.1 70.4 74.5 74.3 70.8 73.6 74.7 75.4 75.4 76.3 77.6 76.6 78.3 77.4 80.6 79.0 79.8 80.5 77.5 80.2 72.0 78.2 78.8 78.7 79.9 76.9 80.2 77.6 79.8 79.2 77.9 77.1 78.7 78.1 83.6 80.6 79.8 78.8 78.0 79.5 77.6 78.4 80.1 77.4 76.8 79.3 81.3 82.6 86.1 84.2 82.1 83.7 79.7 80.9 80.1 79.2
66.5 66.4 64.4 62.7 61.3 59.3 59.9 60.3 61.0 62.7 63.0 66.1 65.8 64.9 68.9 67.9 68.3 68.6 69.6 67.9 69.0 68.3 69.6 68.4 73.4 71.6 72.2 72.0 72.7 71.0 73.1 73.0 76.6 71.2 75.6 74.4 77.0 76.0 77.4 78.3 79.0 78.9 76.4 79.0 78.8 80.3 79.9 78.6 77.0 78.2 76.8 79.1 79.3 80.5 79.3 79.0 77.3 79.6 78.4 79.2 78.7 79.1 79.5 82.0 78.2 78.5 76.1 78.7 79.2 79.3 77.2 77.9 78.0 80.0 80.1 81.9 84.7 84.9 83.6 84.1 79.9 79.6 82.0 79.6
70.0 63.0 67.4 63.9 62.7 59.4 59.7 57.5 58.2 58.6 62.7 63.3 63.8 64.0 67.4 67.0 67.1 67.5 68.6 68.7 67.1 68.4 69.4 66.7 69.4 71.2 71.6 72.4 72.8 72.5 71.5 75.2 74.4 72.9 74.9 75.1 77.1 73.2 77.1 78.1 77.1 78.1 80.1 78.4 79.3 80.6 79.5 78.9 80.1 76.6 79.4 79.0 79.5 80.5 79.4 78.8 79.3 78.6 77.3 78.5 78.6 79.8 80.4 80.8 72.4 78.7 81.1 80.6 79.3 79.2 80.2 78.2 77.6 79.5 81.0 83.3 84.6 85.0 84.2 83.5 80.3 79.1 82.1 79.2
72.6 71.0 70.4 65.3 65.3 60.3 58.2 58.8 56.9 56.5 60.6 60.3 63.0 61.3 65.8 66.6 65.9 67.6 68.6 67.2 68.6 69.5 70.0 68.9 69.8 70.4 71.6 71.2 71.6 70.9 69.9 72.7 74.5 75.0 74.9 77.1 76.9 76.8 80.3 77.8 77.7 78.5 80.3 78.9 79.1 81.1 80.2 79.5 79.7 78.7 83.6 78.9 79.2 79.1 79.5 78.5 78.4 79.1 76.8 78.8 79.2 80.5 80.1 79.4 81.1 80.2 77.3 81.6 77.8 78.8 79.6 77.6 77.3 79.5 81.4 80.9 84.9 84.8 83.7 82.9 79.1 79.9 79.9 78.6
73.5 73.0 66.7 66.6 65.5 61.0 60.0 57.8 56.5 55.2 54.8 57.8 56.9 59.3 60.4 63.5 65.5 65.9 66.7 67.2 68.3 70.3 65.8 68.9 71.0 70.4 70.3 70.6 70.8 70.7 74.8 71.4 72.9 74.3 75.8 77.4 77.1 77.0 78.2 77.3 78.8 78.1 77.8 79.3 76.3 80.4 79.5 81.1 82.8 79.3 78.6 78.8 82.8 80.6 81.4 77.8 79.4 79.5 78.4 79.8 78.8 80.2 81.8 80.2 78.8 80.6 79.7 78.8 78.9 78.8 77.5 77.7 79.6 81.0 80.1 78.6 83.5 84.5 83.2 83.4 79.9 79.5 84.8 78.9
73.1 70.6 68.1 68.9 66.7 63.9 62.1 58.5 54.5 49.5 54.2 55.5 58.2 58.2 60.9 62.7 61.7 64.0 68.1 67.0 67.7 69.8 69.5 69.8 70.5 70.5 73.5 71.1 71.8 71.6 72.0 73.0 75.4 75.9 75.3 75.6 77.4 76.2 77.9 76.5 77.4 78.2 80.7 79.9 80.1 77.9 79.6 82.1 82.4 79.1 81.5 79.3 79.5 80.7 83.8 79.5 78.5 80.0 76.7 80.4 81.3 79.6 80.7 80.1 78.0 80.1 80.9 78.2 80.0 77.0 79.6 80.3 78.1 80.5 79.4 78.2 83.1 84.6 82.8 83.6 79.3 79.9 81.4 77.1
75.5 69.3 71.0 72.4 69.8 63.4 65.3 60.6 58.4 56.2 52.6 55.1 54.7 55.4 58.5 61.7 61.3 65.3 64.8 66.6 67.7 70.9 68.1 68.7 69.6 70.1 69.8 71.7 72.8 71.2 73.2 74.2 77.5 77.3 76.0 76.2 78.8 76.1 77.2 77.7 76.7 77.7 78.7 80.0 79.3 82.3 80.2 82.1 78.1 80.4 79.8 79.9 77.5 80.0 78.0 79.7 78.9 81.2 79.7 81.0 78.0 80.8 78.7 79.8 79.0 80.6 78.8 78.2 78.0 78.7 81.5 79.6 78.3 78.1 83.8 79.4 81.6 84.8 84.1 83.2 79.7 79.6 81.8 76.0
78.4 71.6 65.6 71.0 73.2 65.1 63.6 62.2 61.4 58.4 55.0 55.4 54.4 54.1 55.9 60.1 62.2 63.1 60.8 67.0 66.5 67.6 65.5 68.7 70.2 71.4 70.5 72.7 70.2 71.5 71.1 73.6 75.5 74.8 77.0 76.8 72.6 77.0 77.3 77.9 78.0 77.5 81.2 82.1 78.0 81.5 75.7 82.5 81.2 81.1 82.3 80.4 81.4 80.0 81.4 79.8 77.0 80.3 80.4 80.2 78.3 81.2 78.8 78.2 79.9 78.5 77.9 79.0 78.3 77.7 75.4 78.6 79.9 77.7 81.5 81.8 83.0 83.5 82.3 81.2 80.1 79.3 81.1 77.8
81.6 74.1 68.5 71.3 73.8 68.4 61.9 63.0 61.1 60.2 55.5 57.2 54.8 54.7 56.8 59.4 59.8 61.9 65.1 65.1 66.8 67.7 67.6 68.8 68.3 70.4 70.2 71.3 70.9 72.0 73.2 72.6 75.6 74.9 74.4 76.8 79.8 78.0 77.2 77.2 77.2 78.0 80.5 80.0 79.7 80.6 80.7 82.2 82.5 81.4 80.7 79.8 81.7 80.6 82.2 80.0 80.5 80.4 79.1 80.9 81.4 80.9 79.4 79.7 82.1 78.4 78.9 79.5 78.1 78.2 78.1 78.3 79.0 77.9 80.2 80.4 82.1 84.1 83.5 81.6 82.3 79.4 79.9 77.8
79.9 74.0 69.6 72.3 75.3 69.6 63.6 63.2 62.4 61.5 60.5 59.4 57.7 56.4 57.6 59.1 60.7 61.3 64.3 66.7 67.9 68.1 68.6 69.6 68.7 67.4 71.3 71.1 71.0 72.5 73.0 72.2 76.2 74.9 76.1 77.5 76.7 78.8 77.5 77.0 77.7 78.4 87.7 79.3 79.9 81.7 80.0 81.3 80.0 80.6 80.1 80.1 82.7 80.6 81.5 80.7 79.3 81.2 79.5 78.8 80.3 82.3 75.0 78.9 80.7 79.0 79.4 79.3 80.6 79.1 77.2 78.1 78.6 78.3 77.5 79.8 81.8 84.5 81.5 81.7 81.1 79.7 78.3 77.5
80.0 74.1 70.2 73.4 74.2 71.3 65.7 63.6 62.2 61.5 61.4 61.7 54.9 56.6 57.9 59.7 61.1 62.3 63.8 67.8 65.1 69.0 66.7 68.0 71.7 71.4 71.1 71.5 72.1 71.6 73.4 71.6 74.5 75.6 76.1 77.7 76.6 78.3 78.5 77.3 80.1 78.3 79.3 80.5 78.3 81.0 79.6 80.8 79.7 80.7 81.1 80.8 83.0 80.5 81.1 83.0 78.7 81.3 80.8 80.1 81.3 82.7 79.8 79.6 81.0 80.7 77.7 78.0 80.9 79.7 77.8 77.7 79.2 77.7 76.8 80.2 81.5 84.9 80.7 82.1 80.9 79.8 79.5 77.4
80.3 73.4 70.5 74.4 76.4 71.5 64.9 65.9 63.2 61.5 59.9 65.7 60.0 59.0 56.9 60.4 63.0 60.6 65.0 67.1 65.8 68.0 68.0 65.9 68.4 68.9 70.6 71.2 72.3 72.6 73.9 71.7 74.5 76.7 74.5 76.7 75.0 77.7 75.7 77.5 79.2 78.1 79.7 79.6 79.1 81.5 80.6 79.2 82.1 82.3 83.0 81.2 82.4 81.7 82.2 83.9 80.4 81.6 82.4 80.5 80.8 81.0 81.6 80.4 84.2 80.2 78.3 79.2 79.9 79.2 78.4 73.8 79.8 77.6 76.7 79.4 81.0 85.2 79.8 82.4 80.4 79.5 75.2 77.3
76.8 72.3 69.0 75.4 77.0 70.5 66.7 68.7 68.4 64.4 64.8 67.7 63.2 62.6 66.0 59.8 62.3 62.7 63.9 65.6 66.9 68.1 65.9 68.4 68.7 68.5 70.9 71.5 69.7 72.9 74.0 73.6 75.8 75.6 76.8 77.7 80.8 76.2 78.2 78.5 79.7 79.4 79.2 79.0 80.4 81.7 82.2 81.6 80.5 85.8 83.9 81.6 84.7 83.0 83.7 82.5 80.2 81.7 84.0 79.5 80.0 80.1 81.8 80.7 80.6 79.1 81.2 79.6 78.4 79.0 77.9 77.4 79.0 76.8 78.6 77.7 79.0 83.8 81.2 83.2 81.2 79.5 76.9 75.4
77.2 70.8 70.6 77.1 75.5 70.3 70.5 70.5 69.4 69.2 68.3 68.3 66.1 65.1 64.0 64.6 64.4 63.5 66.1 64.2 66.8 68.1 67.2 69.9 68.8 70.3 70.1 73.2 72.2 72.5 74.5 74.2 77.0 75.2 76.6 78.0 78.4 77.9 77.3 77.8 78.5 79.1 79.7 79.2 73.4 81.3 81.4 81.7 82.4 83.2 83.0 81.9 84.1 80.5 82.0 80.4 78.9 81.7 82.2 80.6 81.1 84.2 81.5 79.2 79.4 79.0 73.1 79.2 79.6 79.3 79.4 78.3 79.4 77.3 77.2 79.9 79.1 83.2 81.1 82.4 78.5 78.9 77.0 75.5
72.4 71.5 70.7 78.3 80.6 70.9 71.0 74.2 73.8 74.3 69.3 71.8 70.3 68.0 65.7 65.2 63.3 64.9 65.0 64.4 65.5 68.3 67.8 71.2 70.6 70.7 71.9 71.1 72.1 73.4 75.4 74.3 74.3 74.5 75.8 77.7 78.4 78.7 80.3 78.3 80.1 78.7 81.7 80.8 81.5 79.8 82.3 81.6 80.3 81.1 81.4 82.2 83.7 81.4 80.6 84.2 80.4 81.5 81.2 79.7 80.0 82.2 82.6 79.7 81.1 78.7 79.8 79.2 83.0 78.4 78.3 78.7 81.3 78.4 74.6 79.4 78.4 82.5 81.1 82.8 78.4 77.3 74.6 75.5
73.7 70.9 72.2 78.3 76.4 71.3 74.5 77.1 76.8 77.1 75.2 77.9 71.9 70.4 67.1 66.4 66.7 65.3 64.4 65.5 65.1 65.2 68.1 72.2 70.1 70.6 72.7 70.6 71.6 74.6 73.5 74.3 75.0 74.8 78.1 76.9 77.6 78.1 78.7 80.1 79.2 78.5 79.9 81.7 81.3 81.6 80.2 82.7 82.0 81.3 81.6 82.5 80.5 82.1 83.9 83.1 81.1 81.9 81.5 80.8 80.6 82.4 80.5 80.4 80.7 78.0 78.0 78.9 79.6 78.3 76.8 77.1 76.9 79.6 77.7 79.2 75.8 82.9 79.5 81.6 79.3 76.4 77.7 76.3
76.1 68.4 74.2 79.1 73.9 70.2 75.1 76.8 77.2 79.6 79.3 79.5 77.2 73.4 72.3 67.2 68.8 66.7 65.2 65.6 66.3 67.9 65.2 71.2 69.9 71.0 72.2 71.2 73.0 74.8 75.8 75.8 77.6 76.1 77.0 78.0 76.2 78.0 77.6 82.0 76.9 78.2 82.6 80.7 80.9 81.1 82.0 81.8 83.2 81.0 81.8 81.2 80.8 82.1 83.8 81.7 80.8 83.5 82.0 81.4 80.4 81.9 81.0 80.7 83.0 77.7 78.8 78.4 78.8 78.0 80.7 78.0 78.3 78.5 74.9 78.9 78.5 81.9 78.9 80.9 79.7 76.2 77.0 77.0
75.2 68.7 75.5 75.2 73.6 68.4 76.4 76.4 77.8 81.1 80.9 82.0 81.3 76.0 73.6 71.3 71.0 68.1 66.7 66.6 68.0 69.2 70.5 70.3 72.9 70.6 71.8 73.5 73.9 74.9 75.5 76.1 75.0 76.2 76.3 78.2 77.5 78.2 78.9 78.6 79.6 78.5 79.5 82.3 80.7 80.5 81.8 82.6 81.4 82.6 80.8 81.3 82.3 82.5 83.5 81.4 81.1 82.9 80.9 82.7 83.1 80.2 82.1 82.3 83.4 80.4 80.1 78.4 78.3 77.7 76.9 78.2 77.9 76.2 79.2 78.5 78.4 81.3 79.8 79.9 78.4 78.2 78.6 76.6
74.9 69.1 74.0 73.8 69.6 68.4 78.3 76.5 80.4 81.2 82.9 82.4 81.7 77.7 75.6 73.0 71.6 70.5 68.1 69.7 67.1 69.4 68.9 69.6 65.9 70.6 72.9 73.4 71.6 72.9 73.6 75.9 75.6 76.1 76.6 76.4 78.4 78.9 79.8 78.8 78.2 79.9 80.6 82.7 81.5 80.1 82.9 82.8 82.0 81.6 82.3 81.1 85.8 82.3 84.6 82.3 83.3 84.8 84.8 82.2 80.1 81.0 78.8 82.9 80.0 78.3 77.4 78.7 78.4 77.5 79.7 77.4 77.0 75.9 79.3 77.1 80.2 80.5 79.9 80.5 77.3 77.2 78.9 77.3
78.0 69.7 76.4 72.5 71.1 73.9 77.6 77.2 80.2 82.4 81.4 81.6 80.9 78.8 77.8 73.1 74.1 71.3 71.2 71.4 66.9 69.5 71.0 69.6 71.7 71.0 71.6 73.4 74.3 75.7 75.8 75.7 76.8 75.3 77.6 76.2 78.7 77.5 78.9 79.4 80.1 79.8 80.9 80.4 81.3 80.7 81.8 82.0 79.4 81.5 83.6 81.6 81.9 83.6 85.5 81.9 82.4 84.0 80.2 83.1 82.5 81.6 82.2 82.7 81.4 78.4 77.9 76.9 80.0 77.0 78.8 78.1 76.5 75.9 79.9 77.3 76.0 79.3 80.8 80.6 77.1 76.7 77.0 76.8
75.7 72.5 73.2 70.9 72.0 73.8 77.0 79.2 83.0 82.6 81.6 82.7 80.8 79.4 75.0 73.6 72.9 72.7 72.1 71.3 69.6 70.2 71.0 69.2 71.1 71.8 72.1 73.5 74.7 74.3 75.4 75.9 75.5 76.2 76.2 76.7 79.8 77.9 79.9 79.5 75.6 80.1 79.0 80.1 79.8 81.0 80.0 80.9 81.0 81.1 81.3 83.3 85.3 84.1 84.3 82.7 83.2 83.3 84.3 84.0 81.8 81.3 81.4 81.0 83.6 78.4 78.3 78.3 77.8 77.1 78.1 78.2 76.7 76.6 78.0 77.6 75.7 78.0 80.7 79.8 76.2 78.0 76.9 75.4
75.9 75.2 72.1 70.2 72.0 74.5 81.7 82.2 79.1 82.1 83.3 82.0 81.0 76.3 75.9 75.4 76.8 73.5 71.8 71.7 73.1 71.8 69.9 71.0 71.7 71.6 73.9 74.3 76.1 75.1 76.9 75.7 76.7 78.5 80.0 77.1 80.2 78.6 81.3 80.0 77.7 79.1 81.3 80.5 80.0 80.6 80.5 81.4 82.5 81.4 84.4 82.8 83.1 82.9 82.9 83.7 81.8 81.8 80.6 83.9 80.7 81.2 81.8 80.9 81.7 78.6 76.8 78.9 78.1 77.6 79.1 78.0 77.0 77.1 76.0 77.6 76.8 77.0 81.2 78.6 79.5 78.1 77.5 73.8
76.3 76.5 71.7 71.3 78.0 76.8 78.5 82.8 81.7 82.6 82.0 80.2 78.9 74.2 75.0 75.1 77.0 74.6 75.1 73.7 70.9 72.0 71.7 70.8 72.8 72.1 71.8 74.0 76.5 75.3 74.9 76.5 77.3 78.2 77.7 76.7 77.4 77.2 79.9 80.7 80.7 78.1 80.0 79.0 85.7 81.1 80.8 82.0 81.7 81.0 81.2 82.8 84.6 82.3 85.0 84.0 82.6 82.9 84.6 83.1 81.6 81.2 81.3 81.2 80.3 78.7 85.1 77.2 78.6 77.6 76.6 77.6 75.9 77.4 75.9 76.3 75.1 76.9 80.8 78.8 76.7 77.9 71.9 72.8
75.6 76.7 71.0 75.2 79.5 76.8 80.6 82.2 82.3 82.0 80.6 77.4 75.7 73.8 75.3 72.7 75.6 75.8 75.3 74.7 71.5 72.0 71.7 71.2 73.2 73.2 72.4 74.3 75.5 76.0 77.2 76.5 76.5 77.4 77.1 76.4 81.3 77.0 78.9 78.9 79.9 80.5 80.6 79.9 80.4 82.1 82.6 82.6 80.7 81.1 80.4 82.5 82.3 82.6 85.2 84.3 83.4 81.3 82.5 83.0 83.3 82.1 80.7 81.3 82.3 79.6 80.1 77.7 81.0 76.1 76.0 77.4 74.0 77.0 74.1 74.6 75.4 75.5 79.9 78.2 75.2 78.0 72.9 71.8
73.6 78.0 72.7 79.0 81.6 77.5 80.8 82.8 84.5 82.4 78.4 77.2 74.7 75.1 74.2 72.2 78.1 74.9 75.5 75.7 73.5 73.8 71.6 71.9 73.3 73.2 72.7 74.4 77.1 76.3 77.8 75.5 78.2 77.8 81.2 77.0 78.8 78.5 79.3 78.3 78.6 80.6 85.4 81.3 80.2 81.3 78.8 82.9 81.0 82.4 82.4 82.0 83.1 82.7 85.6 84.4 82.3 81.6 83.0 82.7 81.5 82.7 80.1 81.4 80.0 80.0 80.3 78.1 82.0 76.5 77.9 77.1 75.1 73.8 70.2 75.3 77.1 73.3 81.2 77.5 76.4 79.2 70.8 70.3
72.4 77.5 73.0 81.0 80.2 79.2 81.3 83.2 82.3 81.2 75.7 77.3 76.5 74.0 77.3 72.4 76.5 77.1 77.5 76.1 73.5 74.1 78.8 73.2 72.3 73.7 74.5 74.5 77.8 75.6 77.4 77.1 79.2 78.3 79.5 76.7 82.5 78.7 79.9 82.4 80.4 80.9 78.1 80.2 79.9 78.6 80.3 83.4 83.6 82.1 81.3 82.0 82.0 82.7 84.2 83.5 83.0 84.2 84.0 82.7 83.2 82.8 80.3 80.4 80.7 81.1 80.0 79.4 76.2 76.5 78.2 76.7 75.9 76.7 75.0 75.7 75.9 75.5 80.7 79.5 75.9 77.9 70.6 67.4
75.3 78.8 73.9 83.1 80.3 79.8 85.4 83.3 80.9 80.1 76.8 77.5 76.5 76.1 73.7 72.2 73.3 77.9 75.7 77.3 75.2 74.8 74.7 74.4 73.3 75.3 74.9 75.6 76.3 76.5 75.8 77.4 76.3 78.3 77.8 77.9 80.7 79.0 78.5 79.1 80.7 81.0 80.2 82.6 79.1 80.1 80.5 84.1 83.1 81.3 80.1 80.6 82.1 82.2 84.2 84.3 83.8 83.5 82.3 83.1 84.1 82.9 81.3 80.4 83.5 81.4 79.5 77.8 77.8 77.3 76.9 76.8 74.8 75.6 74.3 73.0 76.6 76.3 78.0 79.4 76.3 73.5 69.8 68.0
77.1 78.5 78.3 81.1 79.5 80.8 82.1 82.3 81.0 80.5 77.0 78.9 78.3 77.0 74.9 73.0 75.4 77.5 81.2 77.1 76.3 75.7 75.4 75.0 74.1 74.5 75.2 75.5 79.6 77.3 77.3 77.5 79.5 79.5 78.1 78.6 79.2 78.8 80.8 78.2 81.2 80.2 81.8 80.8 79.6 80.7 82.2 81.6 83.4 81.4 80.9 78.7 78.9 80.6 83.1 84.0 84.5 84.4 80.3 83.0 81.4 84.0 81.0 82.5 79.9 80.4 79.7 78.4 77.7 76.7 75.8 76.4 77.6 74.6 71.4 72.3 75.4 76.3 75.4 79.5 76.7 75.3 67.7 68.4
77.2 78.5 81.9 80.9 79.4 81.1 83.3 82.1 81.5 80.6 77.1 79.7 78.4 79.5 77.7 73.4 74.8 77.6 76.8 77.9 77.3 75.8 75.3 75.5 76.8 74.2 79.8 75.3 77.5 77.5 77.2 76.9 77.9 79.8 79.7 78.7 79.6 79.3 80.3 79.4 79.9 80.9 80.6 80.6 80.4 82.2 82.8 82.2 80.8 81.1 80.6 77.8 80.2 80.6 83.2 84.2 82.7 84.6 83.6 82.8 83.0 83.9 78.7 83.5 80.7 79.9 82.9 78.5 77.1 76.5 76.1 76.0 78.2 74.4 73.2 73.9 79.7 74.6 76.1 79.9 77.1 72.8 66.9 67.3
76.7 78.6 76.8 81.6 77.5 83.8 84.8 82.5 81.0 80.8 78.4 80.7 77.0 80.3 76.5 75.0 76.1 75.2 80.4 79.4 77.2 75.8 75.4 76.7 74.9 74.7 75.2 75.5 77.8 77.0 77.3 77.7 79.6 80.2 75.6 79.2 77.1 79.8 78.9 79.9 80.9 81.5 81.4 80.7 80.5 82.5 81.1 82.0 82.3 80.4 78.4 79.0 81.4 80.8 81.9 84.4 83.9 83.3 84.3 83.0 82.1 83.3 80.8 80.3 81.4 80.1 79.5 78.9 79.9 76.9 75.9 78.0 76.4 73.0 72.3 73.3 76.7 75.3 77.6 80.5 78.1 74.5 64.7 66.4
