surveys/_q20_1/matrix_q20_1s5.txt
north:            -537.50
south:           -1247.50
east:             2697.00
west:              -93.00
rows:                 144
cols:                 279
null:              -999.0
[rows 0 to 37 of 144, columns 0 to 83 of 279]
92.9 -999.0 -999.0 -999.0 -999.0 -999.0 -999.0 -999.0 -999.0 -999.0 -999.0 -999.0 -999.0 -999.0 -999.0 -999.0 -999.0 -999.0 -999.0 -999.0 -999.0 -999.0 -999.0 -999.0 -999.0 -999.0 -999.0 -999.0 -999.0 -999.0 110.4 -999.0 -999.0 110.3 111.7 -999.0 -999.0 -999.0 -999.0 -999.0 -999.0 -999.0 -999.0 108.6 108.7 109.2 107.0 103.4 112.0 118.2 112.7 112.4 115.2 115.9 110.3 109.7 107.0 111.7 114.2 115.8 117.2 107.9 108.5 111.8 104.1 105.7 113.0 111.9 112.9 113.8 112.1 111.7 108.3 105.8 103.6 100.6 93.1 93.0 96.1 97.2 95.3 95.0 102.7 103.1
92.9 -999.0 -999.0 -999.0 -999.0 -999.0 -999.0 -999.0 -999.0 -999.0 -999.0 -999.0 -999.0 -999.0 -999.0 -999.0 -999.0 -999.0 -999.0 -999.0 -999.0 -999.0 -999.0 -999.0 -999.0 -999.0 -999.0 -999.0 -999.0 -999.0 110.5 -999.0 -999.0 110.5 111.5 -999.0 -999.0 -999.0 -999.0 -999.0 -999.0 -999.0 -999.0 108.6 108.9 109.2 108.2 103.3 113.0 118.2 112.3 112.3 115.4 115.9 111.0 109.8 106.1 112.0 113.9 115.8 118.6 107.9 107.6 111.8 104.5 105.6 113.3 111.9 112.7 113.9 111.6 111.6 113.7 105.8 103.5 100.6 92.8 93.1 95.3 97.1 95.6 96.6 104.1 103.1
92.9 -999.0 -999.0 -999.0 -999.0 -999.0 -999.0 -999.0 -999.0 -999.0 -999.0 -999.0 -999.0 -999.0 -999.0 -999.0 -999.0 -999.0 -999.0 -999.0 -999.0 -999.0 -999.0 -999.0 -999.0 -999.0 -999.0 -999.0 -999.0 -999.0 109.8 -999.0 -999.0 110.5 112.3 -999.0 -999.0 -999.0 -999.0 -999.0 -999.0 -999.0 -999.0 111.5 110.7 110.4 109.4 109.2 114.6 118.2 116.1 115.0 116.3 117.2 112.7 111.1 109.5 112.0 115.0 116.3 118.3 110.7 111.1 112.8 107.6 109.3 114.8 113.6 114.2 114.2 112.8 111.7 111.0 107.5 104.1 100.8 101.8 97.0 101.6 101.5 95.8 100.0 103.5 104.3
92.9 -999.0 -999.0 -999.0 -999.0 -999.0 -999.0 -999.0 -999.0 -999.0 -999.0 -999.0 -999.0 -999.0 -999.0 -999.0 -999.0 -999.0 -999.0 -999.0 -999.0 -999.0 -999.0 -999.0 -999.0 -999.0 -999.0 -999.0 -999.0 -999.0 109.9 -999.0 -999.0 111.6 112.1 -999.0 -999.0 -999.0 -999.0 -999.0 -999.0 -999.0 -999.0 113.5 111.6 112.0 111.3 111.4 117.4 -999.0 116.7 116.3 116.9 118.0 117.4 115.1 113.4 113.9 116.3 115.4 116.7 112.9 111.3 113.7 109.5 110.2 116.1 113.8 115.0 113.9 112.8 111.6 112.6 109.5 106.0 102.2 97.0 99.0 98.3 100.6 101.9 102.9 104.7 104.4
-999.0 -999.0 -999.0 -999.0 -999.0 -999.0 -999.0 -999.0 -999.0 -999.0 -999.0 -999.0 -999.0 -999.0 -999.0 -999.0 -999.0 -999.0 -999.0 -999.0 -999.0 -999.0 -999.0 -999.0 -999.0 -999.0 -999.0 -999.0 -999.0 -999.0 109.8 -999.0 -999.0 111.7 112.3 -999.0 -999.0 -999.0 -999.0 -999.0 -999.0 -999.0 -999.0 113.6 111.4 114.6 118.4 112.0 118.0 -999.0 116.7 118.7 118.7 120.1 117.3 118.7 114.1 117.9 116.6 116.4 118.3 116.5 115.1 114.0 109.0 112.9 118.9 116.3 115.4 112.4 114.2 113.6 112.9 109.2 105.4 103.4 99.1 97.6 100.0 101.9 101.1 104.3 104.9 115.0
-999.0 -999.0 -999.0 -999.0 -999.0 -999.0 -999.0 -999.0 -999.0 -999.0 -999.0 -999.0 -999.0 -999.0 -999.0 -999.0 -999.0 -999.0 -999.0 -999.0 -999.0 -999.0 -999.0 -999.0 -999.0 -999.0 -999.0 -999.0 -999.0 -999.0 -999.0 -999.0 -999.0 -999.0 -999.0 -999.0 -999.0 -999.0 -999.0 -999.0 -999.0 -999.0 -999.0 -999.0 111.6 114.7 117.1 112.0 117.9 -999.0 116.7 118.8 119.3 120.3 120.8 120.1 120.0 120.3 120.6 117.1 118.1 119.0 119.9 116.5 117.2 114.0 122.7 117.0 114.9 112.9 115.8 113.0 120.1 114.6 107.5 107.0 111.9 99.7 104.6 103.9 103.9 108.7 105.3 122.6
71.1 59.1 38.2 -999.0 97.5 -999.0 -999.0 -999.0 -999.0 -999.0 -999.0 -999.0 -999.0 -999.0 -999.0 -999.0 -999.0 -999.0 -999.0 -999.0 -999.0 -999.0 -999.0 -999.0 -999.0 -999.0 -999.0 -999.0 -999.0 -999.0 -999.0 -999.0 -999.0 -999.0 -999.0 -999.0 -999.0 -999.0 -999.0 -999.0 -999.0 -999.0 -999.0 -999.0 -999.0 -999.0 118.4 -999.0 118.0 -999.0 116.7 -999.0 120.5 120.4 121.0 120.8 121.8 121.7 123.0 122.1 122.7 122.5 124.6 123.7 121.8 122.3 120.2 120.0 123.7 121.4 122.1 122.8 123.3 122.6 121.9 119.8 120.6 120.2 121.2 120.3 121.4 119.8 123.5 125.9
64.1 56.1 38.1 44.0 86.6 49.7 53.5 56.4 58.3 61.3 61.0 61.2 -999.0 62.3 64.2 63.8 67.4 69.9 71.4 75.8 74.5 76.5 76.0 85.9 76.7 86.1 77.8 83.4 79.8 104.4 87.6 -999.0 -999.0 -999.0 -999.0 -999.0 -999.0 -999.0 -999.0 -999.0 -999.0 -999.0 -999.0 -999.0 -999.0 -999.0 -999.0 -999.0 -999.0 -999.0 -999.0 -999.0 120.5 121.6 121.0 120.9 122.0 121.9 122.9 121.8 122.8 123.0 124.1 124.3 121.4 126.4 124.1 122.6 123.2 123.0 123.7 123.2 123.3 124.5 123.0 124.3 122.1 123.4 123.1 123.0 123.1 124.2 126.9 126.0
71.1 56.6 38.2 43.4 97.3 49.8 53.6 56.7 58.3 61.3 61.1 60.9 62.1 62.5 64.2 64.1 67.0 69.7 71.2 75.1 73.8 76.1 76.0 84.2 75.7 84.5 77.5 82.2 78.6 100.0 85.1 74.6 72.1 70.1 68.2 75.7 77.2 73.5 75.8 78.0 74.4 75.9 72.7 95.5 -999.0 86.8 78.9 111.1 91.4 118.6 -999.0 120.6 118.1 121.7 121.4 118.9 122.0 122.6 123.1 121.1 123.2 123.9 123.4 124.4 122.3 121.1 121.6 122.7 123.9 122.6 124.7 124.6 123.4 124.5 124.7 125.6 123.9 123.4 124.2 125.6 124.4 126.5 128.4 127.2
35.3 40.8 37.7 43.3 47.1 49.9 53.5 56.8 58.3 61.2 61.0 61.1 61.2 62.4 64.2 64.0 67.4 69.6 71.4 75.0 74.4 76.0 76.0 84.4 76.7 84.8 77.8 82.2 79.8 100.0 87.6 74.7 72.1 70.2 69.2 75.0 76.6 73.7 75.5 77.9 73.8 75.6 72.7 92.4 78.8 85.3 77.9 105.8 87.9 109.7 94.4 113.0 105.8 120.3 122.3 120.8 122.7 120.9 122.4 122.3 124.4 121.8 121.0 123.7 122.3 125.0 123.1 122.8 123.9 122.2 123.7 124.6 124.4 123.8 124.7 125.6 122.8 123.7 124.3 126.1 125.7 125.8 126.9 126.7
38.8 38.8 41.3 39.8 47.5 50.5 54.2 58.6 58.1 61.1 61.7 60.4 62.1 63.1 64.1 65.7 65.5 68.5 70.3 71.1 71.6 73.6 76.2 75.6 71.8 76.5 76.3 75.4 74.0 74.3 75.0 74.6 72.1 70.3 68.2 75.1 77.2 75.0 75.8 76.6 74.4 75.6 72.7 92.8 78.2 85.2 78.9 105.7 91.4 106.0 99.7 113.5 114.8 85.3 114.7 114.8 122.4 112.7 121.9 116.0 121.0 114.7 123.5 118.9 122.2 116.1 122.7 121.1 118.5 120.7 123.0 120.7 121.9 122.2 123.4 120.7 122.7 119.5 123.9 123.6 122.1 122.1 125.2 126.0
34.2 40.3 43.6 38.6 47.4 50.7 53.8 58.6 56.8 60.5 61.3 63.6 58.0 61.7 64.8 62.8 68.4 66.7 68.5 71.3 73.0 72.0 75.3 74.0 78.3 77.4 76.7 74.7 77.4 73.7 73.6 75.1 72.4 71.5 73.4 71.4 74.1 76.9 74.3 75.2 71.2 73.6 73.2 76.1 76.1 76.7 74.1 76.7 73.9 75.8 73.2 76.9 73.8 74.9 73.5 77.2 76.9 77.7 74.8 78.7 75.2 76.7 75.5 97.4 88.8 87.9 84.1 109.4 95.0 111.9 113.5 106.7 111.2 109.8 110.8 97.6 115.5 114.3 119.0 117.3 120.6 113.8 120.5 112.6
36.8 41.2 43.2 35.5 48.5 50.2 54.4 56.7 61.7 62.1 61.3 62.3 66.2 61.5 65.7 65.8 67.6 67.7 66.5 70.2 70.7 75.3 74.2 75.1 76.8 77.0 76.3 76.5 74.2 74.8 75.9 74.3 74.8 74.4 73.0 70.8 71.4 71.8 73.9 74.2 71.1 72.2 72.8 74.2 74.1 74.6 73.9 73.8 74.1 70.8 74.5 74.0 73.0 73.5 76.1 74.1 75.4 75.2 73.7 75.1 80.0 75.3 76.4 76.9 74.5 78.0 78.0 79.8 78.9 82.8 82.7 85.8 92.5 81.8 80.2 85.5 75.5 80.3 74.9 78.3 68.3 71.1 71.3 71.3
38.0 41.2 45.9 41.3 48.8 53.9 55.7 57.4 55.4 65.0 62.0 61.3 64.7 62.3 63.6 64.1 65.3 67.3 67.6 69.5 71.5 73.5 76.4 75.2 76.8 76.5 75.7 73.0 78.0 76.1 75.9 75.5 74.1 75.3 74.9 71.4 73.8 71.4 71.9 73.5 73.9 72.6 73.2 74.3 71.3 72.1 74.9 73.8 74.5 72.2 71.9 73.0 73.7 74.0 71.4 75.5 75.7 74.6 74.7 74.5 74.1 74.5 75.5 75.9 76.0 74.2 77.2 74.8 75.0 82.4 84.0 82.3 85.0 82.9 83.6 80.2 78.8 77.6 77.7 73.0 70.1 68.1 70.2 73.0
39.9 45.9 42.6 42.7 49.4 53.6 54.7 58.0 59.1 61.3 62.6 61.4 64.7 62.4 64.9 64.4 67.5 67.5 67.9 70.9 73.1 73.2 75.4 72.8 75.4 76.1 81.3 75.9 78.7 76.7 76.8 73.9 73.7 74.6 75.7 71.1 72.0 73.3 72.3 72.0 75.4 73.1 74.4 75.0 72.9 75.9 74.7 73.6 75.4 73.5 74.7 73.4 73.9 74.1 72.8 77.1 76.1 73.5 76.3 74.1 77.7 74.3 74.6 76.4 74.7 75.3 74.9 74.8 76.7 78.4 80.5 84.5 85.3 86.2 82.6 83.8 80.1 79.0 75.7 72.8 73.1 69.1 71.3 69.9
42.0 46.9 43.8 44.3 51.0 55.0 59.1 57.9 61.4 61.5 64.2 62.6 64.9 64.1 64.7 63.7 66.6 67.9 67.4 72.0 72.3 71.3 73.8 73.6 76.4 75.7 77.4 76.7 79.0 75.0 76.7 75.0 72.9 75.2 74.9 71.0 76.7 73.8 70.9 73.7 72.4 73.0 73.4 75.9 74.0 74.3 73.0 74.3 75.2 72.8 72.6 76.0 78.6 75.2 74.4 77.8 75.7 74.5 75.4 77.4 76.4 73.5 76.7 77.3 75.8 76.1 74.4 74.6 77.4 76.3 79.2 79.2 80.4 84.2 82.7 82.8 78.7 78.1 79.4 71.1 72.9 71.9 69.2 70.7
45.8 50.0 47.7 47.6 50.7 56.0 59.2 58.3 61.6 62.9 65.6 63.0 63.6 65.9 64.7 65.8 66.1 68.3 70.4 70.9 69.3 72.8 74.9 73.4 74.1 77.2 74.5 75.4 77.5 76.4 76.3 75.7 75.8 74.5 75.8 71.7 72.1 74.3 71.2 72.2 71.3 72.8 72.2 75.4 74.1 73.4 73.4 74.9 74.2 73.2 72.6 72.8 72.8 74.8 73.5 75.8 76.0 75.2 75.0 77.1 76.1 74.2 74.7 77.3 77.7 78.2 75.6 75.0 75.0 76.8 78.9 79.3 81.4 83.2 82.7 82.7 80.3 80.3 79.0 76.0 75.3 72.7 69.6 70.6
49.5 49.9 46.7 48.8 53.8 61.7 56.5 58.5 61.9 64.7 63.9 63.7 64.7 65.7 66.5 66.8 68.0 67.4 68.3 70.5 70.6 71.4 71.8 73.0 75.1 76.3 77.2 76.3 76.2 77.2 75.2 76.7 76.4 75.0 74.4 70.7 72.2 69.7 71.2 70.1 71.6 72.4 70.9 73.9 71.6 71.2 73.2 70.8 72.5 75.7 73.5 71.6 72.8 74.4 73.6 75.6 73.6 75.3 74.9 76.2 76.8 75.7 75.7 77.2 76.9 79.0 76.5 77.0 78.2 77.2 78.0 77.5 80.6 82.9 83.3 81.3 81.4 81.0 79.8 77.5 79.1 73.4 73.9 76.7
49.2 48.3 48.9 52.7 54.4 57.5 59.5 59.7 61.8 64.3 64.6 65.0 66.7 64.5 67.4 66.3 69.5 67.6 67.4 72.5 70.6 71.1 71.8 74.0 74.9 74.9 77.5 74.8 77.3 77.4 78.2 76.2 74.9 74.7 74.9 70.0 72.2 73.2 70.1 69.0 72.0 71.5 75.5 71.9 71.8 72.2 73.4 72.6 72.5 73.5 73.4 71.4 71.4 75.0 75.7 76.0 74.9 74.9 74.7 75.7 74.8 76.1 75.6 75.1 75.4 80.5 77.1 75.6 75.9 75.2 77.7 79.7 77.6 82.8 83.9 83.5 80.8 82.7 79.9 78.5 78.0 77.4 76.1 77.2
53.9 48.2 50.7 52.8 53.6 59.9 57.9 59.9 63.1 65.3 61.8 62.9 68.0 67.3 67.1 66.0 68.1 69.1 68.4 73.6 70.7 71.6 74.1 72.7 78.0 75.4 77.9 75.7 79.0 78.5 78.7 75.1 76.6 73.7 75.3 71.7 69.7 72.2 67.5 69.9 72.3 72.5 70.3 72.2 72.5 73.1 71.7 70.6 73.4 72.7 73.7 73.4 74.0 75.2 74.2 74.8 74.9 74.5 75.7 75.9 73.5 75.1 78.2 74.3 76.2 78.0 76.9 75.0 77.4 76.6 80.1 79.6 80.8 81.5 83.5 83.2 81.3 81.8 79.4 80.2 79.9 78.2 78.7 78.3
55.2 50.1 50.9 55.5 58.9 56.7 57.8 59.9 62.8 65.9 63.4 64.3 65.8 67.5 67.2 67.4 67.6 69.3 69.5 69.7 72.3 72.8 72.5 71.4 73.5 76.0 76.3 76.8 77.5 78.6 76.9 77.4 78.8 72.4 75.6 71.7 70.0 70.0 68.0 69.3 69.4 70.9 70.0 70.2 69.9 72.3 73.2 70.0 72.8 73.0 73.8 74.7 73.7 72.6 76.4 76.2 76.5 76.1 77.0 74.2 78.2 78.7 78.9 74.9 76.4 77.9 76.9 76.4 77.6 77.1 77.6 78.5 80.6 81.2 84.7 82.9 83.2 82.2 80.2 79.2 79.4 79.0 81.1 79.8
55.9 50.9 57.0 55.9 56.1 57.7 60.0 62.2 60.2 64.1 66.1 64.9 66.2 67.4 67.4 68.2 69.5 68.7 69.1 71.2 71.4 71.7 73.0 74.6 75.7 76.1 76.9 74.9 77.0 77.3 76.9 77.8 77.8 76.6 76.2 71.5 71.1 71.1 68.8 68.0 69.4 70.6 70.6 70.8 73.1 71.1 72.2 71.9 73.1 73.7 70.9 73.7 75.1 72.4 76.1 77.2 76.4 76.3 75.5 71.3 77.8 78.0 75.7 76.5 72.9 77.8 74.4 76.7 75.8 76.8 78.9 80.3 80.4 82.6 83.4 82.5 83.7 80.7 78.9 79.0 78.0 80.3 79.6 80.0
54.7 53.1 58.2 56.2 53.2 57.9 59.8 60.7 62.2 64.1 63.7 65.8 67.7 67.1 69.2 67.2 69.0 70.1 70.5 71.2 71.5 73.3 72.4 73.8 74.5 75.5 77.4 68.6 78.9 76.8 75.7 76.9 78.0 76.3 76.7 71.6 72.3 70.7 69.3 69.8 71.6 70.0 75.4 71.6 64.0 71.1 72.5 71.8 72.9 72.8 74.3 73.8 76.6 74.3 76.1 76.3 71.7 76.8 76.1 75.4 75.6 78.0 76.3 77.2 79.2 78.1 77.1 77.2 80.0 73.3 77.7 81.3 80.7 80.9 78.4 82.1 82.4 81.9 79.9 80.7 79.0 80.1 80.8 80.5
57.2 55.8 58.7 58.5 57.0 58.1 59.7 62.6 61.0 62.6 64.0 65.1 67.0 67.1 65.7 69.8 70.0 70.8 69.2 70.5 72.7 72.8 72.7 73.4 76.5 76.2 78.8 73.5 77.5 76.0 76.0 76.2 79.4 78.0 76.5 71.8 70.6 72.1 71.7 70.5 71.3 71.6 71.0 71.1 70.6 70.5 70.6 71.3 72.2 73.7 74.8 75.3 75.4 74.1 75.8 78.2 77.0 75.7 75.2 76.4 77.6 77.2 76.3 77.9 75.4 77.9 79.0 77.8 76.5 76.4 75.6 78.6 80.2 81.6 81.1 83.2 82.7 83.7 80.8 81.7 83.8 80.1 79.4 82.1
58.7 59.5 60.4 58.0 57.1 57.8 61.5 61.0 61.2 61.5 63.7 65.2 67.3 66.8 67.3 67.6 70.0 68.4 69.6 69.9 72.0 71.7 72.4 74.2 72.4 75.5 77.5 74.7 79.8 76.9 78.8 76.3 77.1 77.1 77.0 74.4 75.3 71.9 70.0 72.0 75.9 71.5 71.6 71.7 70.6 72.3 74.2 70.7 72.7 72.6 74.1 76.6 71.7 74.6 75.0 75.4 76.5 73.6 73.2 76.9 78.2 77.0 79.5 75.9 76.5 77.6 79.3 77.2 77.2 79.5 76.3 76.2 79.3 81.3 85.3 83.0 81.5 82.9 82.0 81.2 79.1 79.3 78.1 83.4
57.1 60.4 62.4 59.0 59.0 57.3 61.3 62.4 59.4 61.7 62.5 66.3 66.4 66.7 67.5 72.6 69.9 70.3 68.1 70.8 71.0 72.0 73.5 75.3 76.4 78.3 76.8 75.9 76.6 76.2 77.0 77.3 77.2 77.4 77.0 73.6 73.0 73.4 71.8 73.3 68.9 71.4 70.0 71.4 69.6 71.7 71.8 71.0 73.4 72.2 77.2 73.8 76.6 75.0 74.3 75.3 75.1 76.6 82.0 76.8 74.7 77.4 78.5 75.9 75.1 77.5 77.6 77.6 79.5 77.2 77.1 79.2 81.8 81.1 81.5 83.1 83.6 83.9 79.1 81.1 80.2 80.4 80.6 85.1
62.9 60.8 62.1 61.8 63.7 58.2 62.0 61.9 57.1 62.5 64.7 65.2 66.7 65.3 68.0 67.2 69.2 71.4 69.6 72.4 72.0 73.8 72.8 74.5 75.8 76.7 77.5 76.7 77.3 75.2 76.5 77.0 77.7 77.7 78.0 75.1 74.3 73.7 73.4 73.2 69.4 72.0 69.7 71.7 70.4 72.1 72.5 72.5 72.1 71.3 75.3 74.1 73.2 74.9 75.9 75.9 78.0 76.9 73.1 77.5 76.0 77.4 77.7 78.8 77.3 76.5 79.2 75.4 79.1 77.9 80.0 78.0 79.4 81.6 82.0 83.0 82.7 84.6 83.9 81.2 79.8 81.0 80.4 82.8
60.3 61.0 61.7 63.6 60.5 60.9 65.0 63.3 62.1 62.1 63.9 65.2 68.5 66.8 68.8 67.5 73.9 72.5 71.4 71.3 70.4 73.9 74.1 73.3 76.8 74.9 74.7 77.3 72.4 75.5 76.9 76.4 77.1 75.6 76.6 73.3 75.1 72.7 74.2 73.6 70.5 72.0 73.3 74.1 72.9 71.4 73.7 72.8 72.9 72.9 74.4 74.3 73.3 74.2 77.0 75.6 76.2 77.6 79.8 76.5 75.3 77.6 76.3 79.1 76.3 78.0 79.3 77.2 78.9 78.1 79.9 77.7 80.4 80.5 83.8 83.2 83.5 84.6 82.7 81.7 78.2 79.7 78.7 82.6
64.1 64.5 63.2 64.5 63.8 62.4 63.8 58.7 60.2 61.7 63.2 65.0 67.2 66.1 69.1 68.4 66.9 72.8 70.0 69.6 70.4 74.5 73.1 72.8 75.1 74.0 76.1 76.3 75.3 73.5 75.1 76.7 78.5 76.9 76.6 75.7 76.9 73.1 75.2 72.7 72.2 72.2 70.4 71.5 71.5 72.3 71.8 73.6 72.8 73.2 74.1 74.4 73.8 76.2 81.5 75.9 77.9 76.7 76.3 74.4 73.3 78.5 77.3 77.4 77.0 79.1 79.7 77.9 78.4 78.3 78.2 79.2 78.3 80.1 81.7 82.6 83.5 84.5 85.4 81.6 80.1 80.0 79.7 82.5
66.0 64.5 66.0 64.4 62.3 63.3 63.7 63.3 59.1 63.0 63.0 65.1 66.9 67.4 68.6 67.4 72.7 70.2 70.0 72.7 72.1 75.4 73.5 76.9 75.0 76.0 74.3 75.4 74.8 74.5 79.1 76.9 76.4 77.4 78.8 78.1 77.1 74.0 77.1 74.1 73.4 72.7 72.3 71.1 72.4 73.2 72.6 74.1 71.1 72.3 73.3 75.1 72.8 77.7 76.5 75.1 76.0 77.7 77.3 75.6 75.1 76.9 77.2 77.9 77.6 78.4 80.7 78.7 77.7 77.8 80.3 80.0 78.5 79.9 82.5 82.6 82.3 86.1 83.5 84.2 80.8 80.1 78.4 82.2
67.3 66.3 66.4 65.2 66.3 61.5 64.1 58.9 61.3 63.2 64.2 65.9 66.6 68.0 69.8 71.1 70.4 72.1 70.6 72.8 70.1 75.7 74.0 74.2 74.8 76.7 73.9 74.4 74.4 73.9 75.7 76.6 77.8 76.7 74.1 77.6 76.7 75.4 75.7 75.7 74.9 75.1 73.8 72.9 73.0 74.0 72.9 73.8 75.0 73.1 72.1 75.3 76.5 79.0 75.7 76.6 75.6 78.2 75.7 75.0 74.8 76.8 75.9 78.4 76.2 77.7 78.3 76.4 78.9 78.3 79.1 78.5 78.8 81.0 83.1 83.3 85.1 85.2 84.4 82.3 80.9 81.1 79.9 81.4
69.0 67.5 67.1 66.2 67.3 63.3 63.1 62.5 61.8 64.1 64.1 66.5 68.8 68.4 72.3 70.5 71.1 71.8 70.1 72.1 72.9 72.3 75.0 73.7 76.3 75.2 75.1 74.2 76.4 74.3 74.1 76.3 78.4 75.7 78.8 76.3 78.3 76.4 76.4 76.7 75.4 76.0 73.5 74.2 72.4 74.1 73.2 74.3 73.7 74.6 73.9 74.9 75.7 74.7 76.7 76.4 76.6 77.9 75.7 76.7 77.4 76.8 77.5 78.5 76.2 78.0 78.5 78.6 80.2 78.6 78.5 78.1 80.0 80.6 82.0 83.8 82.6 87.4 84.3 80.5 82.5 79.0 79.7 79.2
69.3 69.1 70.4 67.9 68.1 64.0 63.3 63.7 62.1 66.8 64.9 65.5 67.4 70.1 70.0 69.5 71.9 69.9 69.7 72.7 70.9 74.5 72.5 74.0 75.0 74.6 77.5 73.8 74.1 73.6 77.4 75.5 76.2 74.8 74.0 76.4 77.1 76.9 78.2 76.8 76.8 77.7 76.1 75.6 73.9 74.2 73.8 74.5 72.5 74.5 75.1 73.1 75.2 76.0 76.7 77.2 73.6 78.5 75.4 77.6 78.7 78.1 77.5 76.6 77.8 77.9 80.9 78.7 77.9 79.5 80.1 79.3 78.7 81.8 83.8 84.1 85.3 87.8 81.8 82.2 78.3 80.1 77.9 78.5
72.6 70.6 70.5 69.1 65.7 64.0 67.3 64.5 63.3 65.1 62.8 66.5 67.4 70.6 71.0 69.3 70.0 66.9 73.7 72.9 73.8 72.7 72.6 73.9 74.9 73.9 74.1 73.0 75.4 74.2 76.3 71.9 76.3 74.9 76.2 76.3 76.0 76.1 78.1 77.8 70.1 77.0 77.5 76.6 72.8 73.5 72.5 75.0 74.2 73.1 75.0 71.8 76.0 76.0 76.9 76.5 74.6 74.3 76.7 80.3 75.6 77.0 76.4 77.0 78.4 77.7 78.9 78.6 80.4 81.4 78.9 78.2 79.9 83.7 84.2 84.1 84.5 85.8 79.9 83.2 81.6 78.7 77.9 78.2
71.4 72.5 73.1 70.3 68.1 65.6 67.4 64.7 63.7 64.8 64.6 65.9 66.7 68.5 69.9 70.5 73.1 71.5 70.6 72.7 73.3 71.0 77.6 73.4 73.8 72.3 74.8 73.1 74.1 74.3 76.0 75.7 75.8 74.7 74.4 75.3 77.3 76.1 77.6 76.9 74.6 77.5 76.4 76.9 73.7 73.2 73.6 75.1 75.4 75.0 75.7 76.7 73.4 75.9 75.5 76.1 79.2 77.6 74.7 79.2 79.1 76.0 79.0 77.9 77.9 77.9 79.0 79.6 79.3 79.9 80.8 77.4 79.3 80.0 82.7 84.4 84.5 83.9 83.6 82.5 81.4 81.2 78.9 76.6
72.9 73.3 71.2 70.6 67.0 67.1 65.3 64.4 64.7 64.5 66.1 67.3 65.0 67.8 69.5 71.1 72.6 71.6 69.5 73.1 72.7 73.0 74.8 74.8 71.8 72.4 71.9 73.2 74.3 75.2 75.5 75.4 73.1 73.8 74.3 75.8 75.4 77.0 77.7 76.2 78.2 77.0 78.7 77.6 75.3 74.1 72.3 74.7 74.0 75.5 74.9 74.3 75.8 75.4 76.4 76.0 78.2 76.6 77.0 76.6 77.9 76.4 76.0 76.5 79.8 77.3 80.3 81.8 77.3 79.6 79.2 78.2 78.9 81.5 84.3 82.5 84.2 82.2 83.2 81.3 82.0 82.2 77.6 75.5
70.6 74.2 73.3 71.3 68.2 67.9 64.2 66.1 65.9 66.0 64.2 67.4 67.5 70.1 70.4 70.6 70.7 71.7 71.5 72.7 72.8 74.5 71.4 73.3 73.2 73.3 74.8 75.2 78.3 74.7 74.8 74.9 75.2 72.3 75.7 76.9 76.7 76.1 76.9 77.2 78.9 77.4 77.0 80.9 72.8 73.9 74.6 74.4 73.8 76.1 73.4 75.8 77.2 75.7 75.6 77.2 76.9 76.9 79.8 77.5 76.1 78.2 77.4 79.3 80.4 78.7 77.9 79.4 81.8 79.4 77.8 78.7 82.7 82.6 82.8 81.7 83.9 83.3 83.4 82.1 83.3 83.6 77.6 76.4
74.7 74.4 73.8 72.2 69.1 66.4 66.5 66.5 66.6 66.4 66.0 69.6 67.8 69.9 70.6 70.6 70.5 70.5 72.1 72.6 72.5 72.2 72.7 72.3 73.2 71.5 76.1 73.7 74.6 75.3 75.5 75.9 74.2 73.7 75.1 76.6 76.3 76.6 75.8 77.0 76.9 77.5 77.6 78.9 80.2 73.3 72.7 74.4 76.0 75.0 75.9 75.0 75.4 76.8 80.9 77.0 75.8 77.8 78.5 77.8 74.1 78.3 76.2 77.5 82.0 79.7 78.7 79.7 82.0 81.3 82.4 77.7 79.7 80.4 82.0 82.9 84.1 83.9 82.7 82.5 83.1 81.9 80.6 76.5
