surveys/_q20_1/matrix_q20_1s0.txt
north:            -537.50
south:           -1247.50
east:             2697.00
west:              -93.00
rows:                 144
cols:                 279
null:              -999.0
[rows 38 to 75 of 144, columns 84 to 167 of 279]
93.2 93.0 93.2 93.8 95.4 96.3 95.1 97.2 96.4 94.9 92.3 90.2 90.3 91.8 90.5 88.1 88.6 87.0 85.9 87.8 88.2 90.9 89.4 86.6 83.8 84.9 87.4 85.5 93.3 91.4 86.9 82.2 79.0 85.4 80.9 76.7 84.5 84.5 83.7 74.5 71.9 74.6 75.0 73.6 70.4 78.1 74.2 74.2 72.8 74.3 75.1 77.7 79.0 77.5 78.7 78.9 82.6 79.3 78.7 77.9 75.5 77.2 76.9 79.3 76.8 80.3 79.8 79.7 76.6 79.7 82.7 82.7 83.5 83.2 83.6 80.4 81.1 83.4 80.9 84.5 86.6 86.5 90.5 85.6
92.5 94.0 94.3 93.0 94.3 94.8 96.8 96.7 95.0 95.3 89.6 93.6 90.4 90.9 90.8 86.9 88.2 86.8 88.7 87.9 88.4 93.7 89.6 86.7 83.0 85.5 87.1 89.4 92.2 90.8 90.7 85.1 81.3 87.4 84.4 77.6 81.8 85.0 85.7 77.4 74.9 76.6 73.4 71.7 70.4 76.7 73.9 73.9 74.8 76.6 74.8 75.2 77.5 77.0 79.4 78.0 78.7 78.3 77.1 76.5 76.0 76.9 77.2 79.1 79.4 80.2 77.7 79.4 78.5 79.8 81.6 82.2 83.4 83.4 79.9 81.1 82.2 83.2 83.2 83.9 85.7 87.2 83.5 85.7
95.2 93.0 93.6 93.7 94.2 94.6 98.2 95.9 95.5 93.6 88.9 93.1 91.7 90.6 90.2 87.2 86.7 87.8 85.8 89.2 90.5 89.3 90.6 85.1 84.7 85.0 89.1 88.1 92.3 90.0 89.3 87.5 79.9 87.0 79.3 78.3 89.3 85.1 86.3 78.9 75.9 76.3 74.4 71.0 72.3 77.0 75.6 73.2 76.1 77.1 78.2 76.7 81.9 78.5 78.7 77.6 79.1 79.3 79.9 75.4 73.9 76.6 74.6 77.3 77.3 79.3 76.8 76.9 78.9 79.4 79.4 82.1 82.7 84.0 83.3 81.4 81.3 82.9 84.1 84.8 85.4 85.9 86.3 81.9
95.1 92.4 95.0 96.0 95.4 95.4 95.6 95.3 93.6 91.0 88.2 92.4 90.8 88.2 89.7 87.7 86.5 87.9 87.3 90.4 90.7 88.0 89.7 87.6 87.6 84.8 86.8 88.2 93.1 90.8 91.1 88.7 80.5 85.2 85.7 78.6 86.5 86.4 87.5 83.3 77.4 75.4 74.9 70.8 76.0 76.9 76.1 76.0 76.9 77.3 75.1 77.9 78.0 79.6 78.6 78.9 79.7 80.4 76.0 75.4 74.3 76.1 75.7 77.2 78.2 77.5 78.7 75.8 79.4 79.5 79.4 80.4 81.1 83.4 81.5 84.7 82.1 83.6 81.8 84.5 85.4 86.0 86.9 83.9
92.0 92.4 95.3 93.3 96.0 95.9 96.3 94.5 94.8 90.1 86.0 92.5 91.2 87.9 87.5 87.8 86.9 89.1 88.5 90.2 90.9 90.0 90.4 88.3 85.9 84.4 89.0 89.5 93.8 92.7 88.8 88.7 81.4 84.0 86.5 78.9 82.5 88.0 88.6 87.1 79.4 78.1 73.1 70.9 79.8 77.6 78.5 77.4 79.0 76.5 77.2 78.6 77.7 79.8 79.0 81.9 79.2 77.9 79.6 71.6 76.5 75.1 76.6 75.4 77.7 76.9 77.3 77.8 78.8 79.5 80.4 81.3 80.3 82.2 81.8 81.3 81.2 84.0 83.6 84.6 85.0 85.9 86.3 86.1
90.2 93.6 92.5 94.4 97.5 95.1 96.3 93.7 92.4 90.2 88.0 92.0 90.5 90.3 87.1 86.2 88.8 87.6 88.1 87.0 91.1 91.1 89.9 89.1 84.5 85.6 91.4 90.5 91.0 92.4 89.8 88.4 80.7 82.6 87.1 80.1 86.1 87.9 87.5 87.1 79.7 79.5 74.1 73.6 80.5 79.7 80.5 78.5 75.8 77.1 78.4 78.1 78.2 77.2 76.2 83.3 79.4 75.1 77.8 72.4 73.8 72.9 74.5 76.6 76.1 75.0 76.5 77.1 75.1 78.1 79.0 81.4 80.8 82.4 80.8 81.2 81.6 82.4 83.6 83.0 85.9 84.6 88.7 87.2
91.6 94.6 93.0 94.7 96.3 95.4 94.2 92.5 89.5 89.9 91.4 90.3 89.2 88.0 87.1 85.5 86.4 87.7 88.0 86.5 92.0 88.1 89.4 89.3 80.8 85.5 89.7 90.8 92.4 92.0 90.6 87.2 83.8 81.4 87.3 82.1 86.8 88.1 86.5 88.8 80.1 80.1 78.7 77.0 77.6 74.6 80.4 80.7 78.8 76.0 79.1 78.4 77.1 76.0 78.2 77.1 78.3 76.4 76.6 72.4 71.0 73.5 74.5 74.2 77.9 74.1 78.1 75.5 78.8 79.6 77.2 81.2 80.4 82.6 80.3 81.5 81.9 82.9 85.0 83.8 85.2 85.4 86.5 87.2
93.2 94.8 92.3 94.8 94.0 94.4 95.3 91.4 90.4 91.0 88.4 89.9 87.5 88.4 91.7 89.4 87.8 87.6 88.1 90.8 91.9 88.0 93.6 89.3 82.7 85.8 92.6 93.0 93.2 93.8 90.2 85.6 85.5 81.0 86.7 84.2 86.0 87.4 89.6 90.5 83.4 80.9 80.7 78.5 76.0 75.7 82.4 82.1 79.8 75.5 79.2 77.7 75.1 76.5 76.2 76.4 77.1 74.9 74.3 71.4 70.5 71.8 74.4 74.7 73.6 74.0 77.7 76.6 78.9 81.1 80.9 81.4 79.4 81.5 80.3 82.3 80.7 84.3 83.9 84.0 86.9 85.9 85.3 85.7
94.8 94.2 95.7 94.2 96.6 94.4 94.0 90.4 91.1 91.9 90.7 88.7 87.7 88.7 85.5 87.5 88.0 89.3 88.2 88.3 92.1 91.2 91.5 91.2 87.6 87.9 91.5 93.7 93.1 92.8 92.2 87.8 86.5 82.2 85.5 85.9 85.2 89.0 86.4 90.1 89.5 83.3 77.1 79.5 75.5 81.5 83.1 83.2 80.3 78.4 77.8 75.6 76.9 75.2 76.0 75.5 76.0 73.1 71.7 68.8 69.2 70.0 71.7 74.2 72.2 72.2 75.7 75.3 78.0 77.4 78.0 80.7 78.2 80.9 80.5 80.2 85.8 82.7 83.1 85.0 86.5 85.8 88.6 85.4
94.1 93.2 94.4 95.1 95.0 93.7 95.1 94.2 92.2 92.9 89.6 88.6 88.5 89.0 88.9 88.9 87.3 89.5 88.2 90.6 91.4 92.4 90.4 90.4 87.0 87.5 96.0 94.8 91.5 93.1 92.1 89.4 82.6 82.4 87.8 87.4 87.1 88.5 87.6 90.4 88.6 85.8 80.9 84.0 74.6 83.8 83.8 83.4 79.9 80.0 78.5 75.4 77.0 74.9 76.3 74.2 75.9 72.9 68.9 66.6 69.0 67.4 71.3 73.4 74.3 73.8 74.9 75.2 78.3 78.1 77.7 79.6 78.3 80.5 80.3 81.9 81.8 83.5 84.6 86.3 87.1 85.4 83.4 86.2
95.1 93.5 94.9 93.2 95.9 92.9 94.2 93.7 91.2 93.4 87.7 89.3 88.7 88.8 89.2 88.7 87.6 89.0 88.8 90.7 87.6 91.4 91.2 90.3 87.7 87.8 91.7 92.2 96.6 93.1 93.5 89.0 84.5 83.4 88.6 89.4 88.6 88.6 88.1 91.6 91.3 87.3 84.4 85.5 73.1 83.6 85.2 86.0 79.3 78.0 76.6 74.1 73.8 74.0 75.4 72.4 75.7 73.9 68.8 65.0 66.5 69.5 70.6 71.0 71.4 74.1 72.9 74.6 76.4 78.5 78.0 79.9 76.7 80.3 82.3 81.8 80.5 83.5 84.7 83.2 87.9 85.0 84.6 86.9
95.4 92.5 94.2 94.6 94.9 90.8 93.5 92.1 92.9 89.5 87.8 88.8 88.4 88.4 85.9 87.9 87.4 89.9 90.2 91.5 91.8 91.5 91.8 90.1 85.6 89.3 92.5 92.6 93.2 92.7 92.4 89.0 84.1 85.3 88.5 88.2 87.9 90.0 89.6 93.3 92.2 88.8 85.5 81.3 77.8 84.3 82.4 84.9 81.8 76.5 75.9 73.2 74.0 73.1 73.0 73.2 74.9 73.7 70.1 64.2 65.7 66.8 68.7 70.0 72.1 73.7 71.6 74.9 76.2 78.3 78.1 81.1 77.6 80.7 80.5 81.8 82.9 84.3 86.2 84.7 86.3 84.8 84.1 88.7
94.7 89.8 96.2 94.7 94.6 91.4 91.4 91.4 94.0 88.5 87.7 89.7 87.5 87.5 87.1 87.9 85.0 91.0 90.1 91.9 92.6 91.4 90.8 92.1 92.2 92.5 91.6 93.4 92.6 92.1 92.9 88.4 83.2 85.8 89.2 87.4 89.9 90.6 89.7 92.9 88.1 91.8 83.2 81.1 80.4 87.2 84.7 84.7 80.2 76.1 74.2 74.1 71.6 73.7 75.8 72.3 73.1 71.5 67.1 65.7 66.6 68.0 70.0 69.0 71.5 73.0 74.6 75.8 77.1 77.2 80.2 80.5 80.2 80.9 79.3 83.1 82.5 85.5 84.1 85.8 86.2 84.4 85.6 90.2
92.9 93.4 93.7 95.0 94.0 90.2 90.4 91.7 93.9 88.5 87.9 88.9 86.3 84.1 87.1 88.4 91.1 90.9 86.2 91.9 94.7 91.1 93.8 91.1 91.3 92.2 92.7 94.6 94.0 91.7 92.0 91.2 85.6 88.2 90.2 88.7 89.2 90.5 87.8 92.1 92.0 89.6 85.9 80.8 80.9 86.1 86.8 83.9 78.5 70.8 77.6 74.7 72.4 73.5 72.6 73.7 73.4 73.6 66.7 67.4 64.4 68.3 68.8 68.4 71.2 72.7 71.9 75.9 77.7 76.2 77.9 78.8 79.6 81.4 81.5 82.8 85.2 84.0 85.1 86.3 85.1 87.3 87.4 90.0
92.6 92.9 98.6 93.5 95.5 90.4 92.8 93.8 94.1 87.6 88.0 86.4 86.1 86.0 86.9 88.6 87.1 90.8 88.1 90.7 92.1 90.4 90.1 91.2 91.0 93.2 92.8 94.1 93.8 91.5 91.1 90.8 86.7 89.4 86.4 90.4 88.8 90.1 94.0 92.4 89.2 87.7 86.3 77.5 82.6 85.4 84.2 81.2 76.0 71.9 75.5 74.9 75.2 74.0 76.1 74.2 75.2 72.6 67.8 67.1 64.5 67.9 71.3 70.3 71.4 73.6 74.1 74.9 75.0 77.3 80.5 79.4 78.1 83.4 81.0 83.3 83.2 83.8 83.4 85.1 86.3 87.2 86.7 88.7
93.0 92.6 87.5 92.3 90.9 90.5 92.1 93.0 90.3 88.2 82.5 87.0 88.5 87.1 87.6 88.8 89.3 91.2 89.3 90.6 90.8 91.4 93.0 91.8 94.8 93.5 91.5 92.3 93.8 90.4 92.8 91.0 88.0 85.7 86.2 90.6 89.8 90.5 89.0 92.7 88.0 83.7 87.6 77.5 82.7 86.9 85.2 79.0 73.9 72.9 74.0 74.7 76.0 76.2 76.3 74.6 75.3 72.4 70.3 67.7 66.0 67.1 69.7 71.3 70.9 75.1 78.1 74.6 75.5 76.8 77.5 79.7 78.5 82.5 83.4 81.9 88.6 84.0 84.0 85.6 89.0 83.5 86.2 88.1
92.6 92.3 93.0 93.9 91.7 92.1 86.6 92.7 89.1 86.5 84.5 86.7 87.5 87.1 85.0 87.4 90.4 91.4 90.7 91.4 92.9 91.0 92.3 90.7 90.5 92.1 92.4 90.5 93.3 91.4 91.3 90.9 88.6 86.6 87.1 89.8 95.7 89.9 90.2 92.8 88.8 86.6 85.3 79.4 85.9 86.2 85.1 76.5 72.7 78.5 75.8 76.0 75.8 74.6 73.9 75.1 74.6 72.9 72.0 70.6 68.1 68.2 66.3 71.4 72.0 75.2 75.0 76.2 75.3 74.3 79.3 79.0 79.6 80.3 81.5 81.2 81.3 83.5 86.3 86.3 85.8 86.9 86.9 88.6
91.2 91.9 92.5 93.0 91.9 92.3 92.3 90.3 89.1 86.1 86.8 86.9 87.5 87.1 84.7 87.7 90.7 90.0 90.3 92.8 91.6 89.9 91.4 90.8 91.7 92.7 93.0 88.9 95.2 91.4 92.7 91.4 92.9 87.2 90.3 89.7 89.5 90.1 89.8 92.2 88.6 87.1 86.9 81.3 84.4 85.6 84.3 72.4 77.5 80.3 78.3 76.9 75.5 77.2 78.0 76.6 77.5 74.7 74.9 73.6 70.2 69.5 70.8 71.7 70.8 74.6 72.8 76.7 76.5 76.1 76.9 78.7 81.4 81.2 80.4 81.5 82.1 84.5 85.2 85.9 86.5 87.0 84.8 88.9
92.1 91.7 91.4 90.8 92.5 92.5 91.4 87.8 86.7 86.6 86.1 88.0 85.4 87.3 87.8 86.0 91.6 90.4 91.6 92.3 90.5 92.8 89.7 91.2 93.5 93.4 94.2 89.9 93.7 92.8 92.6 91.9 90.7 90.2 91.4 90.1 93.2 90.7 89.7 91.4 86.0 84.8 85.5 83.4 86.8 85.1 83.8 74.5 81.8 82.5 80.1 78.8 79.0 79.0 80.6 79.2 80.8 78.5 79.9 76.9 71.2 72.2 72.0 72.6 77.4 78.2 76.3 79.0 77.0 77.2 78.2 79.1 81.2 81.6 82.1 82.5 82.9 85.2 84.7 87.2 86.4 86.0 87.0 89.5
91.7 90.6 92.1 91.1 92.6 92.9 88.6 87.3 87.8 86.8 85.1 86.9 86.9 88.0 87.9 88.3 91.6 91.5 91.3 92.3 91.4 93.3 92.9 91.2 93.3 93.7 91.6 91.1 94.6 91.4 89.7 92.3 92.5 90.7 90.3 90.7 91.8 89.8 91.9 91.8 88.5 84.3 82.3 84.5 88.3 85.4 81.7 80.5 83.4 84.0 81.1 81.4 81.1 79.5 78.5 80.6 86.2 83.9 82.1 79.0 75.9 74.6 72.8 74.1 75.6 75.4 70.7 76.8 77.5 78.1 77.2 80.7 79.9 84.3 82.0 83.8 84.7 87.1 87.3 85.3 85.6 86.4 87.1 89.2
90.2 90.1 90.0 92.6 92.9 91.9 92.9 86.8 87.4 87.4 85.2 86.3 82.9 87.4 87.7 90.4 89.1 92.7 91.4 92.6 90.6 92.2 92.2 90.0 99.1 94.2 91.1 91.5 93.9 91.4 92.7 92.7 92.7 90.1 90.6 91.4 90.6 91.3 91.5 92.0 87.7 84.7 81.5 84.8 83.9 85.6 82.6 84.2 87.6 86.8 86.4 83.5 82.6 82.7 81.0 84.2 83.9 84.1 81.7 80.8 77.1 76.7 76.1 75.5 74.7 75.9 74.4 77.1 75.2 77.4 78.3 81.5 80.5 83.1 81.3 84.8 84.6 86.3 84.9 84.7 88.6 87.4 86.7 87.5
91.4 90.3 88.9 90.4 92.6 89.1 92.7 85.8 83.8 88.5 86.9 85.7 89.2 86.7 86.8 91.1 91.4 94.0 90.8 92.3 90.7 90.9 90.7 89.9 93.6 94.1 92.7 92.4 93.3 91.7 92.0 92.8 93.0 91.4 90.8 90.9 90.2 92.2 88.6 92.1 87.6 84.2 85.8 87.0 86.8 89.9 85.5 89.3 86.7 90.4 89.7 86.6 85.6 85.6 83.7 88.0 85.7 86.1 83.7 84.4 81.3 78.7 77.6 76.3 74.8 77.9 77.3 76.9 78.2 77.9 79.6 81.9 80.7 81.9 82.6 83.6 84.1 86.1 86.4 84.9 88.8 86.7 85.7 89.3
91.3 90.9 90.3 90.3 92.5 88.2 90.5 86.1 86.0 86.7 86.2 87.0 88.4 87.1 89.7 90.1 89.5 91.6 91.8 92.2 90.9 91.1 93.8 91.4 92.7 93.3 92.8 94.4 94.5 91.6 92.5 91.1 94.6 92.1 93.2 91.2 92.8 90.7 88.0 91.8 87.9 83.9 86.0 85.1 90.5 89.0 88.6 91.8 89.7 91.9 91.1 91.8 92.8 90.3 90.0 89.6 89.2 88.8 86.7 88.4 83.3 82.2 81.8 77.7 74.7 79.4 76.9 77.2 77.6 78.6 77.9 81.1 80.7 82.4 81.8 84.1 84.5 84.2 84.1 87.2 87.0 86.7 91.4 89.7
91.7 91.1 91.5 90.1 91.5 88.6 84.3 87.1 85.4 86.3 83.9 87.6 88.5 88.2 91.9 90.8 90.5 90.2 89.3 90.8 92.1 91.0 91.8 92.5 92.7 93.1 91.6 93.5 93.8 92.9 91.6 92.2 91.9 91.4 93.2 92.6 93.2 90.0 90.2 89.4 86.6 86.0 84.0 87.8 87.3 89.3 90.7 93.2 92.2 92.0 92.3 92.2 92.9 92.3 95.0 90.0 89.8 90.6 88.3 89.4 87.7 85.4 84.2 81.2 77.8 80.2 77.2 78.4 79.3 80.2 79.3 83.3 81.8 82.4 83.4 84.6 85.0 84.9 84.3 85.9 86.2 86.9 89.2 89.1
88.7 91.5 93.1 89.6 91.7 87.2 87.6 86.2 85.4 85.7 88.0 87.6 88.5 91.1 88.1 90.8 90.6 91.7 90.6 88.1 90.2 90.2 90.9 92.7 92.0 93.6 92.7 93.2 93.3 92.8 93.0 91.0 90.9 90.6 93.4 91.7 92.6 91.8 88.2 88.8 85.0 85.9 85.4 88.9 91.9 91.7 94.3 93.4 92.1 90.6 92.5 92.8 93.2 92.1 91.5 91.3 89.5 89.1 88.5 90.2 91.0 88.2 84.5 84.3 78.6 81.7 78.6 80.3 77.8 78.5 79.3 81.5 81.4 84.8 84.9 84.8 82.8 85.2 86.4 85.4 87.7 87.5 90.8 87.7
88.9 91.7 93.4 89.8 89.4 86.5 89.6 85.9 86.4 87.2 85.3 86.3 88.6 90.0 97.0 91.3 90.1 91.6 90.6 87.9 91.6 91.4 91.5 92.7 92.1 94.1 92.7 94.3 93.0 92.5 92.1 90.7 92.2 90.5 94.2 93.6 92.0 93.3 86.9 87.9 83.7 85.4 88.0 90.1 91.3 93.4 87.9 94.2 92.0 90.8 91.6 91.9 91.3 91.5 90.6 91.7 90.1 88.8 90.0 91.5 92.4 90.2 86.3 86.1 82.6 84.0 85.1 80.8 79.0 80.6 77.3 80.2 82.7 83.2 84.8 84.6 85.7 84.7 85.7 86.1 85.0 86.4 88.2 86.2
94.2 91.5 92.1 89.3 88.3 85.3 86.9 82.1 84.7 85.2 83.9 85.5 89.5 90.6 90.4 92.8 89.0 89.1 90.7 91.6 93.2 91.0 88.2 92.8 92.2 92.6 92.5 94.2 93.5 92.3 95.0 90.9 92.1 90.1 94.8 91.6 91.5 91.2 88.3 86.9 85.5 87.0 87.6 91.2 91.6 94.9 93.8 93.2 91.7 92.7 93.8 91.8 92.5 92.1 92.4 90.6 91.2 89.4 89.4 90.0 91.4 89.9 90.6 87.4 82.3 89.2 82.2 81.4 79.3 78.9 79.5 81.0 80.1 83.4 82.9 85.7 86.3 86.2 85.5 87.0 88.3 86.5 87.3 86.8
93.6 91.2 89.5 87.6 87.4 84.6 86.3 80.8 84.4 85.0 83.3 87.0 91.4 90.2 89.1 90.5 90.9 91.2 88.7 92.1 88.3 93.7 90.6 91.2 92.7 91.6 92.5 95.3 89.9 93.3 98.6 90.8 91.5 92.4 94.1 92.3 91.8 92.0 91.4 87.7 88.4 86.7 88.1 92.9 92.7 95.1 98.6 93.6 88.7 93.7 91.8 91.6 93.4 92.3 93.4 90.9 89.6 89.2 92.1 88.6 91.8 88.7 88.5 88.2 84.5 86.5 81.9 82.3 81.6 78.3 81.4 82.1 82.7 84.0 84.1 86.2 86.8 85.4 86.1 86.1 88.5 86.4 88.3 88.5
92.2 90.2 90.5 86.9 87.5 85.7 84.5 82.7 86.5 85.2 84.8 88.8 89.5 89.2 89.0 89.8 90.2 91.8 90.8 92.7 92.3 89.3 92.9 90.9 91.0 91.2 93.5 91.9 91.7 91.6 92.8 91.3 92.9 93.0 93.9 92.5 90.5 91.8 85.9 87.8 84.3 87.4 90.8 94.3 92.9 94.2 94.6 92.6 92.4 91.6 92.6 92.3 92.7 91.4 92.3 91.6 94.4 89.5 89.8 87.8 92.5 89.6 90.2 86.9 86.4 86.7 84.6 84.1 83.6 80.3 82.1 81.7 80.8 83.3 84.2 86.2 83.5 85.5 85.7 86.8 86.5 86.1 89.2 88.8
90.9 89.1 88.8 86.6 86.2 86.0 87.9 83.8 84.0 85.4 85.3 90.3 90.4 91.4 88.9 90.0 89.5 91.1 90.7 92.5 93.1 91.4 92.0 92.6 95.0 92.2 91.7 94.0 93.3 91.1 94.4 91.5 92.6 92.5 92.8 93.2 91.8 91.7 86.3 86.6 85.0 90.6 90.7 93.9 92.8 91.6 95.6 93.3 92.7 92.4 92.9 91.8 90.9 92.7 93.3 92.1 92.7 91.5 91.1 88.8 92.9 90.4 89.2 83.5 85.9 87.5 86.4 84.8 85.6 82.3 80.8 81.4 82.8 84.6 84.0 86.1 85.9 86.0 83.8 87.1 88.0 86.9 89.6 88.5
91.8 87.2 89.4 85.6 87.1 85.9 81.9 85.0 85.6 88.9 89.0 90.5 91.0 91.7 90.8 90.7 91.2 91.0 88.8 91.7 89.2 91.8 91.8 94.1 91.8 93.6 91.7 93.4 92.1 91.6 92.3 93.3 90.6 94.4 94.1 94.2 91.3 91.2 87.7 83.4 85.2 92.8 94.1 95.0 92.4 94.5 94.1 93.4 92.4 92.7 93.2 90.7 91.8 92.9 93.3 90.1 91.7 91.3 92.0 90.0 90.8 90.2 87.8 79.4 82.8 86.1 87.1 87.5 84.9 83.3 83.9 82.2 82.7 86.9 84.0 87.0 85.4 86.3 86.0 86.9 89.9 87.2 88.2 87.2
88.0 88.0 86.8 84.2 85.8 85.7 86.0 85.1 86.3 88.0 90.4 89.4 88.8 90.5 86.7 90.6 90.3 91.9 91.7 90.7 91.3 92.2 90.7 92.0 91.1 93.3 91.9 92.5 96.6 92.1 94.4 91.9 90.7 95.0 93.3 93.8 90.6 90.7 88.8 83.4 84.2 94.1 93.2 93.4 94.5 95.3 91.6 93.0 93.3 92.9 93.0 93.7 94.1 93.6 92.6 96.6 91.0 88.8 89.0 89.3 89.9 87.7 84.6 78.2 80.4 84.7 87.4 88.7 86.2 84.8 82.4 84.8 83.7 86.9 86.0 86.5 85.0 86.4 85.6 85.8 88.1 87.4 87.6 86.3
87.9 86.9 86.1 85.0 85.8 85.0 87.2 85.2 87.0 88.1 92.4 90.8 90.3 89.8 88.0 91.9 90.0 90.9 88.5 90.1 89.0 92.5 90.8 90.8 93.1 93.5 94.4 94.1 96.1 91.2 94.5 92.1 91.7 94.2 92.5 94.7 91.9 90.0 88.9 84.3 92.2 94.9 94.8 93.7 93.8 93.9 94.0 91.8 91.6 95.6 94.7 93.4 92.1 94.5 92.8 91.8 92.8 88.0 91.6 90.3 89.0 89.1 84.6 79.4 78.5 82.8 86.2 88.7 87.3 86.2 84.8 84.1 82.7 85.6 83.5 86.3 86.7 86.4 91.6 87.6 88.0 88.3 89.5 89.8
89.8 84.7 85.6 85.2 85.7 85.4 86.4 87.1 87.2 88.6 93.8 90.5 94.5 89.8 89.5 91.0 89.4 89.8 88.7 92.1 93.7 92.7 90.9 90.8 91.8 92.4 94.5 93.7 93.1 92.8 93.9 92.8 92.4 94.2 91.5 93.9 89.0 89.7 87.2 86.5 92.8 94.8 96.2 93.7 94.4 94.3 91.9 91.9 92.5 95.9 92.6 92.2 92.5 94.3 93.0 91.0 93.2 89.2 91.6 90.8 89.8 89.2 82.3 81.1 79.8 79.1 86.0 87.1 88.2 86.0 83.2 84.5 83.0 85.7 84.5 86.1 87.3 88.2 89.4 87.7 83.9 87.5 90.4 90.8
87.9 84.6 85.8 85.3 85.4 86.0 91.4 88.0 92.2 89.1 90.3 90.8 92.3 90.0 86.2 89.5 89.7 89.4 88.5 91.5 90.3 92.7 93.1 90.6 90.8 92.3 95.1 93.0 93.4 92.1 95.0 91.8 92.2 93.9 94.3 93.6 89.5 90.4 86.6 89.4 94.2 94.6 92.0 93.4 94.5 94.5 91.0 92.0 92.5 93.2 93.5 96.2 92.9 93.3 93.8 91.7 91.9 89.5 90.6 90.3 92.8 89.1 94.0 83.3 80.1 79.3 85.9 84.4 85.2 88.2 88.6 84.8 84.2 86.8 85.6 86.6 87.2 88.2 88.7 88.2 85.2 87.3 89.9 90.7
86.5 84.1 82.6 84.9 85.0 87.5 86.4 88.6 91.5 90.1 90.7 91.1 90.8 90.3 88.0 88.1 86.5 89.2 91.9 90.9 90.1 90.9 89.6 89.6 91.5 92.5 95.3 92.9 93.3 91.1 97.5 93.0 92.4 93.4 92.3 92.7 88.8 90.4 86.1 90.9 98.2 94.6 96.7 93.8 93.5 94.5 93.2 92.2 92.5 93.5 95.0 95.9 92.1 91.9 92.7 91.2 93.2 89.4 91.5 92.7 91.2 88.8 90.2 86.5 82.9 81.8 80.6 83.4 84.2 88.5 87.8 84.4 85.4 86.8 84.8 87.4 86.9 87.5 89.3 88.9 89.0 89.1 91.4 91.1
85.4 83.1 85.4 85.1 84.4 89.2 89.5 90.1 89.3 90.8 92.2 91.2 89.7 89.1 90.7 88.3 92.5 88.9 90.9 90.9 92.2 91.1 91.0 90.5 91.9 92.4 93.9 93.2 97.0 91.2 96.4 94.0 91.4 91.5 92.1 90.9 88.4 90.0 86.9 92.4 92.4 94.9 95.6 95.0 93.6 94.6 93.2 93.6 91.8 94.5 93.3 93.0 92.8 91.3 91.8 91.3 92.3 91.0 93.4 93.0 93.4 90.7 89.7 90.0 83.0 85.4 77.7 80.7 88.1 86.7 87.0 86.4 84.1 88.4 85.8 88.5 88.7 88.1 88.2 88.9 87.8 88.5 89.5 92.8
84.5 82.6 84.9 85.2 89.4 90.5 90.6 90.8 90.6 90.3 91.6 89.5 89.2 89.0 90.5 90.3 88.7 88.7 90.5 91.4 92.9 91.5 90.0 91.4 93.7 91.4 94.2 92.2 91.8 93.3 93.2 95.0 94.1 89.9 92.2 91.7 89.7 90.7 86.6 93.5 96.9 94.6 92.9 94.5 94.1 94.5 93.6 92.9 94.5 94.5 96.5 92.8 95.0 92.6 91.9 92.8 94.6 91.3 94.8 93.6 95.2 92.0 90.0 91.8 88.4 87.1 82.8 82.3 78.8 86.3 88.4 87.6 87.1 89.1 86.7 88.6 86.6 88.4 88.8 89.4 90.2 89.2 89.6 90.3
